2.552959644645098436e+01
2.434572191020958698e+01
2.417363335406718505e+01
2.506207315127542756e+01
2.422523537727819942e+01
2.510010948931837405e+01
2.306300697808066502e+01
2.306300697808066502e+01
2.427795866279779347e+01
2.306300697808066502e+01
2.288807372823994868e+01
2.552615636629064255e+01
2.222288024509919779e+01
2.222288024509971294e+01
2.222288024509919779e+01
2.222288024509919779e+01
2.555254948112042612e+01
2.288807372823994868e+01
2.288087328441982748e+01
2.357950918425115816e+01
2.552959644644376880e+01
2.456890072716606710e+01
2.456523628352649524e+01
2.472295044205747772e+01
2.288807372823994868e+01
2.296685308677482595e+01
2.352375447395229457e+01
2.555254948103813106e+01
2.222288024509919779e+01
2.222288024509919779e+01
2.222288024509919779e+01
2.222288024509971294e+01
2.555220042812293713e+01
2.461686975340578343e+01
2.352854038852032303e+01
2.461687020776938439e+01
2.548901199039779897e+01
2.353098530846367353e+01
2.467100874167925895e+01
2.497023599624658985e+01
2.416426981658503692e+01
2.416329826583750062e+01
2.378187300666554549e+01
2.512037698551223386e+01
2.296685308677482595e+01
2.444559423801507236e+01
2.456476661166716724e+01
2.510147327899137437e+01
2.439613487823304894e+01
2.352375447395229457e+01
2.288807372823994868e+01
2.466817272692064833e+01
2.296685308677482951e+01
