1.730000000000000000e+02
2.170000000000000000e+02
3.330000000000000000e+02
2.910000000000000000e+02
3.500000000000000000e+02
3.170000000000000000e+02
2.910000000000000000e+02
2.930000000000000000e+02
3.490000000000000000e+02
3.040000000000000000e+02
4.070000000000000000e+02
4.070000000000000000e+02
3.630000000000000000e+02
3.530000000000000000e+02
3.530000000000000000e+02
3.690000000000000000e+02
5.050000000000000000e+02
4.140000000000000000e+02
2.040000000000000000e+02
2.070000000000000000e+02
1.830000000000000000e+02
4.550000000000000000e+02
4.460000000000000000e+02
3.780000000000000000e+02
4.020000000000000000e+02
2.310000000000000000e+02
3.800000000000000000e+02
1.390000000000000000e+02
3.770000000000000000e+02
3.460000000000000000e+02
3.340000000000000000e+02
3.470000000000000000e+02
4.660000000000000000e+02
4.470000000000000000e+02
1.750000000000000000e+02
5.470000000000000000e+02
4.940000000000000000e+02
4.940000000000000000e+02
1.850000000000000000e+02
3.200000000000000000e+02
2.830000000000000000e+02
2.940000000000000000e+02
2.570000000000000000e+02
2.110000000000000000e+02
2.300000000000000000e+02
2.250000000000000000e+02
2.480000000000000000e+02
2.220000000000000000e+02
2.590000000000000000e+02
3.820000000000000000e+02
3.920000000000000000e+02
2.020000000000000000e+02
2.540000000000000000e+02
