1.735149155042502969e+02
2.146300531419886966e+02
3.258079920259166897e+02
2.892084154247207834e+02
3.544520100940349607e+02
3.204824332453071065e+02
2.950125828198275144e+02
2.840125828198275144e+02
3.371630200989387163e+02
3.010125828198275144e+02
3.998537332647709945e+02
3.994364758814871266e+02
3.654246483542004853e+02
3.654246483541962220e+02
3.654246483542004853e+02
3.654246483542004853e+02
5.101062090791507444e+02
4.118537332647709945e+02
2.118896366468862595e+02
2.001109163515053240e+02
1.794703252102387410e+02
4.564655066479451193e+02
4.367221144016060066e+02
3.906337797692307277e+02
4.058537332647709945e+02
2.335955784430603330e+02
3.874324652853643443e+02
1.290563275569049324e+02
3.454246483542004853e+02
3.454246483542004853e+02
3.454246483542004853e+02
3.514246483541962220e+02
4.570185671043109892e+02
4.558229580159879788e+02
1.781932705214153430e+02
5.404752367546525420e+02
5.016418065575028891e+02
4.975338578214767153e+02
1.921039973183666234e+02
3.325489395032996640e+02
2.734319953295225787e+02
2.894692236610098348e+02
2.643401613361203317e+02
2.223780457638164592e+02
2.395955784430603330e+02
2.368529280181707577e+02
2.467154524459128879e+02
2.145840827929066563e+02
2.476003646566548468e+02
3.874324652853643443e+02
3.948537332647709945e+02
2.076492464158480971e+02
2.285955784430603330e+02
