4.596853591371076391e+02
3.084723749648942430e+02
3.472617664008704992e+02
2.882449625988879802e+02
2.125385510947530747e+02
3.859344477789599637e+02
4.184764653636368053e+02
3.937652882932396210e+02
3.882436613959416150e+02
3.043686620767907129e+02
4.012202957103761491e+02
3.840856051007501151e+02
4.822926947474117583e+02
3.533982252864440738e+02
4.549953472577367393e+02
3.960938861060874387e+02
4.412900207140943962e+02
3.641206871236523170e+02
4.180122088977650492e+02
2.161356097573022907e+02
3.188317417589371985e+02
5.173429128601883349e+02
3.022695330089350136e+02
3.239104508954227413e+02
3.815733107448496639e+02
4.497772129044955136e+02
4.297673697077103725e+02
4.280448075055116988e+02
3.715666557756559882e+02
3.153742158830871745e+02
3.546879494880944321e+02
3.546879494880944321e+02
4.859295777778134493e+02
3.445736002535043667e+02
3.445736002535043667e+02
3.696105946698952494e+02
3.537999569656430481e+02
3.852914135102439559e+02
4.332652421926601392e+02
4.264198574857572339e+02
3.907729060733025221e+02
4.111761442811018128e+02
4.224697838166841279e+02
3.993111077193609049e+02
4.939005464788720019e+02
2.585931368087782403e+02
3.251083860565949522e+02
3.874303527315949509e+02
3.930696103934058669e+02
4.657572510777251864e+02
4.895770899765790318e+02
4.288086979023516392e+02
5.244431671896975331e+02
4.335228590203499834e+02
3.900896687983037623e+02
4.016046028776711410e+02
3.456831914170007281e+02
3.696105946698952494e+02
3.554654036534167858e+02
4.241436309521679391e+02
4.228110719810133560e+02
4.678384480703332429e+02
4.743398044799213267e+02
4.743398044799214972e+02
4.308713160471666015e+02
2.974054436957864027e+02
3.841328978749005501e+02
3.780518128495347128e+02
4.200188756289427374e+02
3.427328765269251676e+02
3.496193169796476354e+02
2.810509971866686101e+02
3.282565303061949180e+02
3.678989182235953308e+02
4.826494796776923977e+02
3.853507308311403108e+02
3.677153093372157286e+02
4.283921249415448074e+02
4.097057983189292258e+02
2.790230135692024191e+02
4.365783282677359125e+02
4.167009604697875602e+02
3.761429062899211999e+02
4.803444305413970596e+02
4.963591969006986346e+02
3.984888267825204480e+02
3.491836556715230131e+02
2.640005284429630024e+02
4.088846106404041620e+02
4.709450921951858504e+02
3.612812015859873327e+02
3.823737323996851387e+02
3.268903181361988004e+02
3.674116237831904641e+02
3.667337821531247641e+02
3.667337821531247641e+02
4.289509842869882732e+02
2.895880197096573170e+02
3.988956447251990767e+02
4.105724315064651364e+02
4.414277927557760108e+02
3.684735574780867751e+02
3.777920222403539583e+02
3.641206871236528855e+02
4.444776024904996348e+02
3.736741005946264522e+02
4.587430845656557494e+02
4.707881750530599447e+02
3.724141603540383016e+02
3.989349860075058132e+02
3.999546692510626258e+02
4.039839185845948464e+02
3.484339393095818309e+02
4.167939443523011960e+02
3.321973154901635326e+02
4.428780576017055637e+02
4.166430020194343911e+02
3.384985395226605078e+02
3.314785252898384442e+02
3.674116237831904641e+02
4.028623526524618228e+02
4.135359813396075879e+02
3.988956447251990767e+02
3.642893512283221753e+02
3.677160627437871199e+02
3.677160627437871199e+02
4.213867435028598720e+02
3.826967456023353407e+02
3.589359141693148558e+02
4.092556197188382043e+02
4.007218084418728949e+02
3.199966108744411031e+02
3.685770591336332700e+02
3.731101169000237974e+02
3.649117274920957925e+02
3.623907067049993884e+02
3.590280514640629690e+02
4.434079328796748882e+02
4.434079328796748882e+02
3.823416053899695726e+02
2.847406689664600776e+02
4.616930477648674014e+02
3.263704630109871800e+02
3.307837427110271165e+02
3.238490114823713384e+02
3.238490114823713384e+02
3.151588502072792153e+02
4.154789510453808248e+02
3.544427706835768390e+02
3.383277545376614626e+02
3.307837427110271165e+02
3.626562050638071355e+02
4.012710124120375781e+02
3.562032056299760825e+02
3.819789763492689758e+02
3.518001667370743348e+02
3.058582679931755592e+02
3.544427706835768390e+02
4.308523491922023254e+02
4.284507926665878017e+02
4.475006068786419178e+02
3.098069785823720963e+02
3.821657132598031126e+02
2.206754490926918777e+02
3.798968205059472893e+02
2.385359900160734412e+02
2.405029021585344537e+02
2.825740704601074071e+02
3.199475438835731325e+02
2.813811550739528684e+02
2.802671434991586352e+02
4.830049728364631960e+02
4.535527161882429823e+02
3.256784167002319919e+02
2.960557693202134146e+02
3.318601207344987643e+02
3.341607416609446091e+02
3.394443264755496443e+02
3.524790951980521072e+02
3.521050568664912817e+02
2.055981226420993266e+02
4.386555663364972588e+02
3.733118459298553375e+02
3.996756596475719334e+02
4.582670444676354577e+02
4.749619493787183160e+02
4.014440815844811823e+02
3.868945765068159517e+02
4.435668056969495296e+02
3.622666397574056418e+02
2.860652516410640942e+02
3.681328791378499545e+02
3.097174569885960409e+02
3.097174569885960409e+02
3.113599936843550040e+02
3.113599936843550040e+02
3.859286330586874101e+02
3.037516420037736111e+02
3.037516420037736111e+02
4.314786951657993654e+02
4.601611079059655935e+02
3.488065701049129643e+02
3.471452086738807452e+02
2.760398894275029988e+02
4.232713544510237966e+02
3.922897282077115051e+02
4.428743690076166217e+02
4.199811364245066443e+02
4.358460340835129045e+02
4.407450228066380760e+02
3.172978631937205591e+02
3.895776690008099195e+02
3.367660048466514127e+02
3.254846951289894150e+02
3.254846951289894150e+02
3.254846951289894150e+02
3.482384376596522770e+02
3.555981806316737561e+02
3.555981806316737561e+02
3.555981806316737561e+02
4.053417902449063490e+02
4.053417902449063490e+02
4.661054140203040674e+02
3.461210266888425053e+02
4.459268488317632091e+02
4.318293108120921033e+02
4.158562478958696147e+02
4.158562478958699558e+02
3.913950705818097617e+02
3.570242439460744208e+02
3.324955633920033620e+02
3.324955633920033620e+02
4.567942699889956657e+02
2.394967032469020580e+02
3.356907692804187491e+02
3.629676034842462400e+02
3.836683783241130072e+02
3.405673189011533282e+02
3.405673189011508271e+02
4.195465638025665385e+02
5.090252830797444403e+02
4.624397928286284127e+02
3.864382704455485964e+02
4.558249466410997002e+02
4.762661268907481258e+02
4.105551223309134912e+02
3.402350009897503469e+02
3.742734931114862889e+02
4.709409587905987564e+02
3.529257803862979586e+02
4.209878217075113866e+02
4.133791109473700089e+02
4.574384915161432446e+02
3.286835727070856592e+02
3.767231116844706662e+02
2.669423862012350810e+02
2.476990252459030728e+02
3.577541577519810403e+02
2.541740089908332720e+02
4.172990876132688527e+02
2.599576741634721202e+02
2.216879477735382977e+02
2.564592773889090154e+02
3.553505742601452653e+02
5.451112355334511221e+02
4.656826645047483453e+02
3.278439423326811948e+02
3.152937479807382601e+02
2.631633568019029212e+02
3.124887551164074466e+02
2.758819149715183130e+02
4.602685892251334963e+02
4.870229417986305407e+02
3.335241194077428304e+02
3.641176162211192491e+02
4.318180497807180700e+02
2.500379677278312442e+02
4.732860294464435356e+02
4.086243120981499715e+02
3.414427528690735016e+02
2.828665097511998283e+02
3.947985112755792443e+02
4.506765989728465343e+02
3.823159434625722497e+02
4.524562970627658842e+02
2.483927193083540033e+02
4.599283062573155689e+02
4.599283062573155689e+02
4.834659937612200906e+02
4.069446005388666663e+02
3.989723425158736632e+02
4.804837583921023452e+02
3.430499631284343991e+02
4.218338738310943654e+02
4.218338738310943654e+02
4.356827626680661751e+02
3.682516520134906273e+02
3.570706534958121097e+02
4.382183085330935910e+02
3.900348448305207398e+02
3.451022199671319868e+02
4.474609052281337540e+02
2.552343301344647557e+02
3.819484707811697604e+02
2.951250695869466654e+02
3.336468993728152554e+02
3.336468993728152554e+02
3.336468993728152554e+02
3.887959087182631492e+02
4.134529976677827676e+02
3.291601639622965649e+02
3.644778908366521932e+02
4.098624368891026393e+02
3.618435077876266632e+02
3.618435077876266632e+02
3.556567172042105653e+02
4.195934701966765488e+02
3.591207290275222590e+02
3.910498909520678126e+02
3.430824747498360239e+02
3.430824747498360239e+02
3.608151681921531804e+02
3.136547358822248270e+02
2.810593999347110525e+02
2.157934155974257067e+02
2.849395388328683225e+02
3.453534256239075262e+02
2.781613929840976880e+02
2.596198779204161156e+02
3.861199139093474173e+02
3.908145680268562501e+02
3.934484823083057563e+02
4.005689816236512115e+02
3.183198074931974020e+02
4.073356450660232895e+02
4.100094892800892694e+02
3.048090420472892106e+02
2.972712265380921508e+02
3.352257919014515437e+02
2.952501155805180701e+02
3.401673319447170343e+02
4.045881008035767081e+02
3.230121684208878605e+02
3.822454717721579982e+02
4.947090158542395670e+02
4.001537758581997082e+02
4.316095670920157090e+02
4.784277029435027089e+02
3.763699009499041495e+02
4.312332415359471725e+02
2.583515480556541206e+02
2.153733559605356618e+02
3.891886556097614971e+02
3.579505355907467106e+02
3.816263933941154960e+02
3.405226522638251936e+02
2.628874640734142076e+02
3.672822307551803647e+02
2.383682688249490695e+02
3.177460618688443788e+02
3.797234275514267097e+02
3.847148443187451221e+02
2.643662499174768072e+02
3.453534256239075262e+02
3.405299766440185749e+02
3.179563645325483776e+02
3.150171141789892886e+02
3.150171141789892886e+02
3.150171141789892886e+02
2.579133104729299930e+02
3.974836522745773664e+02
4.277043562771801817e+02
3.834969028566568454e+02
2.477716011880312408e+02
2.541935752489883669e+02
2.470506573168296995e+02
2.471176948650792440e+02
3.724438367819860787e+02
3.734801419053721929e+02
3.751297607348630549e+02
3.211217425341517355e+02
3.588066257653242133e+02
3.530045610979597086e+02
3.530045610979597086e+02
3.530045610979597086e+02
3.530045610979597086e+02
3.950817003967704863e+02
3.973778271429673623e+02
4.147092858205485868e+02
3.360890047340765250e+02
3.337297731585444467e+02
3.724140497998729984e+02
2.481069998833921204e+02
2.352337586735495165e+02
3.418557086630669346e+02
3.418557086630669346e+02
3.724438367819860787e+02
3.724155375275653910e+02
3.021673531839919633e+02
3.021673531839919633e+02
2.877273393401613930e+02
2.877273393401613930e+02
2.877273393401611656e+02
2.877273393401613930e+02
2.877273393401613930e+02
4.363867131671449897e+02
4.363867131671449897e+02
3.418557086630669346e+02
3.111002425562610370e+02
3.459802827297049248e+02
3.459802827297049248e+02
3.913955934502373566e+02
2.983062528109221034e+02
4.088470779830020092e+02
3.435032871971149575e+02
3.483479585510057746e+02
2.988249012554934438e+02
2.896327832882466851e+02
4.208198322676279304e+02
4.228245732505332626e+02
4.548845012994968329e+02
4.572858670915784387e+02
4.572858670915784387e+02
4.572858670915784387e+02
4.572858670915784387e+02
4.572858670915784387e+02
4.855737704942974915e+02
4.516352915808412263e+02
4.230547660161137173e+02
4.230547660161137173e+02
4.230547660161137173e+02
4.784470119857897998e+02
4.198481062422504806e+02
4.598953616033498975e+02
4.598953616033498975e+02
4.598953616033498975e+02
4.286934454323615569e+02
4.270643846551206479e+02
4.270643846551206479e+02
3.956478272245387302e+02
4.472759193785780667e+02
4.338957139071433176e+02
4.376483153942560307e+02
4.007204858237726626e+02
3.963520528050975145e+02
4.290387333050742882e+02
4.290387333050776988e+02
4.290387333050776988e+02
4.619301757354504616e+02
4.616016345791208551e+02
4.616016345791213098e+02
4.616016345791208551e+02
4.616016345791208551e+02
4.616016345791208551e+02
4.224026288138877021e+02
4.864905421801245780e+02
4.472759193785780667e+02
4.582863935748579252e+02
3.848117446841458218e+02
4.000351561131378162e+02
4.025017748010861851e+02
4.580954844600867091e+02
4.825637733684271780e+02
4.825637733684271780e+02
4.442111600497503900e+02
3.551768860016576355e+02
3.148572848326939493e+02
3.935921510842131283e+02
3.512988848585276287e+02
3.498212038655091192e+02
3.216919244093729731e+02
3.866922178101251006e+02
3.961703608685352265e+02
3.580846537374571881e+02
4.146382328833663564e+02
3.999546692510626258e+02
3.599975762180060315e+02
3.527294018942700404e+02
3.475451191292587509e+02
4.394258700513156555e+02
3.808463695125041113e+02
3.963567262238528883e+02
4.142604831488044965e+02
3.828046037648319952e+02
3.777920222403539583e+02
3.860408749215064859e+02
4.253822371034902403e+02
2.346081710745119153e+02
3.847624717977924433e+02
4.320401450852607468e+02
4.930168506326811553e+02
4.857823019717563966e+02
4.805733228258106919e+02
3.634872219513238747e+02
3.737344591345472509e+02
3.382194914913981734e+02
3.376619290577895640e+02
3.523289930891918971e+02
3.017401930323081842e+02
3.122631410152044396e+02
3.797420265901551488e+02
3.530698072380151302e+02
3.869826025415579238e+02
4.710138050362202193e+02
3.000581810514884751e+02
3.115977070250384031e+02
3.115977070250384031e+02
3.115977070250384031e+02
4.407687081452993993e+02
4.626740089575675370e+02
4.744363901419446279e+02
4.125443913763886030e+02
3.979024465035482763e+02
4.028419555851556311e+02
3.563216217680468958e+02
2.921526605761413293e+02
3.251668739332041582e+02
2.791963853236811701e+02
2.718843870304947359e+02
4.155545860469133572e+02
4.297502849073412108e+02
4.547587769122778809e+02
3.196849577345864759e+02
3.196849577345864759e+02
3.531333821105167772e+02
3.894962051601570465e+02
2.955348496383662678e+02
4.076104280090775092e+02
3.517834057983148455e+02
3.517834057983148455e+02
4.103216014536662328e+02
3.395162973909753532e+02
3.395162973909753532e+02
3.677323202197035243e+02
3.803678961390559152e+02
2.233109317679943899e+02
3.353014530936394522e+02
3.353014530936394522e+02
3.542405754189871345e+02
3.047067924323058037e+02
3.047067924323058037e+02
3.047067924323058037e+02
2.721643934128472893e+02
3.154631853897363385e+02
3.306926553778204152e+02
4.164064873039654913e+02
2.459547850084190941e+02
2.787440839867136901e+02
2.642458428643162165e+02
2.676189344398783305e+02
3.453406698718446819e+02
2.998992385898612838e+02
3.295158549783619151e+02
4.448646323094238824e+02
3.228895434286991417e+02
3.361582883457098774e+02
3.568795818528341215e+02
3.568795818528344057e+02
3.568795818528344057e+02
3.568795818528344057e+02
4.309124505479580876e+02
2.583832272034674133e+02
3.582782666861997996e+02
3.844794264473146086e+02
3.073243512854064647e+02
2.470506573168296995e+02
2.692269828426889831e+02
3.212624835365429021e+02
2.899589751990301920e+02
4.476984340077203797e+02
4.143080960695961039e+02
4.253563570492525514e+02
3.437055131763094096e+02
3.437055131763094096e+02
3.636791261381241043e+02
3.636791261381241043e+02
3.870579393646344784e+02
3.107569495027582889e+02
3.117252925448527776e+02
3.193684634069784920e+02
2.933319030997232630e+02
2.777205966452123675e+02
2.777205966452123675e+02
2.777205966452123675e+02
3.154102357719207248e+02
3.154102357719207248e+02
3.154102357719207248e+02
4.760753989189715867e+02
2.428498284962290654e+02
3.512279533552992348e+02
3.173216664498440309e+02
3.503492580159612544e+02
3.583521840485241228e+02
4.529111639582149564e+02
4.251834426268673042e+02
3.628660874910738698e+02
3.830316601070865090e+02
4.413341466964592996e+02
3.588864774666329822e+02
4.083897762919553429e+02
3.804712132489232772e+02
4.277357442341448177e+02
2.620235756351686405e+02
2.882170208269323552e+02
2.882170208269323552e+02
2.910927334345516897e+02
2.824853630706226113e+02
4.209948576349693212e+02
4.149171760517174334e+02
3.056726298416216423e+02
3.433546845516942199e+02
3.310556497610353972e+02
3.310556497610353972e+02
3.310556497610353972e+02
4.894140184161061597e+02
4.472090194284176619e+02
4.284008267242261923e+02
3.995475700459773520e+02
4.142809023603323340e+02
4.694923101016004807e+02
4.819752601600646926e+02
4.543687419060469210e+02
4.172697129918905148e+02
4.584103945104109812e+02
4.724683654029164472e+02
4.641702175952963216e+02
4.687082900842775643e+02
3.453798507786214032e+02
4.286285971393090790e+02
4.323359461581237042e+02
4.298416748530388531e+02
4.354818452913292504e+02
4.672918621910728234e+02
4.556286119505138004e+02
3.312675753694963419e+02
3.235289315206672995e+02
3.301249975067066202e+02
3.018125596132653072e+02
2.529163255750483472e+02
2.666085910697419195e+02
3.508796205204819216e+02
3.232385008582701857e+02
3.317704582824467252e+02
3.712136943330295935e+02
4.184129442326347430e+02
4.781896286965653644e+02
2.961473782894022975e+02
4.017020242608348326e+02
3.243639281931212395e+02
2.943498924708624145e+02
4.450296636055446697e+02
2.431077770143602663e+02
2.904031283071084317e+02
2.574026565231325776e+02
4.457504935128118291e+02
3.881863125139598196e+02
4.750372287702707581e+02
4.635899105768603476e+02
3.805277844620807173e+02
4.852168228739383835e+02
3.186737085604270305e+02
2.559681204383091426e+02
4.257085704210913946e+02
3.148636444881626062e+02
4.503140957048940436e+02
3.709571226823470056e+02
3.709571226823470056e+02
3.709571226823470056e+02
3.327957259661982334e+02
3.235348805102528331e+02
3.544659494959602739e+02
4.857330426764982008e+02
3.596663920957051346e+02
2.371527959442681492e+02
3.815889513626791540e+02
3.200430652276112369e+02
4.286221345966945933e+02
3.031805129957592726e+02
4.549206903500703447e+02
3.676623199342475345e+02
4.715120510134486267e+02
4.715120510134486267e+02
3.910488170371950218e+02
3.910488170371950218e+02
3.910488170371950218e+02
4.057273489917941447e+02
3.721389202236251776e+02
3.842724274327715079e+02
3.547926464321752746e+02
3.861767790873428794e+02
4.682502126249599428e+02
4.682502126249599428e+02
2.521294972195185835e+02
2.651470875799830083e+02
4.597494630540821277e+02
3.710937040931142974e+02
3.569085612546263064e+02
4.103470845219575267e+02
4.883444911435113909e+02
4.768083830331546551e+02
4.871038832972999444e+02
3.267041269882669781e+02
4.949177175031591673e+02
5.270698213136514596e+02
4.322815120299667342e+02
3.369634282038944662e+02
4.870545859005691227e+02
3.236481279501551285e+02
4.105724315064651364e+02
4.853754052993845107e+02
4.342198220995769020e+02
3.459756789449160124e+02
4.508382456208012741e+02
4.081768195718335051e+02
4.344157706803460428e+02
4.496970666981791283e+02
3.989980121350452009e+02
4.433948418904253685e+02
4.413439500986980875e+02
3.736364318235466158e+02
3.921433937758179695e+02
3.882268153903380039e+02
4.520852737538233441e+02
3.097137526571581247e+02
3.286611579032181680e+02
3.286611579032181680e+02
3.286611579032181680e+02
3.232375899202049254e+02
3.514419920661195533e+02
3.514419920661195533e+02
3.514419920661195533e+02
4.172031249073727963e+02
3.629019403779410027e+02
2.268323125786299954e+02
3.390945362156813303e+02
2.702366801692793388e+02
2.512154981724482070e+02
4.496970666981791283e+02
4.268688866932373003e+02
3.506372344121562037e+02
2.189352250343001174e+02
2.605351260904377568e+02
2.611849378470184320e+02
3.465497403773592850e+02
3.167461376526404138e+02
4.139429190134477494e+02
3.643639558309288304e+02
3.117134468216360119e+02
2.600790080333035235e+02
2.749633912349136722e+02
4.238474011961179713e+02
3.959135374210562759e+02
3.959135374210562759e+02
3.193156319785371124e+02
4.097459099110527063e+02
3.948852987963107353e+02
4.149531529859208376e+02
3.921741073679380634e+02
3.812521032370468106e+02
4.511918186122461520e+02
4.153736291543955303e+02
3.627009654855889380e+02
3.627009654855889380e+02
3.627009654855889380e+02
4.703358873827299362e+02
3.789356272751923598e+02
4.020816671120230694e+02
4.153659273512710115e+02
4.404934913978557915e+02
2.738577372096237923e+02
2.690855294970623959e+02
4.224386617829298416e+02
4.718749028023568144e+02
3.916455318559820284e+02
3.407116880090056839e+02
4.722920204347127537e+02
3.737863628688269273e+02
3.870493767060353321e+02
3.547846320689732806e+02
3.864782628555449264e+02
2.824201653563144419e+02
4.302317166164296509e+02
3.611510595182315342e+02
3.850575644606547598e+02
4.394781792937746445e+02
3.133235423153121246e+02
3.133235423153121246e+02
3.133235423153121246e+02
3.524631985649031094e+02
3.938870878693645636e+02
3.938870878693645636e+02
3.065235150424204562e+02
3.065235150424204562e+02
4.375840372907381379e+02
4.241172794633390026e+02
4.241172794633390026e+02
3.898618402914023591e+02
4.202577612838448999e+02
4.182454005410312448e+02
3.676886442696264226e+02
3.293748042002241050e+02
3.293748042002241050e+02
4.124261744485736472e+02
4.124261744485736472e+02
4.124261744485711461e+02
3.855973651649230192e+02
3.348699466773483664e+02
3.348699466773483664e+02
3.348699466773483664e+02
3.695655754779497215e+02
3.910579299608183419e+02
3.694942686736899873e+02
3.441698732795332489e+02
4.630187685515405747e+02
2.451562073787898441e+02
3.236848282146917768e+02
2.134593593565474805e+02
2.195775564288358908e+02
4.202912994782391252e+02
3.311631024789746789e+02
3.311631024789746789e+02
4.012509567027730668e+02
4.012509567027730668e+02
4.012509567027730668e+02
3.396353988286390972e+02
4.312973152428371009e+02
4.034830601046089100e+02
3.485199755114278446e+02
2.973835748959798480e+02
2.973835748959798480e+02
2.973835748959798480e+02
2.630826195726255605e+02
3.427328765269251676e+02
3.427328765269251676e+02
3.084723749648942430e+02
2.985700507143832851e+02
3.850103414165212143e+02
3.850103414165212143e+02
3.850103414165212143e+02
3.850103414165212143e+02
3.850103414165212143e+02
3.047067924323058037e+02
3.047067924323058037e+02
3.007385823219644863e+02
4.225828115894136090e+02
2.906756242961502608e+02
2.906756242961502608e+02
2.906756242961502608e+02
4.426756735307689041e+02
3.830058101382300606e+02
4.347109121613509615e+02
3.440118621302767679e+02
2.835441549333243074e+02
3.656992730389698636e+02
2.761723479555346330e+02
2.499341725599961137e+02
2.251152314663420668e+02
2.223865533089780513e+02
2.901524613892001980e+02
2.550407708682259340e+02
3.951391949988156398e+02
3.791076384702054725e+02
2.245779089930281032e+02
2.585245053355151867e+02
3.518901227476257532e+02
2.762565232075939434e+02
4.547326482558013367e+02
4.245240339626291188e+02
4.245240339626291188e+02
4.245240339626291188e+02
4.245240339626291188e+02
4.245240339626291188e+02
4.245240339626291188e+02
4.545222780819393620e+02
4.545222780819393620e+02
3.038411442245047738e+02
3.187686120954866738e+02
3.994636029565740500e+02
3.989723425158736632e+02
3.194987742600397951e+02
3.088324320055341445e+02
2.558637602057515323e+02
2.997154110784223349e+02
3.491051622170161295e+02
3.491051622170174369e+02
4.624486565398827906e+02
3.620948033632716374e+02
3.620948033632716374e+02
3.620948033632716374e+02
3.620948033632716374e+02
3.342989554561647196e+02
3.342989554561647196e+02
3.647393300436006029e+02
3.427607572149900079e+02
3.185842899021192807e+02
3.177460618688443788e+02
3.460355306719029613e+02
3.260556606731360034e+02
4.132029122246234465e+02
4.132029122246234465e+02
4.132029122246234465e+02
4.132029122246234465e+02
4.132029122246234465e+02
4.132029122246234465e+02
3.755281830208370479e+02
3.755281830208370479e+02
4.591383714449773947e+02
3.592656923785058325e+02
3.592656923785058325e+02
3.592656923785058325e+02
4.859534111148291231e+02
2.977866024772040419e+02
3.794684063166768055e+02
4.255991571691286026e+02
4.255991571691286026e+02
2.895757134841403513e+02
3.906144016963559125e+02
3.401146415503360458e+02
3.864865747313399993e+02
2.822194053690056421e+02
2.321060726094301288e+02
3.236848282146917768e+02
3.236848282146917768e+02
3.025520504704383598e+02
3.341089744455610457e+02
3.642893512283221753e+02
3.338009499576281200e+02
3.155228891618643274e+02
3.582373676638491702e+02
3.582373676638491702e+02
4.636216163130056884e+02
3.704085084210304899e+02
2.675672920708359470e+02
2.545456822230685248e+02
2.139316267886805747e+02
2.670463277794017358e+02
3.779302642037409328e+02
4.211863077032390947e+02
3.220628400686389341e+02
3.491051622170161295e+02
4.216386773303655104e+02
3.220628400686389341e+02
3.540439995680774814e+02
3.540439995680774814e+02
3.540439995680774814e+02
3.540439995680774814e+02
3.119937915641830841e+02
3.119937915641830841e+02
2.692365259822990993e+02
2.692365259822990993e+02
2.692365259822990993e+02
3.083463484615656967e+02
3.328173262482924883e+02
4.211863077032390947e+02
3.220628400686389341e+02
3.220628400686389341e+02
3.220628400686337613e+02
2.917616987890560267e+02
2.917616987890560267e+02
3.352583361143956040e+02
4.012209596912720144e+02
3.342989554561647196e+02
3.342989554561673344e+02
3.342989554561673344e+02
3.342989554561673344e+02
3.342989554561673344e+02
3.342989554561673344e+02
3.342989554561647196e+02
4.133327356343014571e+02
3.849335835921680200e+02
4.871634427579422209e+02
4.219291537297381751e+02
3.834767305858306941e+02
2.334240028028673919e+02
5.265787725335002278e+02
4.301773206465894646e+02
3.087292554370745279e+02
3.691420947062352411e+02
4.438503098530267152e+02
3.652974985794684244e+02
4.522856961641901989e+02
3.653842269466026096e+02
2.890832953989068415e+02
4.330728075931624517e+02
4.063732421922566687e+02
3.382714602832666060e+02
3.346041765522191440e+02
3.346041765522191440e+02
4.110293624033408264e+02
4.110293624033408264e+02
4.110293624033396327e+02
3.555617202955028233e+02
3.434197688487147389e+02
3.434197688487147389e+02
4.554344850234150499e+02
3.575916972956454742e+02
3.913898238209806664e+02
3.742734931114862889e+02
3.742734931114862889e+02
3.600615653462997443e+02
4.537058523966418306e+02
4.571300398934100713e+02
3.393246454768466833e+02
4.451145291392376180e+02
4.696649759945397591e+02
3.693134360813006083e+02
4.216289645750959494e+02
3.529463773725344709e+02
3.738368272700874400e+02
3.214787770397824715e+02
4.081044629805228396e+02
4.081044629805214754e+02
4.081044629805228396e+02
3.507408379185342255e+02
3.507408379185342255e+02
3.507408379185342255e+02
4.050783973113567527e+02
4.472792915700070466e+02
4.259556925607485027e+02
4.259556925607512881e+02
3.255576454185978719e+02
4.343925995540762983e+02
4.343925995540762983e+02
4.343925995540762983e+02
3.856978519951646263e+02
3.856978519951646263e+02
4.665333232547789066e+02
4.665333232547764624e+02
4.665333232547764624e+02
4.665333232547764624e+02
4.692492814604132718e+02
4.692492814604132718e+02
3.782368904930698363e+02
3.782368904930698363e+02
3.815379293128264635e+02
3.815379293128264635e+02
3.815379293128264635e+02
3.578210500938862424e+02
3.578210500938862424e+02
4.758832823850110572e+02
4.433556163912417105e+02
4.433556163912393799e+02
4.433556163912417105e+02
4.416337381741956278e+02
4.416337381741974468e+02
3.903026344144422524e+02
3.903026344144422524e+02
3.735718135590898328e+02
3.735718135590898328e+02
3.735718135590898328e+02
3.728528237645034551e+02
3.728528237645034551e+02
3.728528237645034551e+02
3.702455022362655654e+02
3.238913144156883277e+02
3.086350254705307634e+02
2.706803639361932028e+02
3.237475553577064602e+02
2.692435058437351358e+02
3.348973267711106701e+02
3.973414629323091845e+02
4.045180927459604732e+02
4.246845999986356901e+02
3.862333471850157594e+02
3.350275770398570785e+02
4.608223499900657885e+02
4.634106713064081191e+02
4.758832823850092382e+02
4.659268686676392690e+02
3.077331315474779103e+02
2.614604099715955954e+02
3.703409355746643996e+02
3.703409355746643996e+02
4.305051311730081807e+02
3.174350108068575196e+02
4.425146017367851528e+02
4.224651750226802278e+02
4.224651750226802278e+02
4.224651750226802278e+02
3.833284727955650055e+02
3.987009845394446188e+02
3.987009845394446188e+02
3.987009845394446188e+02
3.592656923785058325e+02
3.592656923785058325e+02
3.978245673822422077e+02
3.978245673822422077e+02
3.716715596934139398e+02
3.716715596934139398e+02
3.716715596934139398e+02
3.627300628070602215e+02
3.990087568798002167e+02
3.985562357312080621e+02
4.282282163242128377e+02
4.282282163242128377e+02
3.639434799727641234e+02
3.871250426250536520e+02
4.416337381741974468e+02
2.794679426645733997e+02
2.667699455029139131e+02
4.323161479866415107e+02
4.060262631270338716e+02
4.104582076413009304e+02
4.239578380789355947e+02
4.614484126724047997e+02
3.847172762797421797e+02
4.978939682315142932e+02
5.028534460547022604e+02
4.127411841407820248e+02
4.127411841407877660e+02
4.127411841407820248e+02
4.533019332003298700e+02
4.561638884859927430e+02
3.515823286919168140e+02
3.843020540401676044e+02
3.411133474232044591e+02
3.411133474232044591e+02
3.411133474232044591e+02
3.353957125586469488e+02
3.353957125586468919e+02
4.439766581608935212e+02
3.319530395400324210e+02
4.587279865504596614e+02
2.727318042476134110e+02
2.853538550826310711e+02
4.805496420929748638e+02
4.458762240289674992e+02
3.638519095192839927e+02
3.898781596231077060e+02
4.788765744851966701e+02
3.755825053821610595e+02
3.755825053821610595e+02
4.510091111061639140e+02
4.201413480070670516e+02
3.881089154015296003e+02
4.529304286640434611e+02
4.606019955542102480e+02
3.542482534246809678e+02
3.441212451671068493e+02
3.217545769316957376e+02
3.430019902995903749e+02
3.202807393129097022e+02
3.273833753614121065e+02
3.287102706293187566e+02
2.865607749651421727e+02
3.109720418190586315e+02
3.345452065693585268e+02
3.091031623491838900e+02
2.627321301650473515e+02
2.758556268880916491e+02
3.434555346824326989e+02
4.489842843424505077e+02
4.852168228739404299e+02
4.205551640567256868e+02
3.898918110553277074e+02
4.614584448202192561e+02
4.707476032573930524e+02
3.184315985721901825e+02
3.242132230180883425e+02
4.460105527911190961e+02
4.077172093388995222e+02
3.957686316833818978e+02
3.828710394218103374e+02
4.520893774734230419e+02
4.017254773475476100e+02
4.804095819837835393e+02
4.251848466038795209e+02
4.065659653709791428e+02
4.432583426452278559e+02
4.758326072368813584e+02
3.798806559647455856e+02
3.913399917943352762e+02
3.712343589982876892e+02
3.297747337245268113e+02
3.240866987526072194e+02
3.219670925718584158e+02
2.884923435815305766e+02
3.175014615261722497e+02
2.865784732577394038e+02
2.333736662553113490e+02
4.888750992715540633e+02
2.479748711678532231e+02
2.915674532842145936e+02
4.326493893662213850e+02
4.883381574349717766e+02
3.813820870644474326e+02
3.641206871236523170e+02
4.036975799767974422e+02
4.036975799767974422e+02
4.036975799767974422e+02
4.036975799767974422e+02
4.595444093517481292e+02
4.458807210384768496e+02
3.609057755799262281e+02
3.881323004828929584e+02
4.658897228177222587e+02
4.176423141960146950e+02
3.934145768741848883e+02
3.538132323157697101e+02
3.538132323157697101e+02
3.261165602581601206e+02
4.713410780647811293e+02
4.077172093388995222e+02
3.919852337474140427e+02
4.001137087074722558e+02
3.773640031705606930e+02
3.336106384058595609e+02
4.106971550146520258e+02
4.146497096848668775e+02
3.806667976139732446e+02
3.806667976139732446e+02
3.520714487353051823e+02
3.334471649176485357e+02
3.710787604560984505e+02
3.710787604560984505e+02
3.355095608371263438e+02
4.189084084049629837e+02
4.010297936760052835e+02
3.513740657459134695e+02
3.219945520723816799e+02
3.476239899456721218e+02
3.370038904058527010e+02
3.901200949114312380e+02
3.226672551613762039e+02
4.025479789271689697e+02
4.025479789271684012e+02
3.025063346177448693e+02
4.013208570768599088e+02
4.638418462882218591e+02
3.847669080373686938e+02
3.428930935695856306e+02
4.521536156440755008e+02
4.662604708288438360e+02
3.671623323972336834e+02
3.671623323972336834e+02
3.341445088090094941e+02
3.154631853897377027e+02
2.858915574126154411e+02
2.858915574126154411e+02
2.920864808319195163e+02
4.990135215415629091e+02
3.263381235879033966e+02
3.263381235879033966e+02
3.558538706634426489e+02
3.558538706634426489e+02
3.480456271370056243e+02
3.699700303027118480e+02
4.346048427428992227e+02
4.745062613363199944e+02
4.618469893406636402e+02
3.684735574780867751e+02
4.674385853559597308e+02
3.742734931114862889e+02
4.073742754062642462e+02
3.655372411710926031e+02
2.759893625854064680e+02
3.976604444519011849e+02
4.253757444266550465e+02
4.253757444266587981e+02
3.363283313331668296e+02
3.363283313331629074e+02
3.536090310111926556e+02
3.309007878075877329e+02
3.309007878075877329e+02
3.359819354677973706e+02
3.741793184757084987e+02
4.085653991179430591e+02
3.648341154310837169e+02
3.965890008128804993e+02
4.495959807292263690e+02
4.171262840023557601e+02
3.377591436931833186e+02
4.241832897427057105e+02
4.237567663055647245e+02
3.289277843288076610e+02
2.715417043927863006e+02
3.998446740609251719e+02
3.013286538546310567e+02
2.170663354554105240e+02
3.601703265177524713e+02
4.217967291415566251e+02
2.929038990338036683e+02
3.371959777485248537e+02
3.310985995152903456e+02
3.310985995152903456e+02
3.691092341421246488e+02
2.299330482663793305e+02
3.398860408199192307e+02
2.729765864476613046e+02
2.966263472861706418e+02
3.367839942235436297e+02
2.725687902118360171e+02
2.859835187959173481e+02
3.251083860565949522e+02
3.879174425144741463e+02
4.842876449610597547e+02
5.111935195612169309e+02
5.301448721026620206e+02
3.022360204935799288e+02
4.500247845505105602e+02
4.735861361580093103e+02
3.267041269882669781e+02
4.121406716540531079e+02
3.980607948737858237e+02
3.022360204935799288e+02
3.335146889799451060e+02
3.335146889799451060e+02
3.335146889799456176e+02
2.496407607516626115e+02
3.242711804192123282e+02
3.242711804192123282e+02
3.242711804192109071e+02
3.871067479853746818e+02
3.871067479853746818e+02
3.871067479853746818e+02
4.161448499674899040e+02
4.161448499674899040e+02
4.161448499674899040e+02
4.341270977493253440e+02
4.341270977493253440e+02
4.341270977493253440e+02
4.341270977493235250e+02
4.849034206588656843e+02
4.849034206588663665e+02
4.849034206588656843e+02
4.849034206588656843e+02
4.849034206588663665e+02
4.849034206588656843e+02
3.255626393642770608e+02
3.410439096512122319e+02
3.410439096512122319e+02
3.191294604870024045e+02
3.191294604870012677e+02
3.308323491472236242e+02
3.385045564240696763e+02
3.496763500112742236e+02
3.385045564240696763e+02
3.385045564240696763e+02
3.855029702278419563e+02
3.847763471478506290e+02
3.166387383404457978e+02
3.166387383404457978e+02
3.957470839734693300e+02
4.671339144566694017e+02
3.990442725664353247e+02
3.990442725664353247e+02
3.022360204935799288e+02
4.795394573411924171e+02
2.716796354441584640e+02
4.517270222091328833e+02
4.517270222091328833e+02
4.038939226335647277e+02
2.701065817942930494e+02
3.311442838482959132e+02
3.436792707379279932e+02
4.238527497638901309e+02
3.742734931114862889e+02
4.277000373315384536e+02
3.959135374210562759e+02
3.959135374210562759e+02
3.959135374210562759e+02
3.959135374210562759e+02
3.959135374210577538e+02
3.959135374210577538e+02
3.193156319785371124e+02
4.327612351778677180e+02
4.327612351778711854e+02
3.996684032862335698e+02
4.097459099110527063e+02
3.996684032862335698e+02
4.097459099110527063e+02
4.097459099110527063e+02
4.097459099110527063e+02
4.097459099110527063e+02
3.742734931114862889e+02
4.515029571248005595e+02
4.186243721465149292e+02
4.099818667528927563e+02
4.220721396297603860e+02
3.716050810261113497e+02
4.371050861700680343e+02
4.387751125223200006e+02
4.451287258599366510e+02
4.631916555163413136e+02
4.054710048226596086e+02
4.025077057495687995e+02
2.781655567389398129e+02
4.475006068786419178e+02
3.469770820769849138e+02
4.778967983914361071e+02
4.673512528959464589e+02
4.320751438790519501e+02
4.311527120276716687e+02
4.342912917336467444e+02
4.216289645750959494e+02
4.062380599654854905e+02
3.894987118463009210e+02
3.894987118463009210e+02
3.584393171902186168e+02
3.856660169140959624e+02
4.259135798328656506e+02
3.781324627685850146e+02
3.490755587775879576e+02
3.159590205183820899e+02
3.254954934369915236e+02
3.713754587398074136e+02
3.589903838177342550e+02
3.842473576672838931e+02
5.377357166292246120e+02
3.452303974359472249e+02
3.638770199665843847e+02
3.404902253112907715e+02
4.148741885630867614e+02
2.767979914074688281e+02
3.452303974359469976e+02
4.366069106854494635e+02
3.760833705989165878e+02
2.939443875117653988e+02
3.081061372593769647e+02
3.081061372593769647e+02
4.197472530077764077e+02
3.614676136098935899e+02
3.760501202784984116e+02
2.457325164568194680e+02
3.904374851276509162e+02
3.361511372709936154e+02
3.823586756922338736e+02
3.742673432882709790e+02
3.126498205579864589e+02
2.733502344217656628e+02
4.736314206392394226e+02
4.268605378879206000e+02
5.216983301176441046e+02
4.479978225258888642e+02
3.644229089241241013e+02
3.644229089241210886e+02
4.016837819163717427e+02
3.046538454392315316e+02
4.775985972734278562e+02
4.691531145807194889e+02
3.531607428912273576e+02
5.001951098072466380e+02
4.805645811099062712e+02
4.118953081340406470e+02
4.948500982365339382e+02
3.128853080247197340e+02
3.298088446031799208e+02
2.943871500143407616e+02
3.612524873104179619e+02
3.612524873104179619e+02
5.278320703781157590e+02
5.447430928315750407e+02
4.842548796231179722e+02
3.871238265434460573e+02
3.871238265434460573e+02
5.374018825855514478e+02
3.475538167495581092e+02
3.496380212622898966e+02
3.352753247283486076e+02
2.834266805189382126e+02
3.254647704061849822e+02
2.823254798689506515e+02
3.532225962820870109e+02
3.532225962820870109e+02
3.532225962820870109e+02
3.959299439240518268e+02
3.201333673654908125e+02
3.819130156861734804e+02
3.249341594415536747e+02
4.198724585675101935e+02
3.670223545699465717e+02
4.053152522021551931e+02
2.974968012824930383e+02
4.205558079237661673e+02
3.388408084434792045e+02
3.095644904237760784e+02
3.195009360573375830e+02
3.493210142058606493e+02
3.520771811429968352e+02
2.211997093781688193e+02
2.648295628725693405e+02
3.011246369613559750e+02
3.011246369613527918e+02
3.011246369613559750e+02
2.988892842591121166e+02
2.988892842591154704e+02
3.993999808579336559e+02
4.088846106404041620e+02
2.585640107707612856e+02
3.379272146985683776e+02
3.783911352371647467e+02
4.831620942177182201e+02
3.590174563271561965e+02
3.698800147489893106e+02
4.128087955391982291e+02
1.984677183269931220e+02
3.312418047250077962e+02
3.312418047250077962e+02
3.619441547464361406e+02
3.053504671425125707e+02
3.629444340531192097e+02
2.806535961106602031e+02
4.763687002575705947e+02
4.766593720998320691e+02
4.503585408202103508e+02
4.974435514591110632e+02
4.915569053193792115e+02
4.750003499307661059e+02
4.681891550141759240e+02
4.802370261894586747e+02
4.541695629854527283e+02
4.870435679071234176e+02
3.003464518815756037e+02
3.559457004936954263e+02
4.375006199780344787e+02
4.497288472306209428e+02
2.533359724576976646e+02
4.774320669504932084e+02
3.758920472293675630e+02
4.844250233177323253e+02
4.036988836696801854e+02
4.778001333495865310e+02
4.183932682662926368e+02
4.741424858426553328e+02
3.659077258630533152e+02
4.394267347015485257e+02
3.868372396797071247e+02
3.039994594656628806e+02
4.964925540660127581e+02
3.276153521337575967e+02
4.868878086141216386e+02
3.594734937943654245e+02
4.696357891964341320e+02
4.493435258860868657e+02
3.035559432009154079e+02
3.432965560414361335e+02
3.432965560414329502e+02
4.281830597273030889e+02
3.313486320185278373e+02
