1.165132785593136759e+02
1.135054127120319691e+02
1.135158826788343163e+02
1.138904004000601873e+02
1.172854770968530005e+02
1.134880446436389860e+02
1.136152248638060911e+02
1.137880929237892502e+02
1.135125142598759993e+02
1.135472593074352119e+02
1.135892999929596243e+02
1.135804238265420167e+02
1.160803382148361891e+02
1.139840361630350287e+02
1.142324326266240035e+02
1.139472284476758261e+02
1.159048607106539208e+02
1.135079175250759107e+02
1.136910482883411646e+02
1.155025761594960017e+02
1.148462423018169574e+02
1.168832408274525250e+02
1.135238656871446921e+02
1.135694683374087504e+02
1.143070237530339170e+02
1.141470450997216659e+02
1.138999360343135834e+02
1.135719492407824021e+02
1.134994078229055532e+02
1.134769672053586049e+02
1.134950001163624620e+02
1.134950001163624620e+02
1.155329017979903199e+02
1.134900837326383964e+02
1.134900837326383964e+02
1.136317133710852545e+02
1.136824988089760069e+02
1.138665400586561418e+02
1.137650940287381758e+02
1.136184001860272446e+02
1.138347068209188961e+02
1.135992532594089113e+02
1.137660764188061364e+02
1.135538008974489088e+02
1.157246452305320901e+02
1.141819264537120233e+02
1.135540725194314291e+02
1.134760512497849305e+02
1.134988511690353477e+02
1.145281752831799764e+02
1.143346065897234780e+02
1.136843106075131402e+02
1.156283421899500752e+02
1.140050369620888517e+02
1.134753821404462997e+02
1.135503210336897979e+02
1.135564296188805855e+02
1.136317133710852545e+02
1.134852004262580607e+02
1.136141873536506068e+02
1.135652750920003484e+02
1.141877498565306297e+02
1.139851050547284643e+02
1.139851050547284643e+02
1.137422893957671448e+02
1.135553949240278655e+02
1.136093350378443745e+02
1.134568354290932461e+02
1.137202916021155090e+02
1.134488352671419022e+02
1.135116690889151698e+02
1.138622643284325591e+02
1.135211633452313436e+02
1.134679005062972266e+02
1.140248289285209893e+02
1.136347479431865821e+02
1.148465453840505575e+02
1.138136692840980828e+02
1.138051545331027086e+02
1.136444983756268101e+02
1.136169584594877051e+02
1.141913040480384751e+02
1.136234852418363346e+02
1.139983453809312977e+02
1.142999013215983268e+02
1.140814399303649651e+02
1.136230747400792751e+02
1.143964760102953591e+02
1.147099913366380832e+02
1.143616077133598168e+02
1.153862180178300605e+02
1.137608501967199288e+02
1.134717829109732179e+02
1.134505319568695398e+02
1.135733627054035111e+02
1.135733627054035111e+02
1.136051557189537107e+02
1.136127653053576694e+02
1.135799004979871114e+02
1.136121552479777819e+02
1.138495195398356827e+02
1.134591807495750402e+02
1.136775367058241102e+02
1.135079175250759107e+02
1.136548366587849728e+02
1.134650168970949551e+02
1.138371054711645343e+02
1.140269008423847339e+02
1.134640379720257641e+02
1.136246991652094636e+02
1.138878183596856530e+02
1.146730843537440308e+02
1.135407057731383276e+02
1.137572536117359903e+02
1.140378565733471135e+02
1.144109197460669236e+02
1.146074348394578948e+02
1.135312306408511631e+02
1.135272068963537322e+02
1.134505319568695398e+02
1.148120168141741004e+02
1.146182377507402208e+02
1.135799004979871114e+02
1.136633967105609884e+02
1.134548666637321048e+02
1.134548666637321048e+02
1.140953489892199997e+02
1.154524608938914128e+02
1.136016863694975711e+02
1.139488547176066930e+02
1.137391049882071172e+02
1.146810547808653382e+02
1.151756414098025374e+02
1.141807503068312712e+02
1.144822230085237607e+02
1.134480738182865025e+02
1.135771431167303405e+02
1.145796744539449179e+02
1.145796744539449179e+02
1.153489729008691569e+02
1.137375474448870420e+02
1.145249793535460867e+02
1.135763908883257614e+02
1.138004438624338235e+02
1.137068568346816733e+02
1.137068568346816733e+02
1.143445016243322101e+02
1.139605991786266230e+02
1.136768068029230108e+02
1.136030186332573635e+02
1.138004438624338235e+02
1.137033187473731886e+02
1.137677746164491879e+02
1.136233176952026867e+02
1.136194658763116507e+02
1.135506958325466940e+02
1.136679395564348738e+02
1.136768068029230108e+02
1.139440968057151622e+02
1.138979892459327488e+02
1.141142519834051114e+02
1.136940165414256398e+02
1.139967960843839450e+02
1.146408583875723082e+02
1.137559583774047240e+02
1.140235093950655880e+02
1.139932718384111183e+02
1.136015229891978890e+02
1.134938085919084330e+02
1.136105923744700164e+02
1.142391820703584244e+02
1.152151146139902664e+02
1.142094004726241110e+02
1.138155475520296989e+02
1.135813818865865699e+02
1.134851592084115026e+02
1.134859801553907914e+02
1.135009666685112677e+02
1.136342119271552917e+02
1.134732502986959020e+02
1.160510800338362003e+02
1.146365962841720858e+02
1.136909544105669454e+02
1.138630481414714524e+02
1.139236950910200221e+02
1.154633948029582626e+02
1.169560787159955453e+02
1.146285100505680958e+02
1.257737466622340889e+02
1.137731585434249268e+02
1.136285146130611139e+02
1.136623583051301836e+02
1.134895848361514652e+02
1.134895848361514652e+02
1.135555628439207680e+02
1.135555628439207680e+02
1.134668699140173089e+02
1.135380454560390859e+02
1.135380454560390859e+02
1.136990158273578828e+02
1.137891685965002608e+02
1.134505761784444644e+02
1.135743105265114536e+02
1.152271797217235161e+02
1.145785519501934999e+02
1.141222993826749672e+02
1.140347369431709410e+02
1.137379471902256540e+02
1.141267270348324132e+02
1.138968274900474000e+02
1.134943433819683491e+02
1.146487592622787020e+02
1.134676180489223043e+02
1.134620995856172954e+02
1.134620995856172954e+02
1.134620995856172954e+02
1.134928750010323881e+02
1.134860000692706876e+02
1.134860000692706876e+02
1.134860000692706876e+02
1.135481336322784074e+02
1.135481336322784074e+02
1.145542697823322698e+02
1.134577526115683241e+02
1.138259358819286433e+02
1.137929122873716068e+02
1.135837674746082655e+02
1.135837674746082655e+02
1.134794131012886140e+02
1.138281911042118821e+02
1.135247461135992637e+02
1.135247461135992637e+02
1.142624758124454871e+02
1.140489071212138441e+02
1.139954591102585795e+02
1.134698623824995991e+02
1.149003003932372309e+02
1.134780527179244558e+02
1.134780527179246405e+02
1.141034820022724716e+02
1.150132698913226506e+02
1.143720165901168855e+02
1.143920011719112750e+02
1.180304667790504141e+02
1.252944818398240585e+02
1.139153826309370459e+02
1.149463448196679138e+02
1.134766134760826617e+02
1.148247877090079498e+02
1.193480252602578986e+02
1.138708256888670434e+02
1.136582566988268752e+02
1.185509707899974217e+02
1.134576370298998711e+02
1.134913951598989144e+02
1.157408128147150421e+02
1.154561007355750064e+02
1.139612036466601666e+02
1.147224349171629001e+02
1.135293887313701191e+02
1.146839903293015936e+02
1.147207207285687502e+02
1.157297078151530201e+02
1.134590893943588554e+02
1.189341049318788635e+02
1.145511521530598884e+02
1.134909550524970854e+02
1.135729375382049540e+02
1.137209718662504514e+02
1.138018614982994450e+02
1.137470385307275222e+02
1.143590318208212011e+02
1.285451054914613849e+02
1.137893910527496359e+02
1.215406143015865581e+02
1.139430303341495545e+02
1.138620124253693149e+02
1.263561985008735178e+02
1.135202299296833957e+02
1.135081878928400840e+02
1.140829802238551167e+02
1.230797327896420938e+02
1.138845918346662813e+02
1.145616149990620016e+02
1.141902604603609177e+02
1.153039561041633618e+02
1.143343886417191584e+02
1.143343886417191584e+02
1.141524148519328037e+02
1.137086681958472099e+02
1.136526287571060578e+02
1.149306788172610112e+02
1.137495970093776663e+02
1.144072645139696078e+02
1.144072645139696078e+02
1.142816524075812907e+02
1.139221909252383114e+02
1.141401469398047794e+02
1.193513750128941524e+02
1.141843416540150713e+02
1.141468740599973728e+02
1.152783129346764781e+02
1.144073601647713190e+02
1.140594585587883074e+02
1.135536027853816279e+02
1.134873649241097127e+02
1.134873649241097127e+02
1.134873649241097127e+02
1.135274919725655565e+02
1.140116945862719433e+02
1.135568370991009601e+02
1.134640811324976113e+02
1.137311478548210459e+02
1.135587690638223819e+02
1.135587690638223819e+02
1.134465974669622454e+02
1.135656592334009076e+02
1.135916885045398459e+02
1.136368302618612489e+02
1.134586231502408253e+02
1.134586231502408253e+02
1.137878677414141038e+02
1.135313342142297870e+02
1.137359359425054777e+02
1.149225432513374159e+02
1.146867720219556190e+02
1.134764410460935977e+02
1.141240286777404123e+02
1.137557584850347752e+02
1.140757430889562727e+02
1.138814962961667163e+02
1.137873743431395326e+02
1.135794296962431673e+02
1.135261737214240156e+02
1.135420717720747206e+02
1.135433481819995620e+02
1.135048230876455619e+02
1.135447001436906191e+02
1.134743546168344182e+02
1.147895450179027961e+02
1.134508439541302778e+02
1.135156005395665488e+02
1.135599978818294744e+02
1.134736735516546702e+02
1.145358495024753722e+02
1.137731576446980455e+02
1.135905751384798634e+02
1.158319628353709732e+02
1.166901574760254761e+02
1.179539286452389888e+02
1.159086923724946558e+02
1.161926842316986637e+02
1.140628108393583062e+02
1.136839812448627072e+02
1.141398762425250197e+02
1.134543611033815580e+02
1.137472575589978874e+02
1.135230466749679579e+02
1.140526211615111407e+02
1.135807664054305661e+02
1.134773684223745818e+02
1.140801824004489049e+02
1.144999443179714831e+02
1.134764410460935977e+02
1.134474260126668241e+02
1.137036089142627731e+02
1.134809604220326804e+02
1.134809604220326804e+02
1.134809604220326804e+02
1.140616817621367858e+02
1.134933408876533036e+02
1.135672512708115107e+02
1.135473179211189461e+02
1.139881700349266964e+02
1.139211605564855745e+02
1.138889002269259549e+02
1.142222237200530373e+02
1.137513574352810082e+02
1.134540236830507638e+02
1.134979184737969717e+02
1.136173768855656192e+02
1.134706732150349211e+02
1.134477057749721638e+02
1.134477057749721638e+02
1.134477057749721638e+02
1.134477057749721638e+02
1.140905135751096680e+02
1.135136824478567377e+02
1.137510825523916367e+02
1.134854414089652153e+02
1.134953204496254386e+02
1.135409828612629326e+02
1.139792135861652582e+02
1.140993840550553955e+02
1.135298205472816448e+02
1.135298205472816448e+02
1.137513574352810082e+02
1.135005442729158460e+02
1.135094152890822556e+02
1.135094152890822556e+02
1.135671209358595917e+02
1.135671209358595917e+02
1.135671209358595917e+02
1.135671209358595917e+02
1.135671209358595917e+02
1.136888945760474599e+02
1.136888945760474599e+02
1.135298205472816448e+02
1.136068276637395513e+02
1.134572167621886649e+02
1.134572167621886649e+02
1.134788634201892421e+02
1.189096197603816449e+02
1.136424165031384774e+02
1.135045285654865523e+02
1.140196214536850619e+02
1.136795157853263021e+02
1.136741794678931115e+02
1.153731218503667151e+02
1.145703114712249970e+02
1.149354835260434982e+02
1.139447870914785028e+02
1.139447870914785028e+02
1.139447870914785028e+02
1.139447870914785028e+02
1.139447870914785028e+02
1.159869731330303324e+02
1.141617687243909955e+02
1.135918470871958874e+02
1.135918470871958874e+02
1.135918470871958874e+02
1.155879759770361801e+02
1.138895381926895709e+02
1.143935549381696859e+02
1.143935549381696859e+02
1.143935549381696859e+02
1.139269646026211262e+02
1.140021568927600555e+02
1.140021568927600555e+02
1.134774823176822593e+02
1.142315789512395128e+02
1.141966752541617467e+02
1.143779288026885155e+02
1.135666215858972663e+02
1.136902582965572890e+02
1.138667216006072493e+02
1.138667216006071925e+02
1.138667216006071925e+02
1.144137664410898338e+02
1.140475601760010846e+02
1.140475601760010846e+02
1.140475601760010846e+02
1.140475601760010846e+02
1.140475601760010846e+02
1.138590441091398731e+02
1.153873404413599815e+02
1.142315789512395128e+02
1.142118056204980974e+02
1.134790434977628166e+02
1.135032352720415929e+02
1.135083102371320365e+02
1.138344534783983306e+02
1.150662522283685547e+02
1.150662522283685547e+02
1.141034895991099347e+02
1.245082973714423247e+02
1.157150014633764386e+02
1.140350964940476644e+02
1.140666258837771778e+02
1.137427050077894251e+02
1.135933687184524103e+02
1.140182692441695309e+02
1.148428188425802148e+02
1.138884472856444745e+02
1.139193505183185522e+02
1.138878183596856530e+02
1.136831530355314044e+02
1.135355642139193151e+02
1.135482527161111221e+02
1.140580533080844816e+02
1.137435218918213451e+02
1.140842568174216183e+02
1.138084356364754512e+02
1.136901477328273415e+02
1.136775367058241102e+02
1.136879192379623191e+02
1.141057553998230816e+02
1.144690663672976711e+02
1.135539364192479610e+02
1.135859271377639459e+02
1.189171726700115812e+02
1.161084113929154569e+02
1.150273024882355060e+02
1.179895076507314968e+02
1.138338997242368862e+02
1.165811216596113127e+02
1.137443891096307169e+02
1.136287458020526202e+02
1.142834824815478072e+02
1.140233930769059043e+02
1.139356758198810837e+02
1.143365841590259464e+02
1.144748165046868706e+02
1.319254371835828010e+02
1.136143478062508905e+02
1.136710795482074303e+02
1.136710795482074303e+02
1.136710795482074303e+02
1.137538599035441820e+02
1.303489908782956093e+02
1.376605486803802876e+02
1.423898629916357095e+02
1.179157558039055971e+02
1.147356417602650964e+02
1.136386352418240762e+02
1.145362704914330720e+02
1.134658457495348642e+02
1.144910296499406428e+02
1.142589803540144260e+02
1.164337524273140048e+02
1.138234433945993089e+02
1.142499142485697377e+02
1.134709917636923393e+02
1.134709917636923393e+02
1.134702458729613141e+02
1.134695078140008775e+02
1.135357758913248603e+02
1.135931431842294330e+02
1.134760266092195451e+02
1.134760266092195451e+02
1.138197102446969069e+02
1.135494467573494290e+02
1.135494467573494290e+02
1.136472368966787911e+02
1.135255888321097899e+02
1.157867777104227542e+02
1.134946843718529692e+02
1.134946843718529692e+02
1.134564138928456174e+02
1.135015476177533458e+02
1.135015476177533458e+02
1.135015476177533458e+02
1.137400103034075585e+02
1.135159133918538146e+02
1.135013550127412998e+02
1.135265285481444550e+02
1.140361555630151287e+02
1.139976555486878738e+02
1.137177489884662407e+02
1.137358067650480109e+02
1.147293669085463108e+02
1.139844171647046522e+02
1.139119947928716812e+02
1.140663509770744355e+02
1.139114021850770513e+02
1.134669766751449771e+02
1.134736027783464891e+02
1.134736027783464181e+02
1.134736027783464181e+02
1.134736027783464181e+02
1.255506353197133507e+02
1.155013879429493500e+02
1.138155179740799525e+02
1.135131525538138391e+02
1.135397398301359573e+02
1.138889002269259549e+02
1.143427190957198860e+02
1.134661302198048389e+02
1.136393597659398438e+02
1.141181495507583747e+02
1.135273212278404600e+02
1.135606813548579197e+02
1.134496251927568693e+02
1.134496251927568693e+02
1.135726250874725594e+02
1.135726250874725594e+02
1.134654028898394529e+02
1.136595140911693989e+02
1.136687670286903966e+02
1.137372219159593101e+02
1.137494825102006075e+02
1.136158075564789840e+02
1.136158075564789840e+02
1.136158075564789840e+02
1.135247980852973626e+02
1.135247980852973626e+02
1.135247980852973626e+02
1.139621815765385122e+02
1.139525057653094393e+02
1.134484439345040983e+02
1.137100721165777912e+02
1.135027379976077810e+02
1.134731939832795149e+02
1.137580590400814771e+02
1.147116724626918085e+02
1.147528000833030575e+02
1.152568154541304182e+02
1.162649634879421114e+02
1.172478629648613691e+02
1.150867079847758987e+02
1.135298065313465088e+02
1.137385190597135534e+02
1.138100974391103932e+02
1.135609711039505214e+02
1.135609711039505214e+02
1.136267038972442265e+02
1.136183456454660217e+02
1.146487942751959963e+02
1.136336657607507021e+02
1.134999683138367743e+02
1.134552744732981466e+02
1.134528795154969742e+02
1.134528795154969742e+02
1.134528795154969742e+02
1.141532139633674916e+02
1.142002566084485409e+02
1.140459368940151137e+02
1.147448187730439884e+02
1.139575924074137987e+02
1.138624435161772936e+02
1.163864854403906008e+02
1.333200955312871940e+02
1.138020703359127879e+02
1.233399360905470701e+02
1.181278157081042224e+02
1.142290547808315750e+02
1.138629853699575278e+02
1.156194759497054321e+02
1.138425423643517718e+02
1.136925050520036109e+02
1.138410147677100355e+02
1.141501503408220515e+02
1.145507306918295285e+02
1.324816474534213455e+02
1.148739846265868181e+02
1.152374671142740823e+02
1.134568406963514065e+02
1.135106017766489259e+02
1.140103846032124721e+02
1.137688905430042041e+02
1.142925352916808208e+02
1.149968695108777155e+02
1.146323805115822410e+02
1.136767805494537242e+02
1.135513243804438588e+02
1.222418798929222845e+02
1.135290254577010529e+02
1.134898482200712522e+02
1.134845034972320263e+02
1.135444204826512618e+02
1.137446198106791400e+02
1.140528945717792055e+02
1.135604689613561646e+02
1.137997761774575736e+02
1.139202033519041208e+02
1.134810103994146147e+02
1.146681529661166223e+02
1.138668972088826195e+02
1.147363408743099171e+02
1.142464943577549406e+02
1.140260219498876637e+02
1.143560109985819082e+02
1.135691199366802380e+02
1.134797405098574359e+02
1.136982153901432184e+02
1.135117175900456346e+02
1.135117175900456346e+02
1.135117175900456346e+02
1.135539805713128061e+02
1.134669361945112627e+02
1.170004423324781868e+02
1.176752250743654002e+02
1.140160855573896725e+02
1.151280537343555892e+02
1.134843886520585983e+02
1.134726139356779129e+02
1.135743531327487830e+02
1.135597307331405545e+02
1.138153170611815028e+02
1.138688196345602250e+02
1.143531109477178518e+02
1.143531109477178518e+02
1.134711101916668099e+02
1.134711101916668099e+02
1.134711101916668099e+02
1.137560698406637698e+02
1.136742294725347620e+02
1.135279509307124215e+02
1.137206238508682077e+02
1.157725734815878411e+02
1.138642045296386272e+02
1.138642045296386272e+02
1.139178482164631561e+02
1.139053702424431691e+02
1.140889608587987283e+02
1.134574839046656933e+02
1.143585173806624482e+02
1.135125691702964161e+02
1.163140461071885170e+02
1.184019969510204646e+02
1.163194111866364864e+02
1.144923225772804329e+02
1.152601571327206500e+02
1.159876649764792660e+02
1.147924064001360165e+02
1.134672310922157124e+02
1.140996995536629726e+02
1.136203720577708225e+02
1.136121552479777819e+02
1.140688686244777159e+02
1.136219713203644659e+02
1.134902275493484183e+02
1.138037004118691584e+02
1.135111282455281412e+02
1.138237119424944268e+02
1.136844769819654886e+02
1.134987786023187510e+02
1.139538362355996668e+02
1.137920024427403263e+02
1.134995671453683173e+02
1.134817227123732266e+02
1.135124951076113859e+02
1.283532465946533421e+02
1.140955146903267234e+02
1.143109033637791754e+02
1.143109033637791754e+02
1.143109033637791754e+02
1.148017987012751320e+02
1.141948407422679281e+02
1.141948407422679281e+02
1.141948407422679281e+02
1.248757730457845412e+02
1.134539954479273689e+02
1.143239556069247982e+02
1.136610329534424579e+02
1.137312387918241541e+02
1.141488113173609520e+02
1.136844769819654886e+02
1.135736852388144484e+02
1.139202985516469795e+02
1.149594821091470038e+02
1.137673197340752154e+02
1.137584168262655453e+02
1.149780946323999302e+02
1.135090850854754478e+02
1.135220970521158534e+02
1.137897872293402770e+02
1.138956707686558332e+02
1.138659730331837778e+02
1.137004285041730753e+02
1.137984478243547386e+02
1.134793015773711602e+02
1.134793015773711602e+02
1.134689764049905421e+02
1.135077567320001748e+02
1.135709948646003085e+02
1.146768363841768235e+02
1.145860812883511954e+02
1.138713857614237668e+02
1.150296074068112944e+02
1.199410738818425415e+02
1.134637451519924127e+02
1.134637451519924127e+02
1.134637451519924127e+02
1.147178079797536157e+02
1.139676510304532826e+02
1.137016000895029464e+02
1.139224177622521523e+02
1.136278696584262775e+02
1.137935910518534968e+02
1.140485934990288825e+02
1.145397557567281126e+02
1.147176256977197966e+02
1.158046977521911316e+02
1.191393896942525572e+02
1.163783427566130513e+02
1.137031340552344716e+02
1.134653992392895958e+02
1.145448302181329439e+02
1.137574074226498198e+02
1.158136520945677574e+02
1.139412811054643413e+02
1.137956948205552123e+02
1.138961437233896277e+02
1.143288344560717320e+02
1.134816951310307616e+02
1.134816951310307616e+02
1.134816951310307616e+02
1.134477056168129678e+02
1.134834425380432634e+02
1.134834425380432634e+02
1.135091084968685493e+02
1.135091084968685493e+02
1.137161772912165105e+02
1.137311716421312866e+02
1.137311716421312866e+02
1.136347543396485662e+02
1.136734520477408665e+02
1.138708340978030407e+02
1.138075468883182424e+02
1.134541009093542527e+02
1.134541009093542527e+02
1.135537508108107687e+02
1.135537508108107687e+02
1.135537508108107261e+02
1.137684131222311521e+02
1.134958918785167725e+02
1.134958918785167725e+02
1.134958918785167725e+02
1.136357914193001335e+02
1.137257610906025178e+02
1.134894731267198011e+02
1.134623865608738953e+02
1.144032423454710283e+02
1.139383874461126425e+02
1.134794635654071016e+02
1.151289862677394353e+02
1.184952718021810938e+02
1.139075559871739927e+02
1.134639047561852863e+02
1.134639047561852863e+02
1.134888490848444036e+02
1.134888490848444036e+02
1.134888490848444036e+02
1.134891479910769334e+02
1.136264962791152158e+02
1.135252083294592467e+02
1.134733628551709614e+02
1.135400824214191431e+02
1.135400824214191431e+02
1.135400824214191431e+02
1.137569276671143399e+02
1.134488352671419022e+02
1.134488352671419022e+02
1.135054127120319691e+02
1.135443992117549357e+02
1.135200159829263669e+02
1.135200159829263669e+02
1.135200159829263669e+02
1.135200159829263669e+02
1.135200159829263669e+02
1.135015476177533458e+02
1.135015476177533458e+02
1.136426299023241313e+02
1.135723644064170657e+02
1.135519432644024107e+02
1.135519432644024107e+02
1.135519432644024107e+02
1.136837829720951873e+02
1.134610325773016513e+02
1.140310242884279859e+02
1.134511455348111468e+02
1.136095353190759880e+02
1.144702010768055658e+02
1.136272765717938569e+02
1.138406488663841571e+02
1.145660253382655469e+02
1.146290502708870207e+02
1.137391711253287383e+02
1.138524530151140794e+02
1.135577470968923421e+02
1.137013954447824204e+02
1.147725338413981433e+02
1.137727744741250149e+02
1.138173595823214868e+02
1.138540172411983491e+02
1.142396497773010395e+02
1.136525147717788400e+02
1.136525147717788400e+02
1.136525147717788400e+02
1.136525147717788400e+02
1.136525147717788400e+02
1.136525147717788400e+02
1.141031103456401183e+02
1.141031103456401183e+02
1.173055193952178428e+02
1.138135900849297144e+02
1.138159740876078843e+02
1.136526287571060578e+02
1.134684866522621718e+02
1.139740199429397052e+02
1.151590409915431223e+02
1.136557394099641556e+02
1.140073940661472562e+02
1.140073940661472562e+02
1.137885089955039319e+02
1.134632789769715373e+02
1.134632789769715373e+02
1.134632789769715373e+02
1.134632789769715373e+02
1.134502284656445426e+02
1.134502284656445426e+02
1.136848509111158876e+02
1.136487366017894232e+02
1.135887540071900048e+02
1.135807664054305661e+02
1.136423882479099206e+02
1.134953185956259176e+02
1.135198202652438511e+02
1.135198202652438511e+02
1.135198202652438511e+02
1.135198202652438511e+02
1.135198202652438511e+02
1.135198202652438511e+02
1.134557360238667911e+02
1.134557360238667911e+02
1.143621735803569379e+02
1.135156700005357919e+02
1.135156700005357919e+02
1.135156700005357919e+02
1.141164387117545971e+02
1.136546947415759945e+02
1.135531253309550266e+02
1.135644904097945584e+02
1.135644904097945584e+02
1.135718186713717444e+02
1.134845871419795600e+02
1.134792805727422831e+02
1.141151826254060921e+02
1.135902199165023063e+02
1.144726504944987227e+02
1.134794635654071016e+02
1.134794635654071016e+02
1.136212353080801591e+02
1.136098808548807426e+02
1.136633967105609884e+02
1.135515901207234464e+02
1.136679707227752232e+02
1.135585537217395569e+02
1.135585537217395569e+02
1.145593626188527026e+02
1.136738636938382996e+02
1.137119476005869814e+02
1.137906427889059415e+02
1.150704084041278321e+02
1.137259984978835661e+02
1.137164325312203488e+02
1.137706081750850018e+02
1.136300961003245504e+02
1.140073940661472562e+02
1.140350841352545075e+02
1.136300961003245504e+02
1.135480446396102394e+02
1.135480446396102394e+02
1.135480446396102394e+02
1.135480446396102394e+02
1.135175807847670342e+02
1.135175807847670342e+02
1.136796946931679599e+02
1.136796946931679599e+02
1.136796946931679599e+02
1.135112486619877501e+02
1.134516124476304810e+02
1.137706081750850018e+02
1.136300961003245504e+02
1.136300961003245504e+02
1.136300961003244936e+02
1.137754250089155619e+02
1.137754250089155619e+02
1.135936428253119885e+02
1.134975585347532387e+02
1.134502284656445426e+02
1.134502284656443578e+02
1.134502284656443578e+02
1.134502284656443578e+02
1.134502284656443578e+02
1.134502284656443578e+02
1.134502284656445426e+02
1.135319687543837546e+02
1.134644924797060526e+02
1.167639773673395638e+02
1.137027440495343882e+02
1.135348764805354733e+02
1.141259356737648432e+02
1.158278368026458338e+02
1.137462413101644216e+02
1.140326258102738564e+02
1.141138379666756038e+02
1.305395138141490179e+02
1.137484533246103240e+02
1.211601051887153631e+02
1.136857558596257292e+02
1.136851669043348352e+02
1.198247921928795989e+02
1.146448119150746834e+02
1.134949541792876460e+02
1.134615096477728997e+02
1.134615096477728997e+02
1.135228863056152875e+02
1.135228863056152875e+02
1.135228863056152306e+02
1.135352447175500004e+02
1.134451709025775585e+02
1.134451709025775585e+02
1.145053228156039040e+02
1.134571744489662848e+02
1.140930981890762581e+02
1.134766134760826617e+02
1.134766134760826617e+02
1.143504693560916081e+02
1.220562005983016718e+02
1.142682071628406106e+02
1.134556023920253409e+02
1.145219245951710292e+02
1.156600789897469781e+02
1.147501200325835953e+02
1.138905963620411086e+02
1.139347221034135629e+02
1.134671277692981164e+02
1.135449437322646986e+02
1.135117253853182859e+02
1.135117253853183570e+02
1.135117253853182859e+02
1.134496998548168420e+02
1.134496998548168420e+02
1.134496998548168420e+02
1.138081107420507863e+02
1.141886143389119752e+02
1.135977492567758560e+02
1.135977492567758560e+02
1.134685970572514861e+02
1.136997646906462478e+02
1.136997646906462478e+02
1.136997646906462478e+02
1.134777848921647774e+02
1.134777848921647774e+02
1.138603813534905953e+02
1.138603813534906521e+02
1.138603813534906521e+02
1.138603813534906521e+02
1.148980227893505202e+02
1.148980227893505202e+02
1.134806124533131140e+02
1.134806124533131140e+02
1.134610818846564655e+02
1.134610818846564655e+02
1.134610818846564655e+02
1.135516611843341934e+02
1.135516611843341934e+02
1.141056464592468416e+02
1.137001481019227640e+02
1.137001481019227640e+02
1.137001481019227640e+02
1.137503075390261245e+02
1.137503075390262524e+02
1.134694781248913529e+02
1.134694781248913529e+02
1.135377284873188586e+02
1.135377284873188586e+02
1.135377284873188586e+02
1.135975411141240130e+02
1.135975411141240130e+02
1.135975411141240130e+02
1.148324571620009635e+02
1.134771644514525804e+02
1.134942134285523565e+02
1.138381005079758950e+02
1.136758097865376271e+02
1.138727190602202626e+02
1.134575499212172645e+02
1.143323777957075720e+02
1.137418804840949633e+02
1.138679919351094583e+02
1.139083048342538831e+02
1.134981560610889630e+02
1.138140332765213572e+02
1.143383059379659414e+02
1.141056464592467847e+02
1.143697726675311515e+02
1.139603431661110733e+02
1.141943728727425622e+02
1.134908321805824158e+02
1.134908321805824158e+02
1.137159416632887314e+02
1.135550178745870369e+02
1.140526092322986500e+02
1.135529925662651038e+02
1.135529925662651038e+02
1.135529925662651038e+02
1.137097758273355197e+02
1.135613024274468472e+02
1.135613024274468472e+02
1.135613024274468472e+02
1.135156700005357919e+02
1.135156700005357919e+02
1.137434153049384946e+02
1.137434153049384946e+02
1.134709010331698238e+02
1.134709010331698238e+02
1.134709010331698238e+02
1.134681708868721728e+02
1.138204103591626364e+02
1.139612380951424200e+02
1.137352588763898638e+02
1.137352588763898638e+02
1.135009617541588369e+02
1.138270081186471572e+02
1.137503075390262524e+02
1.136707092877458791e+02
1.137054897347015157e+02
1.137041401693303584e+02
1.136594895234830602e+02
1.138850964472994463e+02
1.140093017359743328e+02
1.137738887052725119e+02
1.135108580172907295e+02
1.143991800254729725e+02
1.168023711494312096e+02
1.135756857526190515e+02
1.135756857526188810e+02
1.135756857526190515e+02
1.139549673859496863e+02
1.139720167339637271e+02
1.134818664684630960e+02
1.134917140320765299e+02
1.134473647897957420e+02
1.134473647897957420e+02
1.134473647897957420e+02
1.136746721183221354e+02
1.136746721183220785e+02
1.140506805729998661e+02
1.134590455589704732e+02
1.153450997339302830e+02
1.140284617739781226e+02
1.138033470882743501e+02
1.286360909066895886e+02
1.143282906556622436e+02
1.137537151632272128e+02
1.141629618080106638e+02
1.148110829390180783e+02
1.135292757776510371e+02
1.135292757776510371e+02
1.310884256140774369e+02
1.145804814536681135e+02
1.145462001959816831e+02
1.209760308001876012e+02
1.186239749264618126e+02
1.139613642411584777e+02
1.148652796698908247e+02
1.155619368650541929e+02
1.148628608745174802e+02
1.156406038364620059e+02
1.152444662427654265e+02
1.152060164182662163e+02
1.135689954441196363e+02
1.135178623768488677e+02
1.134505500124506057e+02
1.135051978853365853e+02
1.140026915413670139e+02
1.137721616062079448e+02
1.137457226537782873e+02
1.137050701373324983e+02
1.142464943577549406e+02
1.144101372835066144e+02
1.141034556922827647e+02
1.144549099426759682e+02
1.146109598211054816e+02
1.134704281028423196e+02
1.134696619349143560e+02
1.139790042986726490e+02
1.136477558571247073e+02
1.151302347891942333e+02
1.154537632691252185e+02
1.142661340794837770e+02
1.135691133083685287e+02
1.247301673487410056e+02
1.152349494534437468e+02
1.147614226505525465e+02
1.144189494345830553e+02
1.146976513609203892e+02
1.140858050209350978e+02
1.144850966729760700e+02
1.140231451964420444e+02
1.144510701153500918e+02
1.137176500490737965e+02
1.139304721767793893e+02
1.135820264339717625e+02
1.135496598819578651e+02
1.136236075785487287e+02
1.141530153155219267e+02
1.278348995465382387e+02
1.138668398040607599e+02
1.135949811168866859e+02
1.136370022262654942e+02
1.282597049513096295e+02
1.135844516668582287e+02
1.135079175250759107e+02
1.135739203226083163e+02
1.135739203226083163e+02
1.135739203226083163e+02
1.135739203226083163e+02
1.143742091359261650e+02
1.138989945894117284e+02
1.154221811492412257e+02
1.145617983923746834e+02
1.145986327260139888e+02
1.137117371899014557e+02
1.135626237680915693e+02
1.135379867422455362e+02
1.135379867422455362e+02
1.160952351527968744e+02
1.145873814091525418e+02
1.136477558571247073e+02
1.135382864053943450e+02
1.139789853929106727e+02
1.134729525359602178e+02
1.137199835795313447e+02
1.137670675029248883e+02
1.138477638553653861e+02
1.135466112369216916e+02
1.135466112369216916e+02
1.136082808322472602e+02
1.137221073652893750e+02
1.135298442984996683e+02
1.135298442984996683e+02
1.135996196802299636e+02
1.136890777925162581e+02
1.137339354336498900e+02
1.145301988163663935e+02
1.135465882045254347e+02
1.135330868613124551e+02
1.135897201238989283e+02
1.134698171744186652e+02
1.135154972090607686e+02
1.134916036917376090e+02
1.134916036917375095e+02
1.135244368906906232e+02
1.134890859479072844e+02
1.139922911751641124e+02
1.135916032995280460e+02
1.134682013906102611e+02
1.143167775482947519e+02
1.146784519210883531e+02
1.137186912376031813e+02
1.137186912376031813e+02
1.134834268552458667e+02
1.135159133918537009e+02
1.136351992521796888e+02
1.136351992521796888e+02
1.136171601818497834e+02
1.227719764470024302e+02
1.134872630430042193e+02
1.134872630430042193e+02
1.135264645553753553e+02
1.135264645553753553e+02
1.134447968707374059e+02
1.136251027005463357e+02
1.140916210653001031e+02
1.146440135923919854e+02
1.141104294123633736e+02
1.134591807495750402e+02
1.144959442330961963e+02
1.134766134760826617e+02
1.139431186576881032e+02
1.139777739797808209e+02
1.137088151665939932e+02
1.135178113951211714e+02
1.135962398907888655e+02
1.135962398907889792e+02
1.134560829928986436e+02
1.134560829928985868e+02
1.135112665423961857e+02
1.134882155984246168e+02
1.134882155984246168e+02
1.135948895270134784e+02
1.134666501359275372e+02
1.138831133822404098e+02
1.137324552690228927e+02
1.138613879132288815e+02
1.157835597337324316e+02
1.149534150459732444e+02
1.138513606947435193e+02
1.138652241080141465e+02
1.139569188564385627e+02
1.141387025092969623e+02
1.138767119897608495e+02
1.137727823181642748e+02
1.139839947417789148e+02
1.152941846509016841e+02
1.137313658297857870e+02
1.138728663545075364e+02
1.135577826917741930e+02
1.138913345785807962e+02
1.171411159006091083e+02
1.171411159006091083e+02
1.141164898942474224e+02
1.144993366114398441e+02
1.135479071940844591e+02
1.136451393467056050e+02
1.135423087403584361e+02
1.134481458554699742e+02
1.136865891099663912e+02
1.135902514679554116e+02
1.135540725194314291e+02
1.139865695835365216e+02
1.140563970866800219e+02
1.148658530102298982e+02
1.203179157447112146e+02
1.138269742101660000e+02
1.137784314828553534e+02
1.139849017167803993e+02
1.144923225772804329e+02
1.137904173651749034e+02
1.157939559707463388e+02
1.138269742101660000e+02
1.136518296839167874e+02
1.136518296839167874e+02
1.136518296839167874e+02
1.138538553901652080e+02
1.135393950310514981e+02
1.135393950310514981e+02
1.135393950310516118e+02
1.135240271031930632e+02
1.135240271031930632e+02
1.135240271031930632e+02
1.135954012112268714e+02
1.135954012112268714e+02
1.135954012112268714e+02
1.138613446852522060e+02
1.138613446852522060e+02
1.138613446852522060e+02
1.138613446852522060e+02
1.144459007686163829e+02
1.144459007686164540e+02
1.144459007686163829e+02
1.144459007686163829e+02
1.144459007686164540e+02
1.144459007686163829e+02
1.134685208145702688e+02
1.135288326182900391e+02
1.135288326182900391e+02
1.135107458037309840e+02
1.135107458037309840e+02
1.134525864018888939e+02
1.136496420455961811e+02
1.136812419203278779e+02
1.136496420455961811e+02
1.136496420455961811e+02
1.136133991495944286e+02
1.137079455538764705e+02
1.134789707782923216e+02
1.134789707782923216e+02
1.135201913122383104e+02
1.139800318572132625e+02
1.139350410188555003e+02
1.139350410188555003e+02
1.138269742101660000e+02
1.140061338174720191e+02
1.140290817464190951e+02
1.139791592700201335e+02
1.139791592700201335e+02
1.139152104140190715e+02
1.139153546576896190e+02
1.138171138986340765e+02
1.135260895036398807e+02
1.166189845063129695e+02
1.134766134760826617e+02
1.139896642369382533e+02
1.134793015773711602e+02
1.134793015773711602e+02
1.134793015773711602e+02
1.134793015773711602e+02
1.134793015773711602e+02
1.134793015773711602e+02
1.134689764049905421e+02
1.136562473552385910e+02
1.136562473552387189e+02
1.134853191651041584e+02
1.135077567320001748e+02
1.134853191651041584e+02
1.135077567320001748e+02
1.135077567320001748e+02
1.135077567320001748e+02
1.135077567320001748e+02
1.134766134760826617e+02
1.136960099869998402e+02
1.157229031061605440e+02
1.146320055697005529e+02
1.136962774581470228e+02
1.138291149587145270e+02
1.138379137533386256e+02
1.173465779808609284e+02
1.175622627628570029e+02
1.153905494205583153e+02
1.136112949545066044e+02
1.138534446202348249e+02
1.137684048355480684e+02
1.141142519834051114e+02
1.176168931123537646e+02
1.308057273100603481e+02
1.387625135792854678e+02
1.139486333523709902e+02
1.139459968269431016e+02
1.140338008660796589e+02
1.138905963620411086e+02
1.139347698925544137e+02
1.140161056612219710e+02
1.140161056612219710e+02
1.137299678009450474e+02
1.137331473142479439e+02
1.151785408926126166e+02
1.134868719630260472e+02
1.139440497150075942e+02
1.146166836801927360e+02
1.142975255693831258e+02
1.142588594840296992e+02
1.135613340373879652e+02
1.134995526616251880e+02
1.215986346777280716e+02
1.134513163569822609e+02
1.134643918728576608e+02
1.134477802275071525e+02
1.135239156804458958e+02
1.137291311572146384e+02
1.134513163569823746e+02
1.136259314403700671e+02
1.302911634686786044e+02
1.137391976533877767e+02
1.137115379239435811e+02
1.137115379239435811e+02
1.139260325263473987e+02
1.139630965100865296e+02
1.141373110791785734e+02
1.144099161222638088e+02
1.134746370892873131e+02
1.134481651374601796e+02
1.134635764164015228e+02
1.134638028454181438e+02
1.134909326787407196e+02
1.136836458198020949e+02
1.149089056584062121e+02
1.150040037501624255e+02
1.189424083441401194e+02
1.172225602050930036e+02
1.139705878965667978e+02
1.139705878965668546e+02
1.138237533875208385e+02
1.137336000201953965e+02
1.139574218373064980e+02
1.140444792039234869e+02
1.142859546090424345e+02
1.144209182649290426e+02
1.365751856693190405e+02
1.137649284697803296e+02
1.399025485491427219e+02
1.134855358683190758e+02
1.134557562959000592e+02
1.199517394910898673e+02
1.141448614681457059e+02
1.141448614681457059e+02
1.160927497870606544e+02
1.185254929308005671e+02
1.165549978561533209e+02
1.154203648725776361e+02
1.154203648725776361e+02
1.184497190995723628e+02
1.148385791350963530e+02
1.157820416756994462e+02
1.154676539022754866e+02
1.157019428640059715e+02
1.135207685252002818e+02
1.138873731173115118e+02
1.135987223272646247e+02
1.135987223272646247e+02
1.135987223272646247e+02
1.147455033477941697e+02
1.136626888108645232e+02
1.137833063305238852e+02
1.135344779377172699e+02
1.139426704684654368e+02
1.135239112913374555e+02
1.135970017645957597e+02
1.157405091822461287e+02
1.140926767963849784e+02
1.134530981021943319e+02
1.144393831172061766e+02
1.141535510428345788e+02
1.258718851307611857e+02
1.134463572014587101e+02
1.154679636321251337e+02
1.137771115033984302e+02
1.137898069099525600e+02
1.137898069099527163e+02
1.137898069099525600e+02
1.140665832635981189e+02
1.140665832635982326e+02
1.143013419700551623e+02
1.147099913366380832e+02
1.195652487914143336e+02
1.136521487650400246e+02
1.139636807710349160e+02
1.150770281530717938e+02
1.135235980297449174e+02
1.136600954399452519e+02
1.140810210704215706e+02
1.177187757226263471e+02
1.134527261314445639e+02
1.134527261314445639e+02
1.134682341465229172e+02
1.134998242231686447e+02
1.135340899153807328e+02
1.136046188132425669e+02
1.143441037304735914e+02
1.156620546940852563e+02
1.141434134610516082e+02
1.207968873565353789e+02
1.175968620434871212e+02
1.188351327464643106e+02
1.138694849062163996e+02
1.162578184979748954e+02
1.142245905622978768e+02
1.286967545194258946e+02
1.228222993159666458e+02
1.140812176470718100e+02
1.145114231520455235e+02
1.146293215191389692e+02
1.152807260480267786e+02
1.151059066243462610e+02
1.159763591045206539e+02
1.175817534806612912e+02
1.135679945400479340e+02
1.173570630575260907e+02
1.135512617840195446e+02
1.148005968071538803e+02
1.143016931241212006e+02
1.137290116624752017e+02
1.136835583779284207e+02
1.139219952979285324e+02
1.146480092064322776e+02
1.151330857840125930e+02
1.141012002814654949e+02
1.135048869332990051e+02
1.401755586264989404e+02
1.177393736047411892e+02
1.135051442430846578e+02
1.134478555812695646e+02
1.134478555812691098e+02
1.146438155131064889e+02
1.135965608387583643e+02
