7.335321512872312155e+01
8.769741372296500970e+01
7.014790482878017031e+01
7.968280459670833693e+01
6.996922729108800354e+01
6.971253605918204244e+01
7.272259580377757970e+01
8.419290082601924041e+01
8.337664279861986927e+01
7.589077386764262201e+01
7.344521228212859398e+01
7.299902543923516873e+01
6.920336922619806330e+01
6.920336922619806330e+01
6.920336922619806330e+01
8.034230526415235829e+01
7.441972643484120908e+01
8.610023847521961216e+01
7.150484848559962359e+01
7.076634458091209012e+01
7.731571283611465617e+01
7.365679701321894868e+01
6.955067988459882145e+01
7.050477476441410829e+01
7.288494225952247518e+01
7.770716984196869248e+01
7.359953345656609258e+01
7.537218814499668440e+01
8.288136379834881495e+01
7.080894876283760198e+01
7.080894876283760198e+01
7.080894876283760198e+01
6.985151458558577531e+01
7.560803314467922576e+01
7.026204802392530269e+01
7.026204802392530269e+01
7.026204802392530269e+01
7.453369424611766192e+01
7.453369424611766192e+01
7.074649071466498640e+01
8.195824435487682535e+01
7.138514238687228897e+01
7.494267713713192336e+01
6.977117917326776819e+01
7.055510917781687397e+01
7.010306232751716493e+01
7.093472922687419668e+01
7.073347511894722572e+01
7.141959992242342992e+01
7.261780020141286229e+01
7.364416689877177191e+01
7.382472426553843547e+01
7.113140674904789762e+01
7.019216583475316895e+01
7.069906556742695614e+01
7.537218814499668440e+01
8.301589488332514577e+01
8.690846792716845925e+01
8.856260329485337479e+01
