5.648147555346306490e+02
8.641014361939147648e+02
6.847412648970977216e+02
7.245657896526422519e+02
6.677482410298193827e+02
5.854280961564159043e+02
5.494705318999999690e+02
6.710381876738201754e+02
7.577128524885582692e+02
5.116505862303791901e+02
5.642000467495483917e+02
6.287363269999999602e+02
6.717053724463081608e+02
6.717053724463081608e+02
6.717053724463081608e+02
8.054823490813656690e+02
5.570141829295595244e+02
8.001128391428194391e+02
5.916251984509910926e+02
5.884348720105723487e+02
4.998182343358382127e+02
6.146786281215651115e+02
6.749047033550581318e+02
6.279648561133465137e+02
5.894301742000000104e+02
5.715111603373716207e+02
5.270376933771726726e+02
7.577796881032957117e+02
4.761440239397746268e+02
6.921042798493483588e+02
6.921042798493483588e+02
6.921042798493483588e+02
6.519902142781122620e+02
6.555807679822063392e+02
6.455112071751093481e+02
6.455112071751093481e+02
6.455112071751093481e+02
7.816830677930685169e+02
7.816830677930685169e+02
5.881501138999999512e+02
7.161206924000000527e+02
6.699311019425417726e+02
6.325433806816497508e+02
5.888144279000000552e+02
6.068049659303687804e+02
6.775626484509467673e+02
6.410977812458226026e+02
6.035491693533033413e+02
6.127261940714819275e+02
5.637505818359051091e+02
5.228726599695430650e+02
6.674640698414376629e+02
6.187658132682681753e+02
5.716983962417722296e+02
5.687166316641785215e+02
7.577796881032957117e+02
5.118911604388846968e+02
4.401971721989608000e+02
5.288846393311393967e+02
