5.646276323798764452e+02
8.467600595291268064e+02
6.764469316046831864e+02
7.176402918805431455e+02
6.867646517629267464e+02
5.965779224617698446e+02
5.348144221985320428e+02
4.950584391199898846e+02
7.432478252973626240e+02
4.912086321194137781e+02
5.638770493464729725e+02
6.514969426342543102e+02
6.764025991847973955e+02
6.764025991847973955e+02
6.764025991847973955e+02
7.884628239129235681e+02
5.557747931580489649e+02
7.723369318256543465e+02
6.041260430933174348e+02
6.013094237985512791e+02
4.582424343830666658e+02
6.329407503874589338e+02
6.888690160859313210e+02
6.409700675736111180e+02
5.971433285815858198e+02
5.785756403501570730e+02
4.945409095577051062e+02
7.771189225936859657e+02
4.364119298464980261e+02
6.868277374399763175e+02
6.868277374399763175e+02
6.868277374399763175e+02
6.678015849188689117e+02
6.746025263925292847e+02
6.411198231809498793e+02
6.411198231809498793e+02
6.411198231809498793e+02
7.874564738369224415e+02
7.874564738369224415e+02
6.010279044759566887e+02
7.190528624717285311e+02
6.890720634314121753e+02
6.540817891676701947e+02
6.007069011139761869e+02
6.169545831577353283e+02
6.921254713772414107e+02
6.255022345646465283e+02
6.147775739893135096e+02
6.141720985183227413e+02
5.622260585452478381e+02
4.893011636954827281e+02
5.951952857444919118e+02
6.182829427417492525e+02
5.754618650731218850e+02
5.691601449969269879e+02
7.771189225936859657e+02
5.195569699243478681e+02
4.267480773025100689e+02
5.539006191537046107e+02
