3.260000000000000142e+01
4.243999999999999773e+01
3.367999999999999972e+01
2.992000000000000171e+01
3.396999999999999886e+01
2.332999999999999829e+01
3.554999999999999716e+01
2.905999999999999872e+01
2.639999999999999858e+01
3.239999999999999858e+01
3.853000000000000114e+01
3.746000000000000085e+01
3.946000000000000085e+01
3.797999999999999687e+01
4.000000000000000000e+01
2.994000000000000128e+01
3.653999999999999915e+01
3.060999999999999943e+01
2.782999999999999829e+01
2.871000000000000085e+01
3.214000000000000057e+01
4.900000000000000000e+01
3.180000000000000071e+01
2.560000000000000142e+01
4.460000000000000142e+01
4.489999999999999858e+01
4.429999999999999716e+01
3.510000000000000142e+01
4.820000000000000284e+01
3.611999999999999744e+01
3.239000000000000057e+01
3.617000000000000171e+01
3.735000000000000142e+01
3.750999999999999801e+01
3.757999999999999829e+01
3.710000000000000142e+01
3.800000000000000000e+01
3.399000000000000199e+01
3.850000000000000000e+01
3.679999999999999716e+01
3.609000000000000341e+01
3.709000000000000341e+01
3.400999999999999801e+01
4.085000000000000142e+01
3.180999999999999872e+01
2.955000000000000071e+01
3.509000000000000341e+01
4.309000000000000341e+01
3.875000000000000000e+01
3.300999999999999801e+01
4.970000000000000284e+01
4.850000000000000000e+01
4.074000000000000199e+01
4.689999999999999858e+01
3.101000000000000156e+01
2.294000000000000128e+01
3.995000000000000284e+01
3.986999999999999744e+01
4.639999999999999858e+01
