3.026924509864676338e+01
4.073424812966429442e+01
3.330400844037964703e+01
3.326268165796575715e+01
3.491247776389678847e+01
3.780331113703921631e+01
3.314818081537374894e+01
2.996071762620287160e+01
2.573138603924151369e+01
3.470080153316055060e+01
3.992792370513611644e+01
3.992792370513631539e+01
3.992792370513611644e+01
3.852558642241893239e+01
4.405433932347560244e+01
3.200158121601010919e+01
3.895626842988739469e+01
3.326268165796575715e+01
3.083920995876724547e+01
2.963511322698144568e+01
3.454394960883013255e+01
4.591285836571856294e+01
3.270968203502481231e+01
2.684659181867328925e+01
4.405162949965997399e+01
4.405162949965997399e+01
4.405162949965997399e+01
3.553887871431850698e+01
4.150650864179891641e+01
3.231255937999291206e+01
3.296336601998981308e+01
3.654337885056970237e+01
3.654337885056970237e+01
3.654337885056970237e+01
3.765556133427674013e+01
3.541666626425900688e+01
3.503428643692634381e+01
3.249843121360886045e+01
3.771820500325564751e+01
3.735202195559751459e+01
3.589860906357371562e+01
3.577294383141511247e+01
3.622347177658564732e+01
4.126199517888335322e+01
3.088524824264092672e+01
3.116190515501107683e+01
3.330898386136112777e+01
3.699682166113207415e+01
3.101072719304866609e+01
3.064841076710884948e+01
4.591285836571856294e+01
4.323122454140353454e+01
4.197559506753785286e+01
4.650801903955070316e+01
3.084105211619697329e+01
2.440324955020923881e+01
4.330111783009802195e+01
4.330111783009802195e+01
4.560731761919324612e+01
