6.671197420823347990e+00
6.608225608040167565e+00
6.577907641270201999e+00
6.569823650421477979e+00
6.684783136062391051e+00
6.977385537794413395e+00
6.584539777263219484e+00
6.662264399758864641e+00
7.129691231197429424e+00
6.569532129125849274e+00
6.600697854767338946e+00
6.600697854767317629e+00
6.600697854767338946e+00
6.860662942775292983e+00
6.728114599812352381e+00
6.668662578650363493e+00
6.586196339762143914e+00
6.569823650421477979e+00
6.622834067536329528e+00
6.685097050163053112e+00
6.701779212012827003e+00
6.850021854906305663e+00
6.582705700508384439e+00
7.152668396242911619e+00
6.726722900257669835e+00
6.726722900257669835e+00
6.726722900257669835e+00
6.565415194862639581e+00
6.612580594337832629e+00
6.787762918107957510e+00
6.576966460371099998e+00
6.581465330250760637e+00
6.581465330250760637e+00
6.581465330250760637e+00
6.592393025064161804e+00
6.573311580115317909e+00
6.571563214125839991e+00
6.612782960357995066e+00
6.568918323273273074e+00
6.568135998152407673e+00
6.565191159261205556e+00
6.565565432792717537e+00
6.567969085912684690e+00
6.852171498567329877e+00
6.650474058876572947e+00
6.620650754486010037e+00
6.574843992705671880e+00
6.577529610458386244e+00
6.598053794809913164e+00
6.616067285302363210e+00
6.850021854906305663e+00
7.007313088390838551e+00
9.082620173524748708e+00
7.931819229767604895e+00
7.015952606610196263e+00
7.591306377430545815e+00
6.669795464629308057e+00
6.669795464629308057e+00
9.103118910891460303e+00
