9.082186830295508884e+00
8.767680266267916522e+00
8.678185576338307783e+00
8.683457090646442111e+00
8.663279851311616042e+00
8.623506903943898294e+00
8.713112645044873261e+00
8.694913176897951956e+00
8.626386732289802239e+00
8.897133173459188527e+00
8.873995665048886039e+00
8.959872378794267789e+00
8.632728496203506907e+00
8.632728496203506907e+00
8.632728496203506907e+00
8.632728496203506907e+00
8.975352343741676009e+00
8.776680124636678570e+00
1.065038341047776171e+01
8.928870896007451208e+00
8.977700200932742902e+00
8.751773269938318833e+00
8.647916113758139289e+00
8.865926546278721787e+00
8.724504037747776053e+00
8.664886769335373273e+00
8.756613447715061227e+00
8.849713347532777163e+00
8.652279860744330975e+00
8.652279860744330975e+00
8.652279860744330975e+00
8.639098394148335913e+00
8.713140258537910299e+00
8.635041261723127803e+00
8.635041261723127803e+00
8.635041261723127803e+00
8.860753849172368746e+00
8.860753849172368746e+00
8.896999117835964199e+00
8.812339000081696128e+00
8.971871008023473593e+00
8.836021743937461537e+00
9.428002527605926275e+00
8.856977642608605095e+00
8.768176174452463556e+00
8.872618149497467854e+00
8.634034906057436842e+00
8.662528395651779789e+00
8.926300897171600468e+00
8.761884852813297542e+00
9.217045432279757478e+00
8.721454868455611020e+00
8.698434403234379886e+00
8.849713347532777163e+00
8.796796939771404311e+00
8.626204000884449385e+00
8.824289065970573276e+00
