4.874808235508465515e+01
5.079710870515587828e+01
4.637010846178162637e+01
5.073079112391614132e+01
4.608975999193663853e+01
4.543764411216775301e+01
4.232087439237966464e+01
4.332877562523432147e+01
4.291252141990219826e+01
2.811322070083789981e+01
2.843884409122873791e+01
5.147844820574044888e+01
4.079517843833917112e+01
4.079517843833917112e+01
4.079517843833917112e+01
4.079517843833917112e+01
3.415857497076866167e+01
3.289515982874426214e+01
2.355068929967960756e+01
6.001929307554399173e+01
5.493236574161386443e+01
3.160899569340644177e+01
3.622234554808870399e+01
3.179228484187769510e+01
3.428658989902344700e+01
3.462794825657810804e+01
4.843641186459240089e+01
4.399082389245227631e+01
4.364506467338759421e+01
4.364506467338759421e+01
4.364506467338759421e+01
4.212260691532010526e+01
3.313524544340363320e+01
4.698251408057206646e+01
4.698251408057206646e+01
4.698251408057206646e+01
3.843571413632809453e+01
3.843571413632809453e+01
5.945532273577946114e+01
3.026723161104469284e+01
2.738158383910231208e+01
2.903340446646167550e+01
6.681921141102310457e+01
3.476382728737826255e+01
4.528693189056644286e+01
5.819331578426664464e+01
4.878856787272523832e+01
5.189095135194102681e+01
4.301556109692101160e+01
4.790754392930848837e+01
6.404709978710991436e+01
5.508123536743283211e+01
5.406885254118462569e+01
4.399082389245227631e+01
3.244969557187577180e+01
4.195783200590504691e+01
4.430528381932321480e+01
