5.945291679707245436e+01
5.415608945307111100e+01
5.603063174269789926e+01
5.415736968970824705e+01
5.426421556032301652e+01
5.445463429418143875e+01
5.423595064801698129e+01
5.414426467232411966e+01
5.414269140106820544e+01
5.419399160603238386e+01
5.460512766884778557e+01
5.426164950214728577e+01
5.413834992296309423e+01
5.448919534539868437e+01
5.448533186989611465e+01
5.467558783604418693e+01
5.413690427445742159e+01
5.413262107885667263e+01
5.460546404947498900e+01
5.413760945992002149e+01
5.414203096120917991e+01
5.414637752507515955e+01
5.412835720289661623e+01
5.422970652870561992e+01
5.421320060275129293e+01
5.413557245522282813e+01
5.417998225084387798e+01
5.437966467444326923e+01
5.415975733873739273e+01
5.415642350533155991e+01
5.413320371274734555e+01
5.422191948798222683e+01
5.436427171398681679e+01
5.418316451111198973e+01
5.539279828632499658e+01
5.441258022840307973e+01
5.440192647420438732e+01
5.447237818462186709e+01
5.438816989629619059e+01
5.445093227024351279e+01
5.420109288096566758e+01
5.422035090335842966e+01
5.459414476974770736e+01
5.459414476974770736e+01
5.440623336962644174e+01
5.413855958570636062e+01
5.600027494487295598e+01
5.455822557317134880e+01
5.420742107602037407e+01
5.413659332793243095e+01
5.423394523449922389e+01
5.422627180092495536e+01
5.429493647780267196e+01
5.441358961303488684e+01
5.444223075308671156e+01
5.444223075308671156e+01
5.437009422235083633e+01
5.433293723000924302e+01
5.414155004633498436e+01
5.419388065070206295e+01
5.447080414977014584e+01
5.422610250322264847e+01
5.416815769207712350e+01
5.635693837599666267e+01
5.500557610815949516e+01
5.422941932008622956e+01
5.604930425877719102e+01
5.472651913231364063e+01
5.478816114940501336e+01
5.432391243315936435e+01
5.435613152448114960e+01
5.511715212625625071e+01
5.414279318424849663e+01
5.444117352099347329e+01
5.419058651310020025e+01
5.424344591845614616e+01
5.417070222301693150e+01
5.622045855901782119e+01
5.428926065228116471e+01
5.413501408197554809e+01
5.416492897068252432e+01
5.418881721283271702e+01
5.445209514719425670e+01
5.443905255124590781e+01
5.775769561397046914e+01
5.443560991503473900e+01
5.440348559662611905e+01
5.426860851652323703e+01
5.427253138345299277e+01
5.423121493779411395e+01
5.446200350023936210e+01
5.426395565477168503e+01
5.416934696124259574e+01
5.427278688803292539e+01
5.434453535767831056e+01
5.413863079022267044e+01
5.414415263629858543e+01
5.413138030030398795e+01
5.414684498253146927e+01
5.598014605491113826e+01
5.414892938338314821e+01
5.511026369401128022e+01
5.436676778867560955e+01
5.436676778867560955e+01
5.436676778867560955e+01
5.434267194508928611e+01
5.561956721720595453e+01
5.926593004518777974e+01
5.445977292723914331e+01
5.431386267923969768e+01
5.423649630109503050e+01
5.442022147905666429e+01
5.571066415801865190e+01
5.615090943867511442e+01
5.479575610211784920e+01
5.806299632350096829e+01
5.427561422992767604e+01
5.424399430677028988e+01
5.416261982094646754e+01
5.452062375866199773e+01
5.470078987861778330e+01
5.512840287614942980e+01
5.417602114590295059e+01
5.430481620225670980e+01
5.469183417277791648e+01
5.429315923755416406e+01
5.498757431378098204e+01
5.420164628859905065e+01
5.437693733274488750e+01
5.437693733274488750e+01
5.429986864128991186e+01
5.436487971263647268e+01
5.425130953901030040e+01
5.425130953901030040e+01
5.452123450160381424e+01
5.464151253203719705e+01
5.445743016471356412e+01
5.452359479812304244e+01
5.445743016471356412e+01
5.445841140595983632e+01
5.472227904880727323e+01
5.447695360277008092e+01
5.460872272186247045e+01
5.466633238507743187e+01
5.498623396557638898e+01
5.464636048521558109e+01
5.459009919672264743e+01
5.461407274408206547e+01
5.572006917161509421e+01
5.438427674540970003e+01
5.479737526953017124e+01
5.508810200444230532e+01
5.465819412772838604e+01
5.457608422208555510e+01
5.456398086074464970e+01
5.433286375175102734e+01
5.433286375175207183e+01
5.433286375175102734e+01
5.534446241190412508e+01
5.414621078579552460e+01
5.452793237538769944e+01
5.450092572776512156e+01
5.437104401823170718e+01
5.434949355486645572e+01
5.434949355486645572e+01
5.447604113890939459e+01
5.447604113890939459e+01
5.532332131069922099e+01
5.430490280731570607e+01
5.454588785772482140e+01
5.779600727898504431e+01
5.452726863948627312e+01
5.602483631963586674e+01
5.602483631963586674e+01
5.449349278736578128e+01
5.502542949718489496e+01
5.465277561041915533e+01
5.426540750018227754e+01
5.448210408421411444e+01
5.443845881128366671e+01
5.434949355486645572e+01
5.434949355486645572e+01
5.452726863948627312e+01
5.453689167189926224e+01
5.451760621229838222e+01
5.508587793764748852e+01
5.452359479812304244e+01
5.436957490320703812e+01
5.456130552413392820e+01
5.434775859349866778e+01
5.414583480017385853e+01
5.802940771287791932e+01
5.460413534992613904e+01
5.576863719787178297e+01
5.447967923761538600e+01
5.448210408421411444e+01
5.490621949883730224e+01
5.420479713395283028e+01
5.434389085398584740e+01
5.441581102376530765e+01
5.463197075628617227e+01
5.416615619374390178e+01
5.448747185279596295e+01
5.454278176662482736e+01
5.465657470550840458e+01
5.475035082998186908e+01
5.420741975704217452e+01
5.437125051267622666e+01
5.425311316923264826e+01
5.439033428340567866e+01
5.431570960763420430e+01
5.487328668803038312e+01
5.529726895291102551e+01
5.544118732507477887e+01
5.514773282662290654e+01
5.444376818343729241e+01
5.433835110954763792e+01
5.458899571013183305e+01
5.487115676305455025e+01
5.449007080064232156e+01
5.451525057838804145e+01
5.457024329832242415e+01
5.457577604682526839e+01
5.421817732573823889e+01
5.457015545795621847e+01
5.471995135587444992e+01
5.413315966815132185e+01
6.389544687609605234e+01
5.428663454530274635e+01
5.431477072446779886e+01
5.417514622526270074e+01
5.412963865303878208e+01
5.428723883428244079e+01
5.451837930111000929e+01
5.676224518655904916e+01
5.416317130785146361e+01
5.463392512712848514e+01
5.434533744329839777e+01
5.429659243816739433e+01
5.436830191515428368e+01
5.435116909121715878e+01
5.412858478563935449e+01
5.412891667839020471e+01
5.474543448415637670e+01
5.414188599331404106e+01
5.422660949698744304e+01
5.417364847521515259e+01
5.414240965141058126e+01
5.413434699614465728e+01
5.417931270356841367e+01
5.414561212919601019e+01
5.429978352988572254e+01
5.417403735863164371e+01
5.415181093370072318e+01
5.414828912428048113e+01
5.414534592661836143e+01
5.412905194012368071e+01
5.452563386507765131e+01
5.423136330934987370e+01
5.442089991890625100e+01
5.423554260701785523e+01
5.419396904978439267e+01
5.414867996583213028e+01
5.414204944056758961e+01
5.439616320900173463e+01
5.416652993078857747e+01
5.428958191626846030e+01
5.413273930506493770e+01
5.416582182548675917e+01
5.417967764161750921e+01
5.432146068459395138e+01
5.413209986274234353e+01
5.422568344979121946e+01
5.436402970447417715e+01
5.416767283373842190e+01
5.413334290043965069e+01
5.415964548041683457e+01
5.417598840635640300e+01
5.415035754857100159e+01
5.415035754857100159e+01
5.420523204392383576e+01
5.421563745599178219e+01
5.412863474941120501e+01
5.426180569546218635e+01
5.413092082689009032e+01
5.413392043786917185e+01
5.436257352537906229e+01
5.420194030901959081e+01
5.415497508661994175e+01
5.415559541305433555e+01
5.415559541305433555e+01
5.415141279192018686e+01
5.423724988258969404e+01
5.414408522849874572e+01
5.415918925827111963e+01
5.653709166756215154e+01
5.413565445303132861e+01
5.461772434218639205e+01
5.418451252376822680e+01
5.455125893074690424e+01
5.493110023699155420e+01
5.444964545795848210e+01
5.438461538545414697e+01
5.413117876775307735e+01
5.414558522865971213e+01
5.431028657983740970e+01
5.466758458312650504e+01
5.437075270888758638e+01
5.475900156202101954e+01
5.413323226060889937e+01
5.414253523782588928e+01
5.433015714404085372e+01
5.417381386649288544e+01
5.414828894889987509e+01
5.415392747919332095e+01
5.475061174384634910e+01
5.414067071313133539e+01
5.414297136346280581e+01
5.414297136346280581e+01
5.419338537310980541e+01
5.419338537310980541e+01
5.425647896260607439e+01
5.414709033052824338e+01
5.414260429348748005e+01
5.426144248640940049e+01
5.417498669403411071e+01
5.414693738072309515e+01
5.421278838591108951e+01
5.436250352195109770e+01
5.426903568779638931e+01
5.426903568779638931e+01
5.426754954477129189e+01
5.434190597834377456e+01
5.415903292463808327e+01
5.412993245267874443e+01
5.432797371000599895e+01
5.432651630262202502e+01
5.424915792248587110e+01
5.425019015121538501e+01
5.438999905332686780e+01
5.421254991830225123e+01
5.421254991830225123e+01
5.427094996668630245e+01
5.413045607396575321e+01
5.432539704281305859e+01
5.431967011936631451e+01
5.523276116859575069e+01
5.512640694278554321e+01
5.426663288093665471e+01
5.418676610737600186e+01
5.413532159620760353e+01
5.420471400376114701e+01
5.426753278199743136e+01
5.561738554988271233e+01
5.460658420280044822e+01
5.464784884219473327e+01
5.418443568467390037e+01
5.413453247212471098e+01
5.419308862326812459e+01
5.413741242986871072e+01
5.413741242986871072e+01
5.426344616273917865e+01
5.427195147334191461e+01
5.416780281107402573e+01
5.416780281107402573e+01
5.491231544606542769e+01
5.418334043768187769e+01
5.655533471799827794e+01
5.422791244209074790e+01
5.422287626498155788e+01
5.422523584654211959e+01
5.502965763689297063e+01
5.509569582977952251e+01
5.497003896695922265e+01
5.417112165471701957e+01
5.506065244116949486e+01
5.434473311297706033e+01
5.426344616273917865e+01
5.413894306031641435e+01
5.414229857318790096e+01
5.414229857318790096e+01
5.414229857318790096e+01
5.424454610644552588e+01
5.424798870675785878e+01
5.432325645830401584e+01
5.416722264250486063e+01
5.419788419954952019e+01
5.427896652506917263e+01
5.413741242986871072e+01
5.413741242986871072e+01
5.417577745124820865e+01
5.428673820997185118e+01
5.428673820997185118e+01
5.428673820997185118e+01
5.422523584654211959e+01
5.414220263949631118e+01
5.414220263949631118e+01
5.414220263949631118e+01
5.431833188909154586e+01
5.425019015121538501e+01
5.415441083465591987e+01
5.416374260835428345e+01
5.437368933820077643e+01
5.420194747958599635e+01
5.414767339053931750e+01
5.413546905014136712e+01
5.456272320254666397e+01
5.617900942157109512e+01
5.426979873190227721e+01
5.475877197906601168e+01
5.424117012873715282e+01
5.414329634792676416e+01
5.414173095849004369e+01
5.414173095849004369e+01
5.421970867773172387e+01
5.415093325656157930e+01
5.451699621015816888e+01
5.441835428946061626e+01
5.425147464181663537e+01
5.416467083507684066e+01
5.416002195152115206e+01
5.417137392971463328e+01
5.433824461798638339e+01
5.443860606596611973e+01
5.417520336145857129e+01
5.451232145512877025e+01
5.414206319923533783e+01
5.419063008776431900e+01
5.419063008776537060e+01
5.413526279267068020e+01
5.479374488173192503e+01
5.563251545491057470e+01
5.413445641581007806e+01
5.413456445702965425e+01
5.480279830185228462e+01
5.552409846815410788e+01
5.552409846815410788e+01
5.561308393189413835e+01
5.456594900165190865e+01
5.530813760224288700e+01
5.632089997885888977e+01
5.425793511364273058e+01
5.510458671728589053e+01
5.437277679321853441e+01
5.432659321285760967e+01
5.420409296247636632e+01
5.420409296247636632e+01
5.563260318483531108e+01
5.412883454779293402e+01
5.536029014721333397e+01
5.436362935783098038e+01
5.430675236676967188e+01
5.438914718404218718e+01
5.413495298997732874e+01
5.436678392832720874e+01
5.550921007551739450e+01
5.414020999802348655e+01
5.415932640726779823e+01
5.414525527766174662e+01
5.420865852125965034e+01
5.420306082753122467e+01
5.414736326950423972e+01
5.421623418247541792e+01
5.443304369291725209e+01
5.415612114758341278e+01
5.424487173082133040e+01
5.420855077682842449e+01
5.455869311724193693e+01
5.414475875301837249e+01
5.423026576994757875e+01
5.418609878582944361e+01
5.413745738750060355e+01
5.413775201862767972e+01
5.417292411582008071e+01
5.415720905468487700e+01
5.419453763640942867e+01
5.419124081431643702e+01
5.413272193374646690e+01
5.413387998698757997e+01
5.414187731201304388e+01
5.434610599044758317e+01
5.413345959130525387e+01
5.414185797658284827e+01
5.413742009906976449e+01
5.414787411274689788e+01
5.413944213573516606e+01
5.414312406508192055e+01
5.425505321379181822e+01
5.415217980816264998e+01
5.458274926165675822e+01
5.413453954587726713e+01
5.421253793890095096e+01
5.427949027625094658e+01
5.422787410051969204e+01
5.414484012685982606e+01
5.528404834833183656e+01
5.412936711992478678e+01
5.436462285874102918e+01
5.550891703414694689e+01
5.413930104575173630e+01
5.419442445144201059e+01
5.417185824859742382e+01
5.413138030030398795e+01
5.417449367846140973e+01
5.425226343791874939e+01
5.415034035254915068e+01
5.425313719318116057e+01
5.415284069436635406e+01
5.415284069436635406e+01
5.417023550985823732e+01
5.432036182773565258e+01
5.417600920309889290e+01
5.415959556374041739e+01
5.415959556374041739e+01
5.436257352537906229e+01
5.449114188851287111e+01
5.437680439991997616e+01
5.417993720360298937e+01
5.418034520332368231e+01
5.417452169713782695e+01
5.420457320293329673e+01
5.528939552174073668e+01
5.423576024717970512e+01
5.434238015652604759e+01
5.458143104899691878e+01
5.497874723024314392e+01
5.677432005361030321e+01
5.501350210193344736e+01
5.501350210193344736e+01
5.501562789697901223e+01
5.573806495297889541e+01
5.745283176728625563e+01
5.588249993532842552e+01
5.597373719596721031e+01
5.536432200418040850e+01
5.496015446157367279e+01
5.486696425761566331e+01
5.554360171324938733e+01
6.169929726437979411e+01
5.498599616198170281e+01
5.502798588122176682e+01
5.628373033141097181e+01
5.567156920051598945e+01
5.533623042386825830e+01
5.504985986622080674e+01
5.489903539139586286e+01
5.483822475337755975e+01
5.482268933761617546e+01
5.500684692180529112e+01
5.510118298832032480e+01
5.510118298832032480e+01
5.427442406641940664e+01
5.413451598514084395e+01
5.433309984064460707e+01
5.423061301801131151e+01
5.416653202200799910e+01
5.418622828837813188e+01
5.479127103096458029e+01
5.414079828119905358e+01
5.444221583960079158e+01
5.458550876301055155e+01
5.433179147283009058e+01
5.440177518746429541e+01
5.527107703911551084e+01
5.461431097286851610e+01
5.415798752987394238e+01
5.616520668425706475e+01
5.413193884098630804e+01
5.417276955814067918e+01
5.414336293491524543e+01
5.433575784199342706e+01
5.416176557811243697e+01
5.416176557811243697e+01
5.417400111243787109e+01
5.417400111243787109e+01
5.436735588284483356e+01
5.491050385713257498e+01
5.436707161091066354e+01
5.455381021235455563e+01
5.434153799728608192e+01
5.434153799728608192e+01
5.436244086136400000e+01
5.434490422261798415e+01
5.428957623184962955e+01
5.428878582294070299e+01
5.441143032194741380e+01
5.428684091434242021e+01
5.504832708581989209e+01
5.491099022813785524e+01
5.491099022813785524e+01
5.477393571072781953e+01
5.422277269340181505e+01
5.454180299879097760e+01
5.413294610805652241e+01
5.443252657743715872e+01
5.435639432250300729e+01
5.483242150801746106e+01
5.504527616494614506e+01
5.453414027483588455e+01
5.649563322187006520e+01
5.682053438500438602e+01
5.438263057486221896e+01
5.424133270480385960e+01
5.435181181442933251e+01
5.436244086136400000e+01
5.417039250725159860e+01
5.428806275791682623e+01
5.428806275791682623e+01
5.445973248320247251e+01
5.432960238609929604e+01
5.432960238609825154e+01
5.416760174057166921e+01
5.443513907478238423e+01
5.591391430714893573e+01
5.433092760674452393e+01
5.416511957223010398e+01
5.416511957222905949e+01
5.416511957223010398e+01
5.439673650949669081e+01
5.439146848478577567e+01
5.414160610216315206e+01
5.413391926532184328e+01
5.432387888289163413e+01
5.432266837742999144e+01
5.440997504179097888e+01
5.414395802431264570e+01
5.543013755164266598e+01
5.422272369834109895e+01
5.420221680862601943e+01
5.420221680862601943e+01
5.550154140838421313e+01
5.513577759292175529e+01
5.425203146677042554e+01
5.414475331107153266e+01
5.991084564475723084e+01
5.418026737098727352e+01
5.426696622425912864e+01
5.417331294205006031e+01
5.417799793346836168e+01
5.418999401497359258e+01
5.418827261181617416e+01
5.447707712444725558e+01
5.423872540757687233e+01
5.416258085829697677e+01
5.412999369641020309e+01
5.415894875638158368e+01
5.412888019564771724e+01
5.412888019564771724e+01
5.485548070791109154e+01
5.414721980995199146e+01
5.416601854334212618e+01
5.417685991373088683e+01
5.413897387362586500e+01
5.511828973258312914e+01
5.435586536357719467e+01
5.453268701891215642e+01
5.472615193612904250e+01
5.416230688205871502e+01
5.551684692893729789e+01
5.425091574545614037e+01
5.413907853715713969e+01
5.413673122222927248e+01
5.428396891984369432e+01
5.420483920407816214e+01
5.418280328617144903e+01
5.418071217400154183e+01
5.431066074397823229e+01
5.421085106387969432e+01
5.419032113408670170e+01
5.417884210787968158e+01
5.414887700669923731e+01
5.428377867749828312e+01
5.432548591565815599e+01
5.415403891071578357e+01
5.416324543029008254e+01
5.427460524758795657e+01
5.473654146540182808e+01
5.413674059291898999e+01
5.424839135657411049e+01
5.485788596088044500e+01
5.415253147725733385e+01
5.454873139629591350e+01
5.414705759359168979e+01
5.420666166343349346e+01
5.420666166343349346e+01
5.434899658604715711e+01
5.574846438691198358e+01
5.594342249051344851e+01
5.549336670271495819e+01
5.543549815931455527e+01
5.518095563765158573e+01
5.556113440706089790e+01
5.446641824678528820e+01
5.461777932359156296e+01
5.432021666901915324e+01
5.730541670505063934e+01
5.429548367743667114e+01
5.413945960504226207e+01
5.414408975054333695e+01
5.417569384424461987e+01
5.418592982398417490e+01
5.417255672904504848e+01
5.424521618430992476e+01
5.413150489473306237e+01
5.424730055446080712e+01
5.414384566290051737e+01
5.413495124999104036e+01
5.417573187569612259e+01
5.418434184317486313e+01
5.436241410955490494e+01
5.416673361711695378e+01
5.424663965010369537e+01
5.614153673766766417e+01
5.922882006659136778e+01
5.661956590721496951e+01
5.675874914940479954e+01
5.416884225670892050e+01
5.526560968919228145e+01
5.806299632350096829e+01
5.424032542188244577e+01
5.422197596748827664e+01
5.413223437251940595e+01
5.416824120483702387e+01
5.416824120483702387e+01
5.415708542300968986e+01
5.416931392007059998e+01
5.413131381687657040e+01
5.417550020088616947e+01
5.413127152300071288e+01
5.413127152300071288e+01
5.422055300098547548e+01
5.429981400051402574e+01
5.415689604558777859e+01
5.422914401455216193e+01
5.416234435002568404e+01
5.419430042782141754e+01
5.423162417668432056e+01
5.422361783309001027e+01
5.502863034080450433e+01
5.414518512520873372e+01
5.415355380159454768e+01
5.415355380159454768e+01
5.417795090459337359e+01
5.417795090459337359e+01
5.417795090459337359e+01
5.414285255344680081e+01
5.414285255344680081e+01
5.413011198257383683e+01
5.444869213382683171e+01
5.414485862028196550e+01
5.414427568408487446e+01
5.414760913560915867e+01
5.416322387987865028e+01
5.441167613287125704e+01
5.455584876098207303e+01
5.413279773859215283e+01
5.422043484287885207e+01
5.427774569340176924e+01
5.421131924312660999e+01
5.414920542431880790e+01
5.419803883546897794e+01
5.413748625546679705e+01
5.415995993729642066e+01
5.415969994529371689e+01
5.414926975897093797e+01
5.421878896074754550e+01
5.425152188769629902e+01
5.414810414646891701e+01
5.413002530932843825e+01
5.412881688305904504e+01
5.415715824979864124e+01
5.413703870629122861e+01
5.413703870629122861e+01
5.413393348779467118e+01
5.413401814808359802e+01
5.413547474054039554e+01
5.413547474054039554e+01
5.414649290996026565e+01
5.424986547662579284e+01
5.433292636904142370e+01
5.481575695675577720e+01
5.413567169514606547e+01
5.418071217400154183e+01
5.506324594215634960e+01
5.415090036623802661e+01
5.414957820147431988e+01
5.414062011092616444e+01
5.415765331107764524e+01
5.415765331107764524e+01
5.416324543029008254e+01
5.415765331107764524e+01
5.429456127023416201e+01
5.414255709111861847e+01
5.413828521883758782e+01
5.414902122484451752e+01
5.415745334735245109e+01
5.415095143777892872e+01
5.415745334735245109e+01
5.414512243843115868e+01
5.423634848041367462e+01
5.415731180439130554e+01
5.413539079855647174e+01
5.413951066424787228e+01
5.433390169078164433e+01
5.455487206992509641e+01
5.414544344135411791e+01
5.429174638952021326e+01
5.418522690849865597e+01
5.414369455707034717e+01
5.417801101493265747e+01
5.415450372309656046e+01
5.419094328273212824e+01
5.415299329114425575e+01
5.415299329114425575e+01
5.415299329114425575e+01
5.415299329114425575e+01
5.415299329114425575e+01
5.420341551957901061e+01
5.426549536178153943e+01
5.426469872925118665e+01
5.426469872925118665e+01
5.426469872925118665e+01
5.415783300933008348e+01
5.418280328617144903e+01
5.418280328617144903e+01
5.418280328617144903e+01
5.418280328617144903e+01
5.440555969575495965e+01
5.415283229138932342e+01
5.415306469261963684e+01
5.416539635730036650e+01
5.414997927512409603e+01
5.413097586599182165e+01
5.423186575912280460e+01
5.424377781748844995e+01
5.414662275252910462e+01
5.415923323416513568e+01
5.416777010555594529e+01
5.414351138113820383e+01
5.414459493456765671e+01
5.413268098849259502e+01
5.416223756449777937e+01
5.417237869993974897e+01
5.417237869993974897e+01
5.414335396536990430e+01
5.414335396536990430e+01
5.414865495196820433e+01
5.414015034669022697e+01
5.414222286442431908e+01
5.416494851681200373e+01
5.414710314733545005e+01
5.414001179668382946e+01
5.413045844962027076e+01
5.414071628581389461e+01
5.424282064828616967e+01
5.421838914566252043e+01
5.413621991639126918e+01
5.415105777178902713e+01
5.423325597522486419e+01
5.413490516243413708e+01
5.423115036429773284e+01
5.423115036429773284e+01
5.426446566796512627e+01
5.416150373817587393e+01
5.416150373817587393e+01
5.416150373817587393e+01
5.416150373817587393e+01
5.416150373817587393e+01
5.423115036429773284e+01
5.417251719047052916e+01
5.417251719047052916e+01
5.420935151380776063e+01
5.420935151380776063e+01
5.420935151380776063e+01
5.461431097286851610e+01
5.415403891071578357e+01
5.434563613508112212e+01
5.457099998340669345e+01
5.429174638952021326e+01
5.418163250964752109e+01
5.414596343380768673e+01
5.414596343380768673e+01
5.413599179610513090e+01
5.413599179610513090e+01
5.413599179610513090e+01
5.413599179610513090e+01
5.422632198885106192e+01
5.548482716988197438e+01
5.548482716988197438e+01
5.548482716988197438e+01
6.055163433121513350e+01
5.462097169561798182e+01
5.474704272174234632e+01
5.800884018735738579e+01
5.454038586031037994e+01
5.449456143362628069e+01
5.522679719628033013e+01
6.154602268008911636e+01
5.471851777295552921e+01
5.479044121854573746e+01
5.812538971193658455e+01
5.812538971193658455e+01
5.416498596765758577e+01
5.416498596765758577e+01
5.423067266492483895e+01
5.413185445642398719e+01
5.417670681884178663e+01
5.423727083269400850e+01
5.612311534634608279e+01
5.427369700440927147e+01
5.426145366335533282e+01
5.439706740630548154e+01
5.442278843748692907e+01
5.442278843748692907e+01
5.442257090893483706e+01
5.440679374705612048e+01
5.473044015372127546e+01
5.536592137921527268e+01
5.462868690174369846e+01
5.426128024203271849e+01
5.426178325196552521e+01
5.636305934891870351e+01
5.736244784043044120e+01
5.425551620305556355e+01
5.421369483416083312e+01
5.470163768978952845e+01
5.428155286788707912e+01
5.420837128429312202e+01
5.477827252241709743e+01
5.453605199414265314e+01
5.510479882721845968e+01
5.433462145156178025e+01
5.432896781392422270e+01
5.448624621364255205e+01
5.448369652410752195e+01
5.448624621364255205e+01
5.433489012606511182e+01
5.556420620137981103e+01
5.431313948795565238e+01
5.466201870757147674e+01
5.442639310400352315e+01
5.441763843858640115e+01
5.421383255645244503e+01
5.417944812743897387e+01
5.414721980995199146e+01
5.413273930506493770e+01
5.415678337353447347e+01
5.416582182548467017e+01
5.421817732573823889e+01
5.486331024162240055e+01
5.433179147283009058e+01
5.413115693426345132e+01
5.413202115443916540e+01
6.225280493920931946e+01
5.413173872701472789e+01
5.432671214927400882e+01
5.416499439936030313e+01
5.582361087910311426e+01
5.943562398558356819e+01
5.705074620824359499e+01
5.577038560917898025e+01
5.424533444346821653e+01
5.437253021758156990e+01
5.654717393979267115e+01
5.426455008306202643e+01
5.436021386809889577e+01
5.437279504326760815e+01
5.426208000243894247e+01
5.426182651508108989e+01
5.426164238062360567e+01
5.424322806107240780e+01
5.460601995264138253e+01
5.425736503882954054e+01
5.477950350834178295e+01
5.479324302244279465e+01
5.425154447964366256e+01
5.420454194241198564e+01
6.180028940973367924e+01
5.565007226880485547e+01
5.754437572228493281e+01
5.575280658998200778e+01
5.564585443145299593e+01
5.437038749560565520e+01
5.437038749560565520e+01
5.421463010963104523e+01
5.423220521784271142e+01
5.413461192087306983e+01
5.414428173402751554e+01
5.800780242749218729e+01
5.517389378801086508e+01
5.600278082118599343e+01
5.415450372309656046e+01
5.415403891071578357e+01
5.432523227215992989e+01
5.416821816535418321e+01
5.414192446935215486e+01
5.435829837160986244e+01
5.559251061611666955e+01
5.550983531100656876e+01
5.414338023263260169e+01
5.421120691969606753e+01
5.417740045797100379e+01
5.435866782076841730e+01
5.414894283201300595e+01
5.414894283201300595e+01
5.414894283201300595e+01
5.413577293032681581e+01
5.437843748604112193e+01
5.429113361317526198e+01
5.413530649489099034e+01
5.417217611442514169e+01
5.418345738157672997e+01
5.415097848610947295e+01
5.417090866278103789e+01
5.417799793346836168e+01
5.412959331571925503e+01
5.412959331571925503e+01
5.416978569160912826e+01
5.421697073052522597e+01
5.430856998829118254e+01
5.430856998829118254e+01
5.414899354854063063e+01
5.414899354854063063e+01
5.414899354854063063e+01
5.428449543112463971e+01
5.413037419308416531e+01
5.418849491468928647e+01
5.418846690911153985e+01
5.416315375505422480e+01
5.413039305110484634e+01
5.426293075066573834e+01
5.419948982598166509e+01
5.419944594319197506e+01
5.419110968737218315e+01
5.413690427445742159e+01
5.523615870725082289e+01
5.415548015671195969e+01
5.423371495401489284e+01
5.423371495401489284e+01
5.423371495401489284e+01
5.425786851601865379e+01
5.416880483729877938e+01
5.416880483729877938e+01
5.416880483729877938e+01
5.414019174353519048e+01
5.414214003308993028e+01
5.440937074176547839e+01
5.422429158828606433e+01
5.416743115505913408e+01
5.415145589681836924e+01
5.451505346892044201e+01
5.449395938332543921e+01
5.467693080363392966e+01
5.458502760150642530e+01
5.458326122255840573e+01
5.475879688471700035e+01
5.459599648237067981e+01
5.475721973750609095e+01
5.451205861139354880e+01
5.451006291576769769e+01
5.413391389357938266e+01
5.418480475729582935e+01
5.416176530741763884e+01
5.414575265340101140e+01
5.420222413132994888e+01
5.412944515971359039e+01
5.412944515971359039e+01
5.413320371274734555e+01
5.416415425220174029e+01
5.414398809810518287e+01
5.413083236375845075e+01
5.418173698293140461e+01
5.418021424467699632e+01
5.426015053955176626e+01
5.423554260701785523e+01
5.434433990004710324e+01
5.418172882476171281e+01
5.413723087623620955e+01
5.419539618620915888e+01
5.419396904978439267e+01
5.413455154838481320e+01
5.422532416565440627e+01
5.418740853369816080e+01
5.424117548398018585e+01
5.422816186200096666e+01
5.417173268908031503e+01
5.412992887377301088e+01
5.416933771226933914e+01
5.413716303248429540e+01
5.416420421852290445e+01
5.419453763640942867e+01
5.413402681115273651e+01
5.414976996811373056e+01
5.414239517888665887e+01
5.425036649253062393e+01
5.436257352537906229e+01
5.533382512951992283e+01
5.552993848967650337e+01
5.434644944470078798e+01
5.437157297388635868e+01
5.425193397574609122e+01
5.444207501115354830e+01
5.446830317134435262e+01
5.412951574276223710e+01
5.438134363346689071e+01
5.412959893097229269e+01
5.412959893097229269e+01
5.412959893097229269e+01
5.412959893097229269e+01
5.412959893097229269e+01
5.413101613471075524e+01
5.416438684350723065e+01
5.416438684350723065e+01
5.415863671744973118e+01
5.414786859596934221e+01
5.417224879064649912e+01
5.413889695516971301e+01
5.419839235804693089e+01
5.419839235804693089e+01
5.415384834877929876e+01
5.460601995264138253e+01
5.975805003638580359e+01
5.529510495589205732e+01
5.420484624333164447e+01
5.415097848610947295e+01
5.417560842367860374e+01
5.416609395775694935e+01
5.413624023460364754e+01
5.425909829177040677e+01
5.419601893181192764e+01
5.414511071315813240e+01
5.413446060123337134e+01
5.672323017247821753e+01
5.415669861523691964e+01
5.415669861523691964e+01
5.420194030901959081e+01
5.414276756250443157e+01
5.556941233297882121e+01
5.413803725117811894e+01
5.413465272594837074e+01
5.414983882563075923e+01
5.426655888048283316e+01
5.416330839487630300e+01
5.415089865188743090e+01
5.413461709155622970e+01
5.413416738554426644e+01
5.414794876915654243e+01
5.422652001296015101e+01
5.413020792799319025e+01
5.416653202200799910e+01
5.421971288971124636e+01
7.378139481422128654e+01
5.480380826463163402e+01
5.428651535076215140e+01
5.459888922069815465e+01
5.416821816535418321e+01
5.424229068207585414e+01
5.414128898363761522e+01
5.417901269023101207e+01
5.437178223502573360e+01
5.413879293450636965e+01
5.413637265340589977e+01
5.491792267006342598e+01
5.424628499078428945e+01
5.416052806447125789e+01
5.416566592730704599e+01
5.414994189603692831e+01
5.420773843939084458e+01
5.419609781166978024e+01
5.412871688473693155e+01
5.414176629596638435e+01
5.413203416122429701e+01
5.413332143674811192e+01
5.412959331571925503e+01
5.424048713475114880e+01
5.424048713475114880e+01
5.416239905133247845e+01
5.414172975914999597e+01
5.413457726540551107e+01
5.441262171293171690e+01
5.415864116417351681e+01
5.413934360378611643e+01
5.413934360378611643e+01
5.413934360378611643e+01
5.413279773859215283e+01
5.416823861690991748e+01
5.416823861690991748e+01
5.414454546769511012e+01
5.416011733890636037e+01
5.416223756449777937e+01
5.413718309344976376e+01
5.413718309344976376e+01
5.413930886343010940e+01
5.413551383908481540e+01
5.412887003319391965e+01
5.412948556824607493e+01
5.412948556824607493e+01
5.412948556824607493e+01
5.417406677197330822e+01
5.413040167556196991e+01
5.450093368455365095e+01
5.415765331107764524e+01
5.416324543029008254e+01
5.415765331107764524e+01
5.415765331107764524e+01
5.420284700144974011e+01
5.416609395775694935e+01
5.415095143777892872e+01
5.415745334735245109e+01
5.416415425220174029e+01
5.414985430511182329e+01
5.438000523761957794e+01
5.413434699614465728e+01
5.414539239135196169e+01
5.414539239135196169e+01
5.420548950783881281e+01
5.425481127770664358e+01
5.415014173616837923e+01
5.415014173616837923e+01
5.421116283346169951e+01
5.423938520700879451e+01
5.423938520700879451e+01
5.449039056408734893e+01
5.449039056408734893e+01
5.414449073634834519e+01
5.429720823680889907e+01
5.413323015600045807e+01
5.553115965731475256e+01
5.577214478912618034e+01
5.548003273638230581e+01
5.562804456551757681e+01
5.418161591522335385e+01
5.418161591522335385e+01
5.422568344979121946e+01
5.416574854796553495e+01
5.414176629596638435e+01
5.425005263034670122e+01
5.413834992296309423e+01
5.415779366241465453e+01
5.413304960644677521e+01
5.414408522849874572e+01
5.414369683587644744e+01
5.416075568974201104e+01
5.414261558285051024e+01
5.415918925827111963e+01
5.417006502412151292e+01
5.417006502412151292e+01
5.417006502412151292e+01
5.423958596327340587e+01
5.416525024718323067e+01
5.416934696124259574e+01
5.415031655617173101e+01
5.424852434839644388e+01
5.442089991890625100e+01
5.423136330934987370e+01
5.422165695124196105e+01
5.414539239135196169e+01
5.416599413935185936e+01
5.413461037311044777e+01
5.420523204392383576e+01
5.414311917330191193e+01
5.414311917330191193e+01
5.412863474941120501e+01
5.414508944984357441e+01
5.415606761237260969e+01
5.415606761237260969e+01
5.415606761237260969e+01
5.414373373987859850e+01
5.414373373987859850e+01
5.414373373987859850e+01
5.412887636200395747e+01
5.412887636200395747e+01
5.484738148143449621e+01
5.413146204794765737e+01
5.414896629686201379e+01
5.413560021749544404e+01
5.431559847118618478e+01
5.417786212487243347e+01
5.414723808648231085e+01
5.413292776707076115e+01
5.416512995211170534e+01
5.413759948278632095e+01
5.413759948278632095e+01
5.413759948278632095e+01
5.454017951101883455e+01
5.470223562087772251e+01
5.451747907333223253e+01
5.414750524401024023e+01
5.414750524401024023e+01
5.414086718349712157e+01
5.440644621423339089e+01
5.430365825951868430e+01
5.415490635367690686e+01
5.416964638090508544e+01
5.415668665019205719e+01
5.417049596296958214e+01
5.449318046235557489e+01
5.422477811009520821e+01
5.450147570109344031e+01
5.426070592742632215e+01
5.427922976093518770e+01
5.414760298955585682e+01
5.414760298955585682e+01
5.414760298955585682e+01
5.414295100445693265e+01
5.415994050733403498e+01
5.415994050733403498e+01
5.413536184803142248e+01
5.414758606135949037e+01
5.418020465808733377e+01
5.417764524091092682e+01
5.420321671225505611e+01
5.420321671225505611e+01
5.463375426656300959e+01
5.464178092980382218e+01
5.418130913327770770e+01
5.414407900428776799e+01
5.436371300118298677e+01
5.486317990438778480e+01
5.568928698686350742e+01
5.436973392205183586e+01
5.596359377922133405e+01
5.429697702035827689e+01
5.436965354167023179e+01
5.503531461440424977e+01
5.503531461440424977e+01
6.035483993853903684e+01
5.413864494718549736e+01
5.413864494718549736e+01
5.413864494718549736e+01
5.413170191091565187e+01
5.469319491020883817e+01
5.414609854246560872e+01
5.414609854246560872e+01
5.414848081174801564e+01
5.414848081174801564e+01
5.428458747091995917e+01
5.449490690504759982e+01
5.414756405114035687e+01
5.414756405114035687e+01
5.414756405114035687e+01
5.413209685163234042e+01
5.486689014262231723e+01
5.487636813572182604e+01
5.423745175934965346e+01
5.477170392327991522e+01
5.492963781547575763e+01
5.492682898823878190e+01
5.414819054024762579e+01
5.414819054024762579e+01
5.412868456624898528e+01
5.412868456624898528e+01
5.412868456624898528e+01
5.458025796388792372e+01
5.458025796388792372e+01
5.458025796388792372e+01
5.436477716823021211e+01
6.925100001546024941e+01
5.429071800809771275e+01
5.440405439900535356e+01
5.412947618640745873e+01
5.432557121059286942e+01
5.419756134556429572e+01
5.430146600668732759e+01
5.414032762884762207e+01
5.413446060123337134e+01
5.413872733325580100e+01
5.414975429581773625e+01
5.424806599505707538e+01
5.439564981181152348e+01
5.413707712322280230e+01
5.430644591545546263e+01
5.426057354942216904e+01
5.415905894121610942e+01
5.414974104747165740e+01
5.837767475071618151e+01
5.444600973187171888e+01
5.424798948658190767e+01
5.447382059141959587e+01
5.821625788567186532e+01
5.635316881230478714e+01
6.012868215008721506e+01
7.496335900313475520e+01
7.157535881184253412e+01
5.593437257781778271e+01
5.461624007126854252e+01
5.576461210950450464e+01
5.907130208370472957e+01
5.608285921350160663e+01
7.536964116132249103e+01
5.969033114712321719e+01
5.489084728755849341e+01
5.475576856068958165e+01
5.492060508910276440e+01
5.553924553484328186e+01
5.493876161429847116e+01
5.482589891480181876e+01
5.482589891480181876e+01
5.474013849683692001e+01
5.614065289621474619e+01
6.867276260318341485e+01
5.416497053852856425e+01
5.420791907369367379e+01
5.496950682129169508e+01
5.543254495781462765e+01
5.648679245889110234e+01
5.938170902602959700e+01
5.601622870919248953e+01
5.792070994670669393e+01
5.413168558345071091e+01
5.422089560965926580e+01
5.414055219954477138e+01
5.414055219954477138e+01
5.415640206848591731e+01
5.416356573072619796e+01
5.547878857270636388e+01
5.426786803222208988e+01
5.413322030164263055e+01
5.413322030164263055e+01
5.417280045188721260e+01
5.414496564658531241e+01
5.416434026987297301e+01
5.414530918706396534e+01
5.414506228385993580e+01
5.414506228385993580e+01
5.414506228385993580e+01
5.413442593654090729e+01
5.413442593654090729e+01
5.413442593654090729e+01
5.416901986399146551e+01
5.413579992161281496e+01
5.416036043109994580e+01
5.414242050186311417e+01
5.414242050186311417e+01
5.414242050186311417e+01
5.416685419921921607e+01
5.414669110566171639e+01
5.415316223151547348e+01
5.420194030901959081e+01
5.414064101918501137e+01
5.421944085174533257e+01
5.429720823680889907e+01
5.425698842573505942e+01
5.420309484132867794e+01
5.427135913013601964e+01
5.436257352537906229e+01
5.417770322486823886e+01
5.413819882063663869e+01
5.413819882063663869e+01
5.563169439915981229e+01
5.658071078387823860e+01
5.554923333479552383e+01
5.675584589461538343e+01
5.594868941232724069e+01
5.534147891047007306e+01
5.530052485171798793e+01
5.813778669711262381e+01
5.460510043748097786e+01
5.479222561424001015e+01
5.516257919439195234e+01
5.481059921047325645e+01
5.457540165652478237e+01
5.476335437037130305e+01
5.540558435045066688e+01
5.527429952912548572e+01
5.455457291882446924e+01
5.415127060545471949e+01
5.418707985982392472e+01
5.418522743596516733e+01
5.418522743596516733e+01
5.418522743596516733e+01
5.418522743596516733e+01
5.421013680840951565e+01
5.417886565246038799e+01
5.417886565246038799e+01
5.417886565246038799e+01
5.419553414349606157e+01
5.427729571016561749e+01
5.421902050647572935e+01
5.483561393854549948e+01
5.490537394218508638e+01
5.484401621052195708e+01
5.536476439942771322e+01
5.542637491125640992e+01
5.530357966701884465e+01
5.955452818007896099e+01
5.642533287608171122e+01
5.664046611551626143e+01
5.496161811541988129e+01
5.603361983978096106e+01
5.416054198995927749e+01
5.418459673571605606e+01
5.438358419288494616e+01
5.434458605668548614e+01
5.416362281462877348e+01
5.862981514039437059e+01
5.498209667778019849e+01
5.413371912338094916e+01
5.415844822580505991e+01
5.419405920002812849e+01
5.418450410684154406e+01
5.511618881026683425e+01
5.566846976643049061e+01
5.430495403610090932e+01
5.430780096574979154e+01
5.430216798376164178e+01
5.414492783919744312e+01
5.414492783920058372e+01
5.414492783919744312e+01
5.414492783920058372e+01
5.416321341212671570e+01
5.420298698902352896e+01
5.413374636358302183e+01
5.413409958349619444e+01
5.418570725423720802e+01
5.416208079531413944e+01
5.413754280138154940e+01
5.413754280138154940e+01
5.414524098855264356e+01
6.482746325324328041e+01
5.419317933233460849e+01
5.419317933233460849e+01
5.414157346744892862e+01
5.414157346744892862e+01
5.420166976755861299e+01
5.417812389697341047e+01
5.417812389697341047e+01
5.417812389697341047e+01
5.420899778182616302e+01
5.420899778182616302e+01
5.419116962809585658e+01
5.416576590766293720e+01
5.417390702726773100e+01
5.417390702726773100e+01
5.417390702726773100e+01
5.417390702726773100e+01
5.417390702726773100e+01
5.416576590766293720e+01
5.414794876915654243e+01
5.413965065979815705e+01
5.414644770827069209e+01
5.416330839487630300e+01
5.416501830253781691e+01
5.415225331734809799e+01
5.417129533277385889e+01
5.462687628164005105e+01
5.436865465383579021e+01
5.422568344979121946e+01
5.419769051590375142e+01
5.417701355544169672e+01
5.436257352537906229e+01
5.422227248267212474e+01
5.444117581655059013e+01
5.460601995264138253e+01
5.414393424197674420e+01
5.429720823680889907e+01
5.420194030901959081e+01
5.448248165227230544e+01
5.422834106412490485e+01
5.417895418000114915e+01
5.417895418000114915e+01
5.419381117757495048e+01
5.416713589647149263e+01
5.414049366063292013e+01
5.504584879086817750e+01
5.446144635507474874e+01
5.554883521977681937e+01
5.459191065686351152e+01
5.469217141382135594e+01
5.443064758119908930e+01
5.443064758119908930e+01
5.443064758119908930e+01
5.428963007490752091e+01
5.428963007490752091e+01
5.420604506081252083e+01
5.420590514357077438e+01
5.420261789665384100e+01
5.415284703286970824e+01
5.434666595697837010e+01
5.422036362046220148e+01
5.427333920635412312e+01
5.427333920635412312e+01
5.484807020487296825e+01
5.415152822704808244e+01
5.423275767369329969e+01
5.422664139141808448e+01
5.422664139141808448e+01
5.431572714498158660e+01
5.568719399140567816e+01
5.570529623499337646e+01
5.443694354954250514e+01
5.419960416614549104e+01
5.535571910313724686e+01
5.451569376394918720e+01
5.465068314686720186e+01
5.414096141837406151e+01
5.416819377226480725e+01
5.422941932008622956e+01
5.414335980274162807e+01
5.416476718686217851e+01
5.436482924992074572e+01
5.498720544686685230e+01
5.473924663753715691e+01
5.476755499677664574e+01
5.476755499677457806e+01
5.595008520135647956e+01
5.481037296737088127e+01
5.484138986238015434e+01
5.468899214321796620e+01
5.563944385403767967e+01
5.489416301924306651e+01
5.489416301924306651e+01
5.489416301924306651e+01
5.480314075603259028e+01
5.713037848631707050e+01
5.492329336208512558e+01
5.446549767123970298e+01
5.493696098030326169e+01
5.517191736300236471e+01
6.031966603663184401e+01
5.489722973193899236e+01
5.507438057375508578e+01
5.493404540945485337e+01
5.493404540945485337e+01
5.493404540945485337e+01
5.487815885971354390e+01
5.487815885971354390e+01
5.477970039262071111e+01
5.480314075603259028e+01
5.481497586196397975e+01
5.484547806005829784e+01
5.520787422114710097e+01
5.520787422114710097e+01
5.478034585112094135e+01
5.478034585112094135e+01
5.478034585112094135e+01
5.541898362262396205e+01
6.781512797033541062e+01
5.526161786931914577e+01
5.477635327777392149e+01
5.477970039262071111e+01
5.483325364975275562e+01
5.483850048420934797e+01
5.449042987003769412e+01
5.484294318447639682e+01
5.483604136039630106e+01
5.487815885971354390e+01
5.413332319976434803e+01
5.424533903272870816e+01
5.451915374495510491e+01
5.457371845618177986e+01
5.413434699614465728e+01
5.414245628592677662e+01
5.429978352988572254e+01
5.412905194012368071e+01
5.423121493779411395e+01
5.416415425220174029e+01
5.414110647355235528e+01
5.419539618620915888e+01
5.427399998151372529e+01
5.413951266703477927e+01
5.413552347724258595e+01
5.421418549935642517e+01
5.429787422358057114e+01
5.436318213040540570e+01
5.416501830253781691e+01
5.413320091265850209e+01
5.416047108000190491e+01
5.420377200255460082e+01
5.420773843939084458e+01
5.413124043524853590e+01
5.420284700144974011e+01
5.427253138345299277e+01
5.414454546769511012e+01
5.419618787195352638e+01
5.478721485006396819e+01
5.417160776176552162e+01
5.413659342319435552e+01
5.413659342319435552e+01
5.413659342319435552e+01
5.423956393099367546e+01
5.417141585541278914e+01
5.423115909692999281e+01
5.427788905812406028e+01
5.414454546769511012e+01
5.415065769208240454e+01
5.420284700144974011e+01
5.429787422358057114e+01
5.422737547408866732e+01
5.416243890885133538e+01
5.413225839961158670e+01
5.416415425220174029e+01
5.442837181437735694e+01
5.491686782568243075e+01
5.414222628199910048e+01
5.413705461789378148e+01
5.413757915902592543e+01
5.416516206962757707e+01
5.414231258570174532e+01
5.415602345923874594e+01
5.413514550604946862e+01
5.454590015219144306e+01
5.420838712132281501e+01
5.415341035916056001e+01
5.415341035916056001e+01
5.413649305142466517e+01
5.413690799439490320e+01
5.418969456813707097e+01
5.417565314413576516e+01
5.416950736378636577e+01
5.446036031532970867e+01
5.414454546769511012e+01
5.415526834703290149e+01
5.419539618621229238e+01
5.418191091550057337e+01
5.423902499690530021e+01
5.413482395153292970e+01
5.414069660059018219e+01
5.412881475949551913e+01
5.417484283512441579e+01
5.415932233895028958e+01
5.413680358514751845e+01
5.418280328617144903e+01
5.432684551236327053e+01
5.430558099739089073e+01
5.414502219607226152e+01
5.414096217617308326e+01
5.414257551425559001e+01
5.423762137087595647e+01
5.415823287974864542e+01
5.412885619333661680e+01
5.412885619333661680e+01
5.412885619333661680e+01
5.427988948745436204e+01
5.416501830253781691e+01
5.413101778158432609e+01
5.437316328242413732e+01
5.414406144283162803e+01
5.414406144283162803e+01
5.415833833341318382e+01
5.415349777853858626e+01
5.415349777853858626e+01
5.431390376386674035e+01
5.414793005666540182e+01
5.414793005666540182e+01
5.413306092380262413e+01
5.416976807278108907e+01
5.414415094347469193e+01
5.428761335864751203e+01
5.417052766178089485e+01
5.487466086518115560e+01
5.416293776520355152e+01
5.416293776520355152e+01
5.427663073110837644e+01
5.415260793765738612e+01
5.421049848728802800e+01
5.421049848728802800e+01
5.415760800446496148e+01
5.415219510118213719e+01
5.414172975914999597e+01
5.415354622588262856e+01
5.415354622588262856e+01
5.415354622588262856e+01
5.417173997712755096e+01
5.413434699614465728e+01
5.413248041895359108e+01
5.413122665071124118e+01
5.414171903203370562e+01
5.414622991583447487e+01
5.415003761366278212e+01
5.470310474295401093e+01
5.421584800455800490e+01
5.416754778500002487e+01
5.439311756026155109e+01
5.712704109326713109e+01
5.458289118732874812e+01
5.413185445642398719e+01
5.413185445642398719e+01
5.414623834234573962e+01
5.433853713211968284e+01
5.432658226113849764e+01
5.742377739902433831e+01
5.422531142655495984e+01
5.414643409097235605e+01
5.415349777853858626e+01
5.415349777853858626e+01
5.433657868247387057e+01
5.427365935605015324e+01
5.418454100838837206e+01
5.414633133207920679e+01
5.445044321708018487e+01
5.429589830796161465e+01
5.414427568408487446e+01
5.483484957627335632e+01
5.807470798307599580e+01
5.422473335177609499e+01
5.425936433777825840e+01
5.441602361786694786e+01
5.413272763005025467e+01
5.416051231937645127e+01
5.416051231937645127e+01
5.416051231937645127e+01
5.422629812472608535e+01
5.414394134843267636e+01
5.423658528684872238e+01
5.418716714559941749e+01
5.414894283201300595e+01
5.414894283201300595e+01
5.416842135558873395e+01
5.416842135558873395e+01
5.416842135558873395e+01
5.413677018969519139e+01
5.413677018969519139e+01
5.433601492597389182e+01
5.433601492597389182e+01
5.422868977987941719e+01
5.422868977987941719e+01
5.419430627573260040e+01
5.419430627573260040e+01
5.424048713475114880e+01
5.427025486461408121e+01
5.418738132945547648e+01
5.422267358391130898e+01
5.415602345924084204e+01
5.412950702586205409e+01
5.428167851530431420e+01
5.418207566990000856e+01
5.416817885344252659e+01
5.413914153536779850e+01
5.427066349146762292e+01
5.413810151015917427e+01
5.413912243632774590e+01
5.417186594229618635e+01
5.436611428277108615e+01
5.415260816345202954e+01
5.415260816345202954e+01
5.418602378802957986e+01
5.417967764161750921e+01
5.413393632419277424e+01
5.416646409046764887e+01
5.413494955059282887e+01
5.415286663685427726e+01
5.415341908136306159e+01
5.415341908136306159e+01
7.190190762123778256e+01
5.416179496826071471e+01
5.416179496826071471e+01
5.422400655103324851e+01
5.414386616678963549e+01
5.414269140106820544e+01
5.439234475367918975e+01
5.591869275471199785e+01
5.452294775638064550e+01
5.417740045797100379e+01
5.417740045797100379e+01
5.427839896081942328e+01
5.417217611442514169e+01
5.435306460103126369e+01
5.423180912572279055e+01
5.418300347384544580e+01
5.418300347384544580e+01
5.416360867932162648e+01
5.430469557151653959e+01
5.430365825951868430e+01
5.414908949344500400e+01
5.415033566383736030e+01
5.415417374000772810e+01
5.435866782076841730e+01
5.415096141871742219e+01
5.415096141871742219e+01
5.415096141871742219e+01
5.419697255854772067e+01
5.412882155375869786e+01
5.431840087944454609e+01
5.416558067708847091e+01
5.422090287226531302e+01
5.413834992296309423e+01
5.414221241369084225e+01
5.416912966339081947e+01
5.457119705550623934e+01
5.769331336323016757e+01
5.417189059802905859e+01
5.422969635586920845e+01
5.420256888925729299e+01
5.420256888925729299e+01
5.420256888925729299e+01
5.415341467685200882e+01
5.413623067954677737e+01
5.413623067954677737e+01
5.413623067954677737e+01
5.436702431668193469e+01
5.436702431668193469e+01
5.414208624900050637e+01
5.415736968970824705e+01
5.413899234776989289e+01
5.413899234776989289e+01
5.413589033347042800e+01
5.435826586649363179e+01
5.431154051944763239e+01
5.425021498497753925e+01
5.422426851892425503e+01
5.442292202609212382e+01
5.442292202609212382e+01
5.442292202609212382e+01
5.442292202609212382e+01
5.442292202609212382e+01
5.445912439777569602e+01
5.445912439777569602e+01
5.445912439777569602e+01
5.445912439777569602e+01
5.445912439777569602e+01
5.445912439777569602e+01
5.414952349692744349e+01
5.413671846148422873e+01
5.417778078441126155e+01
5.417778078441126155e+01
5.416880483729877938e+01
5.416880483729877938e+01
5.416880483729877938e+01
5.414019174353519048e+01
5.419283980819269431e+01
5.420651456078167740e+01
5.420651456078167740e+01
5.420651456078167740e+01
5.414637953373011925e+01
5.417669112809638676e+01
5.413470481170448778e+01
5.413470481170448778e+01
5.413470481170448778e+01
5.413077053498835767e+01
5.413636928866650067e+01
5.429236319142167844e+01
5.429236319142167844e+01
5.429236319142167844e+01
5.416030186068202568e+01
5.415039781177827649e+01
5.631072008453555355e+01
5.416068203729395947e+01
5.526133224344361139e+01
5.415093325656157930e+01
5.415093325656157930e+01
5.415093325656157930e+01
5.527362523407299477e+01
5.416030301238146194e+01
5.413756467710453535e+01
5.421562143077012053e+01
5.421562143077012053e+01
5.421562143077012053e+01
5.444044504149948693e+01
5.449432145429327790e+01
5.451205861139354880e+01
5.451006291576769769e+01
5.428333340596725520e+01
5.432235627041777803e+01
5.416990021301761971e+01
5.417979623378258935e+01
5.418255261246995502e+01
5.418079344248513962e+01
5.418228049114833311e+01
5.437766092940709228e+01
5.425179377990725982e+01
5.425179377990725982e+01
5.413221138307672931e+01
5.413221138307672931e+01
5.413560409172161059e+01
5.413266611555216201e+01
5.413461037311044777e+01
5.422889591759318506e+01
5.422889591759318506e+01
5.419271223865392528e+01
5.419271223865392528e+01
5.418970480693185721e+01
5.414454546769511012e+01
5.417453957185205127e+01
5.413407557611162702e+01
5.413407557611162702e+01
5.418692835428235099e+01
5.418692835428235099e+01
5.429710640041140834e+01
5.429942705623592047e+01
5.425781457235106586e+01
5.429920193786002613e+01
5.413168955400315241e+01
5.413168955400315241e+01
5.427087557038402110e+01
5.427087557038402110e+01
5.427087557038402110e+01
5.421117678912739990e+01
5.420039236656216985e+01
5.419733403062107868e+01
5.419991822069676601e+01
5.418445253866223510e+01
5.413125488241976768e+01
5.438036415004572888e+01
5.422975294707005389e+01
5.416024428663649815e+01
5.427253138345299277e+01
5.429387570682145991e+01
5.429231795757434043e+01
5.422559350453964555e+01
5.420079851249034419e+01
5.435264010498762133e+01
5.420518152183885974e+01
5.429070984889186491e+01
5.440565631761657528e+01
5.418172882476275731e+01
5.419406481081158233e+01
5.419406481081158233e+01
5.419396904978439267e+01
5.421770487575912512e+01
5.413331757421941148e+01
5.418191091550057337e+01
5.416236239201644764e+01
5.422816186200096666e+01
5.424511094790586441e+01
5.413069258847140475e+01
5.415187910061250420e+01
5.413467827733909843e+01
5.413775201862767972e+01
5.415556174633009334e+01
5.417608953405790828e+01
5.416755405161201509e+01
5.416755405161201509e+01
5.416755405161201509e+01
5.416755405161201509e+01
5.416755405161201509e+01
5.414985786261983236e+01
5.414985786261983236e+01
5.414586849179265471e+01
5.413905805637741508e+01
5.413400824554734925e+01
5.416673770046950409e+01
5.416673770046950409e+01
5.488620880312321049e+01
5.420980595139764802e+01
5.417260084562654754e+01
5.419650844282185886e+01
5.418478505762843866e+01
5.416815186835341223e+01
5.419444649494111843e+01
5.418235336427948567e+01
5.418235336427948567e+01
5.418729567850071049e+01
5.418729567850071049e+01
5.450525808761962310e+01
5.413150489473306237e+01
5.421567078015741004e+01
5.422137032107322341e+01
5.422137032107322341e+01
5.422137032107322341e+01
5.429720823680889907e+01
5.533382512952402266e+01
5.429021303347770555e+01
5.428915062518253620e+01
5.413063459168067482e+01
5.413063459168067482e+01
5.413063459168067482e+01
5.413773361378386539e+01
5.571937177267857777e+01
5.571937177267857777e+01
5.413145532169294682e+01
5.415944337619374238e+01
5.415944337619374238e+01
5.497846179149019008e+01
5.425495995122741988e+01
5.667590368312151128e+01
5.659439295373849887e+01
5.442517219408580331e+01
5.656395714015820886e+01
5.426913411857619707e+01
5.414187713177097550e+01
5.418775834370722322e+01
5.414874548117671083e+01
5.414793443019087249e+01
5.412988370404206506e+01
5.432771758426294184e+01
5.437708077314668742e+01
5.416052806447125789e+01
5.416754226189022603e+01
5.414157560165007510e+01
5.414172975914999597e+01
5.414065631361583542e+01
5.419907248564865654e+01
5.419907248564656754e+01
5.413324359851377210e+01
5.414627316849086469e+01
5.420480625169781064e+01
5.413450088987462294e+01
5.658477872554863097e+01
5.413464139225061444e+01
5.414983882563075923e+01
5.414983882563075923e+01
5.414983882563075923e+01
5.416330839487630300e+01
5.413461709155622970e+01
5.413461709155622970e+01
5.413461709155622970e+01
5.413315442863778770e+01
5.413437073207996519e+01
5.413437073207996519e+01
5.413437073207996519e+01
5.413437073207996519e+01
5.413315442863778770e+01
5.413437073207996519e+01
5.413437073207996519e+01
5.413437073207996519e+01
5.413437073207996519e+01
5.413315442863778770e+01
5.422737547408866732e+01
5.413364199362742113e+01
5.413364199362742113e+01
5.413364199362742113e+01
5.413364199362742113e+01
5.414874548117671083e+01
5.414954857220121909e+01
5.413481715705817265e+01
5.413962155028516321e+01
5.516623573744876552e+01
5.416538671436782693e+01
5.413465087013389621e+01
5.413147837336480706e+01
5.413147837336480706e+01
5.414055219954477138e+01
5.414046111071696998e+01
5.415779366241465453e+01
5.415779366241465453e+01
5.413304960644677521e+01
5.414408522849874572e+01
5.416374591463687693e+01
5.414506228385993580e+01
5.414369683587644744e+01
5.414482424604056376e+01
5.414482424604056376e+01
5.414369683587644744e+01
5.413418513106384466e+01
5.421888833073406033e+01
5.416182830583437635e+01
5.416182830583437635e+01
5.416182830583437635e+01
5.414261558285051024e+01
5.414261558285051024e+01
5.414314896449633352e+01
5.414314896449633352e+01
5.414314896449633352e+01
5.414314896449633352e+01
5.414314896449633352e+01
5.414314896449633352e+01
5.414261558285051024e+01
5.414261558285051024e+01
5.417968374214551375e+01
5.413838417868691266e+01
5.413838417868691266e+01
5.587536720446982486e+01
5.531019933782161502e+01
5.420266094464127349e+01
5.417827418266700334e+01
5.502741601128132487e+01
5.432114778657603438e+01
5.425671707935188692e+01
5.425671707935188692e+01
5.414751285236861378e+01
5.460047353061339948e+01
5.426809776947549580e+01
5.426809776947549580e+01
5.413098227243261817e+01
5.413537273201579580e+01
5.413537273201579580e+01
5.415631434341828765e+01
5.415631434341828765e+01
5.415631434341828765e+01
5.415631434341828765e+01
5.550654206932866686e+01
5.550654206932866686e+01
5.413514550604946862e+01
5.445674897176841966e+01
5.413434699614465728e+01
5.415995288308420896e+01
5.415995288308420896e+01
5.421386800807921702e+01
5.421386800807921702e+01
5.416757807071657282e+01
5.413705461789378148e+01
5.413834670427905138e+01
5.417485433063021105e+01
5.417485433063021105e+01
5.417485433063021105e+01
5.433003522987453238e+01
5.413047444707068934e+01
5.419235215027489971e+01
5.414940359612332799e+01
5.414940359612332799e+01
5.414940359612332799e+01
5.412945632753662295e+01
5.412945632753662295e+01
5.414985430511182329e+01
5.414643409097235605e+01
5.416662258551573927e+01
5.440280249074861985e+01
5.412887939546035909e+01
5.415282301763051720e+01
5.414169737079213007e+01
5.414169737079213007e+01
5.428180585130931490e+01
5.418815417491361330e+01
5.437381612060802638e+01
5.504366581104232381e+01
5.444909665895166029e+01
5.418811711133712095e+01
5.416980947810982627e+01
5.418161591522335385e+01
5.418161591522335385e+01
5.418161591522335385e+01
5.422568344979121946e+01
5.417630956834304357e+01
5.413516891672799147e+01
5.531287920753381115e+01
5.552358650193372114e+01
5.525998621477899064e+01
5.540019867452986801e+01
5.415669861523691964e+01
5.415669861523691964e+01
5.415669861523691964e+01
5.420194030901959081e+01
5.414276756250443157e+01
5.415422444356424592e+01
5.415492107869947347e+01
5.417068391395054761e+01
5.413900801954167008e+01
5.421386800808131312e+01
5.421386800808026862e+01
5.421386800807921702e+01
5.420053003601092456e+01
5.422949197149103640e+01
5.444690392814714386e+01
5.428677694361436323e+01
5.413039305110484634e+01
5.414492442035026443e+01
5.484738148143449621e+01
5.418546154733139275e+01
5.418546154733139275e+01
5.418546154733139275e+01
5.548253826385904119e+01
5.530709911168099779e+01
5.413346452519834884e+01
5.419600988713671086e+01
5.419600988713671086e+01
5.509676096217908992e+01
5.428580253075479334e+01
5.420180253669484927e+01
5.413693932140661502e+01
5.413391389357938266e+01
5.418480475729582935e+01
5.418480475729582935e+01
5.416176530741763884e+01
5.416176530741763884e+01
5.416176530741763884e+01
5.415995993729642066e+01
5.416145926423300949e+01
5.416145926423300949e+01
5.416145926423300949e+01
5.415995993729642066e+01
5.416415425220174029e+01
5.413717197301136252e+01
5.413717197301136252e+01
5.414575265340101140e+01
5.414146777952362299e+01
5.420222413132994888e+01
5.420373241273603782e+01
5.420373241273603782e+01
5.417834786243491862e+01
5.417834786243491862e+01
5.417834786243491862e+01
5.417896689773464658e+01
5.417896689773464658e+01
5.420868684959032890e+01
5.420786206052375178e+01
5.420786206052375178e+01
5.417317184445448675e+01
5.414633133207920679e+01
5.420066107126218924e+01
5.415412719917644324e+01
5.420220955110887218e+01
5.416582182548675917e+01
5.413115693426345132e+01
5.413209986274234353e+01
5.423119652185511086e+01
5.417888661490149360e+01
5.416494062514625796e+01
6.258597872069559997e+01
5.436702431668193469e+01
5.436702431668193469e+01
5.417597399871274888e+01
5.427025486461408121e+01
5.416558067708847091e+01
5.416558067708847091e+01
5.414671762023053958e+01
5.414940359612332799e+01
5.414940359612332799e+01
5.414940359612332799e+01
5.415145589681836924e+01
5.432110304773419074e+01
5.434610077561016794e+01
5.460525208750269854e+01
5.444606286822611452e+01
5.423121493779411395e+01
5.416691781542736095e+01
5.418884646356491430e+01
5.414221241369084225e+01
5.414221241369084225e+01
5.467561364672490498e+01
5.414580729810284510e+01
5.455347248418001982e+01
5.440076838575775753e+01
5.440076838575775753e+01
5.416934696124259574e+01
5.414237470222344939e+01
5.414166671255840413e+01
5.414164253429176910e+01
5.417074753607998616e+01
5.415336213918337904e+01
5.421911161319030725e+01
5.418846690910945085e+01
5.426703238502961568e+01
5.453683447900370851e+01
5.457024329832035647e+01
5.449242060051741987e+01
5.415642464361840069e+01
5.416050378112822017e+01
5.416315375505422480e+01
5.428423255676893433e+01
5.431477072446779886e+01
5.431113645261368106e+01
5.412993245267874443e+01
5.426182301520184836e+01
5.425336811589222208e+01
5.421233254992864659e+01
5.435178957789142373e+01
5.413032455659044473e+01
5.412891018131529819e+01
5.412891018131529819e+01
5.412891018131529819e+01
5.414172733847107111e+01
5.423872540757687233e+01
5.412888019564771724e+01
5.412888019564771724e+01
5.412888019564771724e+01
5.413703103868334665e+01
5.428396891984369432e+01
5.424839135657411049e+01
5.415253147725733385e+01
5.426187587793278766e+01
5.426812934401593225e+01
5.426809776947549580e+01
5.426809776947549580e+01
5.473311779674017430e+01
5.473311779674017430e+01
5.426812934401593225e+01
5.430371251528694643e+01
5.430371251528694643e+01
5.430371251528694643e+01
5.420512156160424411e+01
5.418448799072663746e+01
5.418448799072663746e+01
5.418448799072663746e+01
5.414342790837990549e+01
5.426812934401593225e+01
5.426812934401593225e+01
5.426812934402323663e+01
5.422504983287383595e+01
5.422504983287383595e+01
5.420736514295335695e+01
5.415995288308420896e+01
5.415995288308734956e+01
5.415995288308734956e+01
5.415995288308734956e+01
5.415995288308734956e+01
5.415995288308734956e+01
5.415995288308420896e+01
5.465327208709703655e+01
5.426749435497017515e+01
5.417827418266700334e+01
5.413861816689509965e+01
5.413861816689509965e+01
5.413861816689509965e+01
5.473668489819399241e+01
5.416588960048984802e+01
5.416201473395481969e+01
5.416201473395481969e+01
5.423042891345872363e+01
5.417210703237813618e+01
5.417210703237813618e+01
5.413479795603650047e+01
5.449244160856753183e+01
5.421668020452013081e+01
5.413560021749544404e+01
5.413780499615316444e+01
5.413780499615316444e+01
5.415854916831965227e+01
5.449007337307341459e+01
5.490308820172913329e+01
5.537528630084980819e+01
5.459326096156959807e+01
5.424666305701580171e+01
5.424666305701580171e+01
5.435905772728548868e+01
5.413473775618291484e+01
5.416344295665125941e+01
5.418144160875971949e+01
5.455192864428553179e+01
5.418568644894091335e+01
5.415418833924837827e+01
5.428639687509645029e+01
5.413659332793243095e+01
5.460965884277963767e+01
5.460965884277963767e+01
5.431149066079198917e+01
5.431149066079198917e+01
5.480074986995578001e+01
5.480074986995578001e+01
5.426023936408063975e+01
5.439932135883466202e+01
5.417418098990638953e+01
5.422095409657134013e+01
5.422095409657134013e+01
5.421311570567113591e+01
5.421311570567113591e+01
5.748941441661832386e+01
5.429914568473734704e+01
5.414974104747165740e+01
5.456350656188937620e+01
5.680732561160395022e+01
5.483956984536472135e+01
5.483956984536472135e+01
5.483956984536472135e+01
5.423126296276381453e+01
5.423126296276381453e+01
5.423126296276381453e+01
5.556407351361399094e+01
5.422626146304985895e+01
5.519040980333046065e+01
5.547912609208994184e+01
5.631216832792484439e+01
5.447214736210894159e+01
5.484903581627391134e+01
5.484903581627391134e+01
5.417512160432443835e+01
5.417281226829686602e+01
5.414370354619867243e+01
5.432176018047893251e+01
5.475411322986343521e+01
5.436078505437688335e+01
5.421857159631072420e+01
5.414402296273286908e+01
5.481551908287988795e+01
5.419740889162886077e+01
5.460142803344212581e+01
5.416252403809297533e+01
5.415481132510213769e+01
5.415431632565915976e+01
5.487778244482006329e+01
5.515475275400670796e+01
5.463226972717109930e+01
5.421228510837871539e+01
5.421122027319158576e+01
5.414318176410458960e+01
5.423668901641389795e+01
5.415079162393841017e+01
5.417992744096460456e+01
5.418304888342537851e+01
5.421649183987010900e+01
5.421649183987010900e+01
5.421649183987010900e+01
5.428568506501605384e+01
5.428568506501709834e+01
5.424417482917099420e+01
5.911745328449617176e+01
6.930585148541796059e+01
5.513673968333474562e+01
5.535968437310493329e+01
5.531619556175813557e+01
5.507766092578712147e+01
5.681477047754103893e+01
5.415261328158604215e+01
5.416949982079498227e+01
5.414006156169857320e+01
5.415577231197516994e+01
5.530221504318052439e+01
5.414478330560885411e+01
5.420415561151329342e+01
5.418696278799617971e+01
5.414239855798803802e+01
5.414245219985875934e+01
5.414245219985875934e+01
5.413805907353992097e+01
5.413805907353992097e+01
5.413805907353992097e+01
5.413805907353992097e+01
5.423487394211723966e+01
5.415396729619574501e+01
5.414153771742038401e+01
5.429720823680889907e+01
5.414101851213249716e+01
5.433329625521049167e+01
5.432152279019155117e+01
5.492491227488329031e+01
5.457156714872533598e+01
6.058938784536493216e+01
7.402992241074987589e+01
5.415098809635594534e+01
5.423022301759407071e+01
5.936549810798584303e+01
7.564338657819772038e+01
5.978424300170756567e+01
5.482220134597751127e+01
5.487104223386321422e+01
5.523221081797436227e+01
5.596581086249270953e+01
5.518570621102867335e+01
5.485158665133655376e+01
5.608092096513318836e+01
5.514046668721589839e+01
5.414841071019255025e+01
5.417186287925284205e+01
5.594554314502682502e+01
5.430402191457553585e+01
5.413486439982538201e+01
5.430402191457553585e+01
5.413456231460457957e+01
5.414181706531094562e+01
5.414875890351850529e+01
5.415081442264305167e+01
5.514357617858379257e+01
5.415197279229101923e+01
5.416581088530215737e+01
5.415140975035710369e+01
5.413486919588491020e+01
5.413461709155622970e+01
5.413461709155622970e+01
5.413355930426919826e+01
5.413355930426919826e+01
5.413355930426919826e+01
5.420504383169847529e+01
5.412849282702115516e+01
5.414844888341625051e+01
5.413466574601614667e+01
5.413466574601614667e+01
5.413466574601614667e+01
5.413466574601614667e+01
5.413466574601614667e+01
5.413480960030087630e+01
5.412822191096065438e+01
5.422568344979121946e+01
5.428269290640176337e+01
5.413019407040464870e+01
5.439102276078546083e+01
5.427228218094686696e+01
5.436257352537906229e+01
5.430961741319952552e+01
5.426022870302514889e+01
5.426704735607257390e+01
5.419828463179807443e+01
5.484738148143449621e+01
5.434669354335407121e+01
5.429720823680889907e+01
5.415754240137037812e+01
5.412849145862497124e+01
5.412849145862497124e+01
5.412849145862497124e+01
5.413573178610791103e+01
5.417427476728129676e+01
5.448210816827256053e+01
5.413472998934088309e+01
5.413019733820436841e+01
5.439311756026155109e+01
5.413891911583021255e+01
5.413523908071338298e+01
5.442912166627737491e+01
5.423370931556183194e+01
5.435052119682450211e+01
5.510253775268002130e+01
5.428068179351544131e+01
5.418751166300557287e+01
5.453245378196222504e+01
5.428914496938128309e+01
5.413989814109704213e+01
5.512561852784435246e+01
5.474454285545058241e+01
5.513514386444113313e+01
5.490234246465999490e+01
5.486890690169019535e+01
5.532945939362586785e+01
7.124947046914924442e+01
5.671112863245367208e+01
6.060177489781960247e+01
6.368328828811574027e+01
6.298488349778404682e+01
5.443772784339273585e+01
5.486766760981079472e+01
5.464337132819245113e+01
5.457386575896262570e+01
5.457386575896262570e+01
5.442862798388658518e+01
5.460295579662833632e+01
5.524149699257714730e+01
5.532812681816839984e+01
5.444190002229797187e+01
5.428282577141544607e+01
5.427928169946277137e+01
5.427928169946277137e+01
5.432144769963633024e+01
5.426458693664304178e+01
5.420971388373538957e+01
5.431964871915543114e+01
5.450297712596974975e+01
5.443550133477057784e+01
5.469675194347296099e+01
5.464637967441567667e+01
5.469837713803440948e+01
5.440083132278531508e+01
5.437432887187479480e+01
5.760000462155541356e+01
5.599734186716447226e+01
5.443048419985289854e+01
5.619037977784368820e+01
5.463188509797091541e+01
5.631499381250360869e+01
5.414582314014857900e+01
5.426865836146247801e+01
5.424051561632267493e+01
5.420066908538019845e+01
5.420066908538019845e+01
5.426684557063307324e+01
5.417027058140509865e+01
5.418063687346941038e+01
5.418255261246995502e+01
5.427490965233355524e+01
5.415625076325840581e+01
5.422839535581255177e+01
5.545248370305467489e+01
5.579482281863676008e+01
5.439788384955806322e+01
5.440128875749842052e+01
5.439454100297698602e+01
5.439454100297698602e+01
5.429456127023416201e+01
5.416330881438666722e+01
5.416330881438666722e+01
5.419720729675758264e+01
5.425334765038477514e+01
5.413178556990442303e+01
5.413221138307672931e+01
5.413221138307672931e+01
5.423061930550086629e+01
5.419323277797044369e+01
5.419271223865392528e+01
5.419271223865392528e+01
5.417494183009284825e+01
5.417494183009284825e+01
5.435900525704134623e+01
5.413382072782891896e+01
6.207087915332905936e+01
5.417885782464543354e+01
5.429624989489202136e+01
5.425741116808480058e+01
5.425741116808480058e+01
5.429984352607035447e+01
5.426644725740437991e+01
5.427146239039105780e+01
5.423732517874692860e+01
5.420004607045535039e+01
5.421139908852982359e+01
5.421139908852982359e+01
5.420052426876218732e+01
5.420004607045535039e+01
5.418458524798605680e+01
5.419222299518810360e+01
5.414145188800860353e+01
5.428679631196877153e+01
5.437921794643210660e+01
5.432176013678266457e+01
5.432176013678266457e+01
5.414408522849874572e+01
5.418282325818412204e+01
5.419822111810166376e+01
5.415059769624509300e+01
5.427254088035915913e+01
5.420194030901959081e+01
5.417265001687728443e+01
5.414313189924764202e+01
5.436257352537906229e+01
5.429720823680889907e+01
5.413200368432867293e+01
5.442517219408580331e+01
5.422568344979121946e+01
5.421214859764445038e+01
5.416330839487630300e+01
5.442983264839089941e+01
5.434855086493016785e+01
5.426386769520345155e+01
5.423983894861804345e+01
5.423983894861804345e+01
5.532329870597811095e+01
6.169789280132822995e+01
5.664611411635026883e+01
6.308886657028432410e+01
5.661280959790710909e+01
5.951294601793966876e+01
6.565234031992467578e+01
6.755424181669428663e+01
5.871192247563710964e+01
5.533191038832920583e+01
5.699075034484759072e+01
6.432386098428506216e+01
5.925603722434227905e+01
7.400500888083405471e+01
5.871192247563710964e+01
5.925697058335184408e+01
5.957022959091138858e+01
6.169789280132822995e+01
5.664611411635026883e+01
5.601622870919248953e+01
6.026279186714701552e+01
5.871192247563710964e+01
5.871192247563710964e+01
5.566257573759628485e+01
6.614626136701264159e+01
7.501294967099377686e+01
6.718256148457311383e+01
5.545250286606206203e+01
6.362025675034197292e+01
5.604805405211028102e+01
6.034223449679737428e+01
5.453158714904444082e+01
7.195678833859474821e+01
5.599517354603653274e+01
6.944293941235056877e+01
6.942752911773982305e+01
5.429891708714587395e+01
7.331425360497338772e+01
5.413101778158432609e+01
5.413324890679238166e+01
5.429386651608752601e+01
5.444117352099347329e+01
5.466112367710796605e+01
5.466112367710796605e+01
5.422945879200516828e+01
5.443202565120131453e+01
5.419255807317798457e+01
5.443444705998180666e+01
5.571091843908386920e+01
5.416033884670180498e+01
5.438310239233852883e+01
5.439021379279915891e+01
5.417422185292622316e+01
5.414386616678963549e+01
5.425543509696846201e+01
5.413077053498835767e+01
5.438489717562180914e+01
5.414125953230745125e+01
5.635908399222883958e+01
5.466210505606366610e+01
5.466210505606366610e+01
5.598014605491113826e+01
5.464391171417847204e+01
5.464391171417847204e+01
5.446627315007825842e+01
5.442242457704016800e+01
5.451549737098252280e+01
5.435836878414201578e+01
5.520140824196244012e+01
5.466546583835597772e+01
5.421823463866225978e+01
5.416934696124259574e+01
5.414227789656668222e+01
5.414227789656668222e+01
5.414227789656668222e+01
5.412938703920759309e+01
5.414139960957837161e+01
5.419670645373118134e+01
5.423906231266806088e+01
5.417077790053090069e+01
5.417077790053090069e+01
5.484664594244741664e+01
5.426046009200641151e+01
5.462349354757226649e+01
5.416934696124259574e+01
5.427253138345299277e+01
5.423136330934987370e+01
5.434051400454126934e+01
5.415222959613826248e+01
5.428142081471946767e+01
5.423585237004041204e+01
5.426725966908187360e+01
5.423502715675861197e+01
5.421502557380567566e+01
5.414106374090741269e+01
5.413007534250142072e+01
5.446486646968949685e+01
5.416120902786519054e+01
5.415872931597788664e+01
5.417653033638738691e+01
5.447843053062391760e+01
5.417040058176763040e+01
5.489064080476436658e+01
5.443537337860971803e+01
5.443537337860971803e+01
5.438176109024698945e+01
5.413805981901327868e+01
5.416727768529381137e+01
5.418295098023562417e+01
5.415686301751068754e+01
5.416422239697695318e+01
5.415145589681836924e+01
5.413912988095621870e+01
5.413912988095621870e+01
5.426853817482273001e+01
5.426853817482273001e+01
5.418625758308593277e+01
5.418625758308593277e+01
5.422532416565440627e+01
5.417845951701078633e+01
5.414952349692744349e+01
5.414952349692744349e+01
5.412999226785969142e+01
5.438295514116141760e+01
5.420329534792502102e+01
5.420329534792502102e+01
5.420329534792502102e+01
5.449700376686367775e+01
5.449700376686367775e+01
5.415163647166338734e+01
5.469175253533930459e+01
6.029691142598960596e+01
5.433221983913677633e+01
5.433024350709258954e+01
5.437033811131409777e+01
5.413624779662303155e+01
5.413216596722760698e+01
5.424229377523795392e+01
5.857417162567663382e+01
5.414491606526669187e+01
5.413323226060889937e+01
5.413653605690980442e+01
5.421555629794687547e+01
5.419498740912787582e+01
5.419553902734615747e+01
5.419553902734720197e+01
5.418751018807886766e+01
5.424078490980662082e+01
5.426245993975004467e+01
5.443653789246727825e+01
5.478664897446361692e+01
5.436193042872469761e+01
5.517126637711405834e+01
5.442395238024941762e+01
5.442733521578983868e+01
5.486532593040544725e+01
5.487419742759760055e+01
5.419094328273212824e+01
5.419032113408670170e+01
5.433509550547510258e+01
5.412849559084887829e+01
5.412863142967054131e+01
5.535375847891272372e+01
5.420674532603302254e+01
5.420729580304956841e+01
5.477414160110670593e+01
5.443258753154360363e+01
5.470868762547515018e+01
5.470354829620018933e+01
5.478445633640137657e+01
5.414828894889883060e+01
5.423745175934965346e+01
5.414508944984357441e+01
5.483620526785556137e+01
5.535357329080998312e+01
5.421852164415998487e+01
5.495820049598142987e+01
5.415350221409888576e+01
5.413897890709208838e+01
5.413897890709208838e+01
5.416963115994287392e+01
5.413365839618072783e+01
5.428196966389925393e+01
5.415624719511376384e+01
5.414172733847107111e+01
5.416978225407646619e+01
5.413461037311044777e+01
5.413320371274734555e+01
5.454990768547876456e+01
5.420985431463942916e+01
5.415379046552036613e+01
5.413671846148213262e+01
5.413698248195158413e+01
5.417669112809638676e+01
5.416934696124259574e+01
5.417196689212888572e+01
5.414408522849874572e+01
5.415548015671195969e+01
5.419396904978439267e+01
5.427399998151476979e+01
5.418021424467699632e+01
5.423554260701785523e+01
5.426845162957089030e+01
5.413478064271896528e+01
5.414077503711991568e+01
5.412884592161935160e+01
5.415121442959821252e+01
5.413164620111333392e+01
5.415162668343469221e+01
5.449411786377808653e+01
5.418161591522335385e+01
5.420194030901959081e+01
5.430710078306002231e+01
5.414454546769511012e+01
5.417176105374593931e+01
5.414214513101334347e+01
5.416415425220174029e+01
5.421103353906067923e+01
5.415728233933227642e+01
5.429720823680889907e+01
5.416330839487630300e+01
5.415089865188743090e+01
5.415393165014751986e+01
5.415393165014751986e+01
5.413188062740399431e+01
5.417080585141903271e+01
5.414240965141058126e+01
5.413391389357938266e+01
5.414196911938969947e+01
5.414196911938969947e+01
5.413900010896589521e+01
5.414979885458843256e+01
5.470162828751931272e+01
5.421320060275024844e+01
5.454760970354832494e+01
5.463569754567867420e+01
5.562745479813727911e+01
5.414145423861386774e+01
5.414474488299713784e+01
5.419815146130963512e+01
5.414452794481151443e+01
5.419223629910009521e+01
5.431805216511821754e+01
5.451569376394918720e+01
5.449318046235557489e+01
5.431805216511821754e+01
5.438775330896854143e+01
5.438775330896958593e+01
5.424730558750482601e+01
5.468600366181721029e+01
5.468600366181721029e+01
5.468600366181824768e+01
5.518383898802716203e+01
5.422483981510439577e+01
5.428135843053347998e+01
5.428135843053347998e+01
5.428135843053347998e+01
5.437858775770740749e+01
5.428447734570815442e+01
5.428447734570815442e+01
5.428067868592252410e+01
5.428067868592252410e+01
5.418263739032281023e+01
5.418263739032281023e+01
5.418263739032281023e+01
5.473357465977233716e+01
5.470995186562411305e+01
5.431805216511821754e+01
5.446144635507474874e+01
5.440719863524498123e+01
5.432488374464441705e+01
5.418773982003334311e+01
5.427843288220723394e+01
5.418552237651626768e+01
5.486003448260341742e+01
5.424229377523795392e+01
5.444033028471167768e+01
5.416754778500002487e+01
5.446351632673900411e+01
5.446351632673900411e+01
5.424229377523795392e+01
5.468535556368085793e+01
5.446144635507474874e+01
5.416395906652176251e+01
5.454641121150875449e+01
6.876633190442971966e+01
5.426787590521708182e+01
5.415515765047324237e+01
5.816733909593364160e+01
5.510689481446693350e+01
5.426537119751835547e+01
5.414317494399898578e+01
5.468770477992149637e+01
5.644860483830366604e+01
5.451288304407818686e+01
5.604918348646660320e+01
5.414139904540341064e+01
5.494574324363522067e+01
5.494574324363522067e+01
5.494574324363522067e+01
5.412964691705261089e+01
5.412964691705261089e+01
5.412991991770330458e+01
5.680732561160395022e+01
5.981439205078797983e+01
5.978848975813360767e+01
5.964581409368273057e+01
5.457269115835343598e+01
5.457269115835343598e+01
5.457269115835343598e+01
5.515503692174785044e+01
5.515503692174785044e+01
5.541670582998687422e+01
5.458883360083862613e+01
5.458028993017562414e+01
5.454639543418382885e+01
5.477207239254740756e+01
5.477207239254844495e+01
5.457726621165610226e+01
5.500559950874816906e+01
5.460605557475962257e+01
5.460454357953302207e+01
5.459660510291097069e+01
5.460454357953302207e+01
5.456653704288741835e+01
5.445428823517642769e+01
5.467575361080249507e+01
7.203041622915294795e+01
5.695558087418616822e+01
6.775781397873741696e+01
5.427290161605299090e+01
5.440185291353908781e+01
5.736695178387465432e+01
5.462706151307401115e+01
5.471678996611518642e+01
5.446247383015469978e+01
5.440562170318614221e+01
5.439206250814710586e+01
5.444527401584287674e+01
5.522241612641612818e+01
5.537673867872105404e+01
5.441592964083574913e+01
5.426813380291677191e+01
5.441673020264361327e+01
5.461153652853330698e+01
5.952134736159894857e+01
5.484923017698523751e+01
5.434851024152318644e+01
5.432723326143879206e+01
5.423039535439463776e+01
5.449741772474687451e+01
5.449741772474687451e+01
5.449741772474687451e+01
5.428704076134553702e+01
5.640637513374034029e+01
5.620367713633241635e+01
5.582689763522779458e+01
5.571314437546889309e+01
5.970443515216507535e+01
5.449204367435091712e+01
5.430834552967387197e+01
5.414856021701058353e+01
5.415733128813379693e+01
5.413383957629215359e+01
5.424201977928930063e+01
5.416522549469615910e+01
5.423654457728826372e+01
5.414270003396850939e+01
5.419327749295292307e+01
5.419678523210515664e+01
5.417544814368299200e+01
5.415146028821423130e+01
5.419713788330736293e+01
5.414469144253711619e+01
5.414241400181288100e+01
5.414241400181288100e+01
5.413018175715480851e+01
5.420176515142030382e+01
5.413405295880437507e+01
5.423877781212490845e+01
5.420961193602434491e+01
5.420961193602434491e+01
5.413580896408851828e+01
5.417247956707257117e+01
5.417278927125614985e+01
5.413537538255639703e+01
5.417379926733409690e+01
5.420854633354238672e+01
5.415146028821318680e+01
5.415630300804503605e+01
5.418278854523227750e+01
5.415876790762723658e+01
5.422174288800318465e+01
5.422472795770245568e+01
5.429824880777093910e+01
5.415306025238781018e+01
5.413106500205979188e+01
5.413106500205979188e+01
5.413106500205979188e+01
5.419383231220410124e+01
5.419383231220410124e+01
5.416795625336182951e+01
5.427409703364347848e+01
5.439527385484156952e+01
5.413680374848861732e+01
5.414526651963451087e+01
5.425730610914325780e+01
5.419926232486658790e+01
5.419926232486658790e+01
5.419926232486658790e+01
5.434851024152318644e+01
5.431241868286118546e+01
5.414063561293986737e+01
5.514790707791974000e+01
5.417233699461876029e+01
5.416555857596231505e+01
5.417233699461876029e+01
5.416555857596231505e+01
5.414306575072519934e+01
5.418645307889726581e+01
5.418645307889726581e+01
5.418645307889726581e+01
5.416085991759653950e+01
5.413628349516812932e+01
5.415961265563338856e+01
5.425031083352465089e+01
5.418320225518645117e+01
5.413655301315868229e+01
6.411483531372401501e+01
6.139075832927868248e+01
6.244384143909768881e+01
5.927083994216614826e+01
5.515833321937883227e+01
5.413067263017769903e+01
5.423241300820145483e+01
5.423241300820249933e+01
5.449362507069544392e+01
5.419577764692176913e+01
5.417098953875866130e+01
5.413362826845711595e+01
5.413276996299725852e+01
5.421600727709925849e+01
5.440079881192344402e+01
5.427176398268991164e+01
5.425546553268117833e+01
5.421560520518413995e+01
5.442131914447656982e+01
5.414960265453231614e+01
5.417656304205490159e+01
5.425849821187068756e+01
5.425849821187068756e+01
5.414701891888852714e+01
5.423830315676264746e+01
5.679295230464991562e+01
5.418712649984099272e+01
5.436495372816186489e+01
5.477212046946219459e+01
5.414775240366836329e+01
5.416293776520355152e+01
5.415891928762607677e+01
5.425758233213459647e+01
5.433797232316631920e+01
5.837723549902771225e+01
5.458392450318285682e+01
5.458392450318285682e+01
5.477777843091760701e+01
5.477777843091760701e+01
5.646451301765426223e+01
5.566151697836925649e+01
5.766102496406863054e+01
5.787741582474665591e+01
5.787741582474665591e+01
5.609156833914534701e+01
5.606871259287758136e+01
5.609156833914534701e+01
5.609659513953382515e+01
5.606522273670485390e+01
5.607081727537743632e+01
5.598410095357765925e+01
5.592493275389455221e+01
5.680424471176763035e+01
5.640051727156280492e+01
6.009116353372622399e+01
5.764922787803951110e+01
5.571160074342839863e+01
5.573663396754020738e+01
5.570740971289779964e+01
5.823607266178701281e+01
5.433292636904142370e+01
5.529889019838415010e+01
5.533652259836089371e+01
5.433000140873544836e+01
5.419265680498187976e+01
5.417518943249412189e+01
5.414503655484015354e+01
5.448290547246411109e+01
5.428680434928917720e+01
5.428680434928917720e+01
5.428680434928917720e+01
5.429286422842956483e+01
5.429286422842956483e+01
5.429286422842956483e+01
5.707800299681289857e+01
5.440415653948207364e+01
5.474853185399685884e+01
5.493762458284323458e+01
5.493762458284529515e+01
5.493762458284529515e+01
5.450113548806790220e+01
5.447624507004066885e+01
5.418218981840393411e+01
5.441746203250909986e+01
5.436461151597502806e+01
5.469531473389076126e+01
5.469531473389282894e+01
5.467074136368526638e+01
5.481963689897137471e+01
5.882482037445606693e+01
5.458689837336960693e+01
5.455977876131257176e+01
5.446022005008944689e+01
5.446022005008944689e+01
5.439233760619746505e+01
5.445920807965536170e+01
5.445871094150098202e+01
5.443066999157155550e+01
5.425215697701786866e+01
5.463211323669359842e+01
5.419650567912577799e+01
5.680703150404566770e+01
5.429266943568286763e+01
5.429266943568182313e+01
5.429266943568286763e+01
5.444787890242032802e+01
5.444531054407547543e+01
5.446201422636803358e+01
5.444531054407547543e+01
5.421965307563144165e+01
5.435777684160807866e+01
5.439991679421720505e+01
5.446450382219233433e+01
5.450212965529218678e+01
5.425179916717846851e+01
5.427119203086201082e+01
5.497957556355965636e+01
5.539066893822162285e+01
5.539066893822162285e+01
6.943114174151016016e+01
5.662784637698553070e+01
5.414625761177271102e+01
6.226924609081937945e+01
5.429741545318992024e+01
5.433624409489030427e+01
5.434268523308669074e+01
5.429797979923921503e+01
5.429797979923921503e+01
5.428345891756418240e+01
5.989845074451132234e+01
5.430454723662284522e+01
5.494953082096808572e+01
5.504614048311458419e+01
5.427918907053141595e+01
5.537093853620722683e+01
5.428864399176147515e+01
5.423560069331599465e+01
5.430447995594097677e+01
5.421125309255357649e+01
5.416475929690317059e+01
5.416475929690317059e+01
5.416475929690317059e+01
5.557952932294556092e+01
5.424312771027074831e+01
5.466355480681299639e+01
5.430981118637517113e+01
5.423377977527613325e+01
5.420215137928557425e+01
5.414190409409951599e+01
5.481441828948500472e+01
5.421465025025675999e+01
5.476747536663541638e+01
5.435251995409355885e+01
5.435251995409355885e+01
5.597042753991075159e+01
5.580367104559803693e+01
5.436762249389917656e+01
5.559473055890754978e+01
5.467712773477591526e+01
5.537211845796781517e+01
5.613721044125991710e+01
5.583616356536971637e+01
5.869703888759667620e+01
5.492746272732816237e+01
5.423403677659599964e+01
5.442702296271107087e+01
5.419592989514743664e+01
5.467140352795367875e+01
5.609144912413844253e+01
5.423147221668043727e+01
5.423147221668043727e+01
5.645173662118327229e+01
5.434888461169237672e+01
5.444628116709353094e+01
5.434175097361939066e+01
5.534541449407071667e+01
5.428933914262639604e+01
5.536890575156022010e+01
5.547918492520210521e+01
5.549254757802226123e+01
5.527429952912548572e+01
6.326167402493577185e+01
5.433688486983522381e+01
5.467189570464333315e+01
5.437936700294374504e+01
5.434750552489873598e+01
5.434750552489873598e+01
5.418467119805374210e+01
5.418467119805374210e+01
5.476828247549828887e+01
5.420044890544698291e+01
5.419513957528020853e+01
5.462605957774513854e+01
5.416480236673163517e+01
5.416480236673163517e+01
5.413796279763303687e+01
5.413796279763303687e+01
5.413796279763303687e+01
5.413956924177985996e+01
5.430481620225670980e+01
5.413635159777629013e+01
5.416953414091179297e+01
5.414250382871927769e+01
5.417288285206416276e+01
6.528047179446222970e+01
5.477315250482782005e+01
5.414420519217739525e+01
5.413545750066007400e+01
5.413545750066007400e+01
5.413723329034952059e+01
5.413723329034952059e+01
5.414219799789731979e+01
5.414219799789731979e+01
5.413991406370290349e+01
5.413991406370290349e+01
5.413991406370290349e+01
5.412939586717577356e+01
5.412939586717577356e+01
5.413266795438575230e+01
5.413266795438575230e+01
5.413348108779497636e+01
5.418208484427829319e+01
5.419071025677099129e+01
5.419071025677099129e+01
5.419071025677099129e+01
5.418400696206762035e+01
5.416438684350723065e+01
5.416438684350723065e+01
5.416438684350723065e+01
5.416438684350723065e+01
5.415863671744973118e+01
5.415863671744973118e+01
5.416438684350723065e+01
5.416438684350723065e+01
5.414281160408329185e+01
5.439109212635312218e+01
5.426113624735097574e+01
5.422409613969431774e+01
5.415877654668928898e+01
5.415877654668928898e+01
5.415877654668928898e+01
5.415209689043667396e+01
5.424828535217962155e+01
5.413176632933001287e+01
5.413274311719464293e+01
5.413425633506199830e+01
5.506422613949226985e+01
5.654221298512872096e+01
5.415767681376777176e+01
5.415767681376777176e+01
5.413555231237320697e+01
5.413972221500531390e+01
5.416560065567322368e+01
5.416560065567322368e+01
5.416560065567322368e+01
5.416560065567322368e+01
5.416560065567322368e+01
5.418637444909201406e+01
5.413236516854184543e+01
5.414994095222339610e+01
5.414994095222339610e+01
5.431207380752767477e+01
5.414868888258516932e+01
6.014901598106033731e+01
5.547193638816527539e+01
6.397384036645865990e+01
5.729275205349787825e+01
5.415821253224068954e+01
5.466620165587486468e+01
5.504259244900867998e+01
5.510458671728589053e+01
5.525081323484688056e+01
5.694828083959286147e+01
5.422142300555077554e+01
5.442174270542061265e+01
5.437717105596268397e+01
7.445007123334727339e+01
6.393622078111165052e+01
5.952771600961553844e+01
5.422004053796744216e+01
5.430981100262935257e+01
5.431451761978507164e+01
5.421337647154096118e+01
5.421293953426078360e+01
5.419534258914706726e+01
5.419534258914706726e+01
5.421419362671522180e+01
5.419499484909407983e+01
5.419499484909407983e+01
5.419499484909407983e+01
5.419499484909407983e+01
5.419499484909407983e+01
5.419499484909407983e+01
5.430438698703068923e+01
5.420259052060136895e+01
5.419591883174540925e+01
5.465105429929503345e+01
5.421841611806254235e+01
5.417496084872751538e+01
5.414269451355177409e+01
5.416912966339081947e+01
5.413320371274734555e+01
5.412952807911973707e+01
5.413760110703746875e+01
5.413057682062013498e+01
5.413753208457346489e+01
5.414913596906583848e+01
5.412888306486911461e+01
5.412888306486911461e+01
5.413233437745960686e+01
5.413409493064995814e+01
5.424916139304148288e+01
5.418938225496612660e+01
5.413690427445742159e+01
5.415901505837052810e+01
5.415901505837052810e+01
5.430752767749781640e+01
5.461711299764912297e+01
5.414556178565580780e+01
5.414556178565580780e+01
5.414556178565580780e+01
5.417945484460156536e+01
5.417945484460156536e+01
5.417945484460156536e+01
5.417945484460156536e+01
5.417945484460156536e+01
5.417945484460156536e+01
6.551263908366512112e+01
