8.479300000000000637e+02
5.360799999999999272e+02
4.142200000000000273e+02
5.133599999999999000e+02
5.786699999999999591e+02
3.221100000000000136e+02
4.900000000000000000e+02
4.631899999999999977e+02
5.134700000000000273e+02
3.366600000000000250e+02
3.923700000000000045e+02
5.777000000000000455e+02
4.260899999999999750e+02
3.135799999999999841e+02
4.104300000000000068e+02
6.286499999999998636e+02
3.688999999999999773e+02
3.884599999999999795e+02
3.374499999999999886e+02
4.288799999999999955e+02
4.146600000000000250e+02
5.141699999999999591e+02
3.946000000000000227e+02
5.294400000000000546e+02
3.331000000000000227e+02
3.896700000000000159e+02
3.544700000000000273e+02
5.881199999999998909e+02
4.252799999999999727e+02
5.095000000000000000e+02
3.917799999999999727e+02
3.297799999999999727e+02
5.364800000000000182e+02
5.039300000000000068e+02
5.660299999999999727e+02
6.050299999999999727e+02
4.558299999999999841e+02
5.060000000000000000e+02
6.037999999999999545e+02
5.167100000000000364e+02
5.357200000000000273e+02
5.407000000000000455e+02
4.325099999999999909e+02
4.325099999999999909e+02
5.587999999999999545e+02
4.088600000000000136e+02
7.260199999999999818e+02
3.324700000000000273e+02
4.860799999999999841e+02
4.740600000000000023e+02
5.128399999999999181e+02
3.585799999999999841e+02
5.548299999999999272e+02
6.005899999999999181e+02
5.135999999999999091e+02
5.135999999999999091e+02
5.968999999999999773e+02
5.593599999999999000e+02
4.942599999999999909e+02
5.015000000000000000e+02
6.234700000000000273e+02
5.342799999999999727e+02
5.243799999999999955e+02
6.004400000000000546e+02
6.825399999999999636e+02
5.042400000000000091e+02
7.670399999999999636e+02
6.787100000000000364e+02
6.251900000000000546e+02
5.319500000000000455e+02
4.885199999999999818e+02
7.046099999999999000e+02
5.016999999999999886e+02
6.203600000000000136e+02
5.343399999999999181e+02
5.670299999999999727e+02
4.826399999999999864e+02
7.322000000000000455e+02
5.064700000000000273e+02
4.395799999999999841e+02
5.099800000000000182e+02
4.589700000000000273e+02
6.279100000000000819e+02
6.315000000000000000e+02
8.090999999999999091e+02
6.085999999999999091e+02
5.939600000000000364e+02
5.782599999999999909e+02
5.586199999999998909e+02
5.357400000000000091e+02
6.310199999999999818e+02
5.728199999999999363e+02
5.132999999999999545e+02
5.812200000000000273e+02
5.801800000000000637e+02
3.775099999999999909e+02
3.766700000000000159e+02
4.589599999999999795e+02
5.267799999999999727e+02
7.584800000000000182e+02
5.275199999999999818e+02
6.887599999999999909e+02
5.891599999999999682e+02
5.891599999999999682e+02
5.891599999999999682e+02
4.863500000000000227e+02
5.466199999999998909e+02
8.501399999999998727e+02
4.336999999999999886e+02
4.347599999999999909e+02
4.891600000000000250e+02
3.426399999999999864e+02
2.639800000000000182e+02
7.586199999999998909e+02
5.872200000000000273e+02
8.959400000000000546e+02
5.794400000000000546e+02
5.108000000000000114e+02
4.989399999999999977e+02
6.520199999999999818e+02
6.683299999999999272e+02
4.034599999999999795e+02
5.247999999999999545e+02
5.412699999999999818e+02
6.094700000000000273e+02
3.882699999999999818e+02
3.016399999999999864e+02
5.072300000000000182e+02
4.800000000000000000e+02
4.800000000000000000e+02
5.771200000000000045e+02
6.030899999999999181e+02
5.596599999999999682e+02
5.596599999999999682e+02
5.488800000000001091e+02
5.986600000000000819e+02
3.614399999999999977e+02
3.538399999999999750e+02
3.614399999999999977e+02
3.613199999999999932e+02
5.717599999999999909e+02
4.721299999999999955e+02
3.947099999999999795e+02
3.485099999999999909e+02
3.248999999999999773e+02
4.950099999999999909e+02
3.718299999999999841e+02
3.686000000000000227e+02
3.430899999999999750e+02
3.954399999999999977e+02
5.145399999999999636e+02
3.595400000000000205e+02
4.474399999999999977e+02
5.302799999999999727e+02
4.016800000000000068e+02
4.854399999999999977e+02
4.854399999999999977e+02
4.854399999999999977e+02
5.403199999999999363e+02
4.036999999999999886e+02
5.028799999999999955e+02
3.796999999999999886e+02
4.750400000000000205e+02
4.804599999999999795e+02
4.804599999999999795e+02
4.339700000000000273e+02
4.339700000000000273e+02
2.879100000000000250e+02
4.074800000000000182e+02
4.259200000000000159e+02
6.318399999999999181e+02
4.026000000000000227e+02
5.278399999999999181e+02
5.278399999999999181e+02
5.028999999999999773e+02
2.886399999999999864e+02
3.339399999999999977e+02
5.350900000000000318e+02
3.797200000000000273e+02
3.841999999999999886e+02
4.804599999999999795e+02
4.804599999999999795e+02
4.026000000000000227e+02
3.998100000000000023e+02
3.568399999999999750e+02
4.740799999999999841e+02
3.538399999999999750e+02
5.452000000000000455e+02
6.258199999999999363e+02
5.865399999999999636e+02
4.404800000000000182e+02
6.775999999999999091e+02
4.483600000000000136e+02
4.509700000000000273e+02
3.801600000000000250e+02
3.797200000000000273e+02
6.606800000000000637e+02
5.103399999999999750e+02
5.343300000000000409e+02
5.517899999999999636e+02
3.339599999999999795e+02
4.261399999999999864e+02
4.252599999999999909e+02
3.385600000000000023e+02
3.310799999999999841e+02
3.245199999999999818e+02
4.605400000000000205e+02
5.760199999999999818e+02
4.591800000000000068e+02
4.283600000000000136e+02
4.575799999999999841e+02
3.976999999999999886e+02
3.061000000000000227e+02
2.832200000000000273e+02
4.521600000000000250e+02
5.132999999999999545e+02
4.771399999999999864e+02
2.910699999999999932e+02
2.713600000000000136e+02
4.599800000000000182e+02
2.911200000000000045e+02
4.750400000000000205e+02
4.754800000000000182e+02
4.990799999999999841e+02
5.832799999999999727e+02
5.137300000000000182e+02
4.168399999999999750e+02
6.589600000000000364e+02
4.366299999999999955e+02
3.828600000000000136e+02
5.357599999999999909e+02
3.824200000000000159e+02
3.439399999999999977e+02
2.952799999999999727e+02
4.994399999999999977e+02
4.778799999999999955e+02
3.973600000000000136e+02
4.407900000000000205e+02
4.333100000000000023e+02
3.874599999999999795e+02
3.795400000000000205e+02
3.865799999999999841e+02
4.592400000000000091e+02
2.779200000000000159e+02
4.514800000000000182e+02
5.420999999999999091e+02
5.053600000000000136e+02
4.409200000000000159e+02
3.946600000000000250e+02
4.791600000000000250e+02
4.114300000000000068e+02
3.632099999999999795e+02
4.792300000000000182e+02
5.325899999999999181e+02
5.293600000000000136e+02
5.020199999999999818e+02
4.546399999999999864e+02
6.130899999999999181e+02
5.361799999999999500e+02
6.240199999999999818e+02
4.325299999999999727e+02
4.096499999999999773e+02
5.200599999999999454e+02
4.447200000000000273e+02
4.695199999999999818e+02
5.075699999999999932e+02
5.881900000000000546e+02
3.870500000000000114e+02
3.592999999999999545e+02
3.560699999999999932e+02
5.866499999999999773e+02
4.024300000000000068e+02
4.866200000000000045e+02
6.167999999999999545e+02
4.046200000000000045e+02
3.806700000000000159e+02
4.374200000000000159e+02
5.021299999999999955e+02
4.797099999999999795e+02
4.797099999999999795e+02
3.364200000000000159e+02
5.603299999999999272e+02
3.827799999999999727e+02
5.705599999999999454e+02
3.769399999999999977e+02
3.737099999999999795e+02
5.323799999999998818e+02
4.637400000000000091e+02
5.352599999999999909e+02
5.357000000000000455e+02
5.357000000000000455e+02
5.324700000000000273e+02
5.564600000000000364e+02
4.179800000000000182e+02
3.821800000000000068e+02
7.611800000000000637e+02
4.537200000000000273e+02
3.896800000000000068e+02
3.527500000000000000e+02
3.001200000000000045e+02
4.844800000000000182e+02
3.923000000000000114e+02
3.729800000000000182e+02
4.451999999999999886e+02
5.097799999999999727e+02
5.889000000000000909e+02
4.086700000000000159e+02
3.130499999999999545e+02
2.748899999999999864e+02
4.458600000000000136e+02
5.164700000000000273e+02
5.668399999999999181e+02
4.091899999999999977e+02
3.595400000000000205e+02
5.006200000000000045e+02
2.729100000000000250e+02
4.785000000000000000e+02
4.512699999999999818e+02
4.512699999999999818e+02
5.538099999999999454e+02
5.538099999999999454e+02
5.622300000000000182e+02
5.210299999999999727e+02
4.688299999999999841e+02
5.743599999999999000e+02
5.309299999999999500e+02
5.250499999999999545e+02
5.201500000000000909e+02
5.928099999999999454e+02
5.699300000000000637e+02
5.699300000000000637e+02
3.285000000000000000e+02
3.217900000000000205e+02
4.306299999999999955e+02
3.819800000000000182e+02
3.251100000000000136e+02
3.252300000000000182e+02
3.327099999999999795e+02
3.325899999999999750e+02
3.182300000000000182e+02
4.662799999999999727e+02
4.662799999999999727e+02
5.430299999999999727e+02
4.026700000000000159e+02
4.658299999999999841e+02
4.187099999999999795e+02
2.781000000000000227e+02
2.853700000000000045e+02
3.729499999999999886e+02
4.641700000000000159e+02
4.567099999999999795e+02
4.892799999999999727e+02
3.481999999999999886e+02
7.146299999999998818e+02
2.827900000000000205e+02
2.794700000000000273e+02
4.691700000000000159e+02
4.431499999999999773e+02
4.863999999999999773e+02
4.517300000000000182e+02
4.517300000000000182e+02
3.509700000000000273e+02
3.476499999999999773e+02
4.052400000000000091e+02
4.052400000000000091e+02
2.820600000000000023e+02
4.331000000000000227e+02
3.213999999999999773e+02
3.967500000000000000e+02
3.743100000000000023e+02
3.738700000000000045e+02
4.991100000000000136e+02
4.216899999999999977e+02
3.988100000000000023e+02
4.741700000000000159e+02
2.599100000000000250e+02
3.280899999999999750e+02
3.509700000000000273e+02
4.790199999999999818e+02
5.063600000000000136e+02
5.063600000000000136e+02
5.063600000000000136e+02
3.509900000000000091e+02
3.505499999999999545e+02
3.383199999999999932e+02
4.795899999999999750e+02
4.281200000000000045e+02
5.826500000000000909e+02
4.517300000000000182e+02
4.517300000000000182e+02
3.624800000000000182e+02
5.856699999999999591e+02
5.856699999999999591e+02
5.856699999999999591e+02
3.738700000000000045e+02
5.094700000000000273e+02
5.094700000000000273e+02
5.094700000000000273e+02
3.281100000000000136e+02
3.325899999999999750e+02
3.744499999999999886e+02
5.164700000000000273e+02
5.439600000000000364e+02
5.578099999999999454e+02
4.341899999999999977e+02
4.542799999999999727e+02
5.802500000000000000e+02
6.488699999999998909e+02
4.196299999999999955e+02
4.222400000000000091e+02
3.514299999999999500e+02
4.969399999999999977e+02
4.816100000000000136e+02
4.816100000000000136e+02
5.557699999999999818e+02
5.056000000000000227e+02
6.466800000000000637e+02
3.056700000000000159e+02
4.895899999999999750e+02
4.507400000000000091e+02
3.978500000000000227e+02
3.969700000000000273e+02
3.098299999999999841e+02
3.023500000000000227e+02
4.696299999999999955e+02
2.957900000000000205e+02
4.318100000000000023e+02
5.472899999999999636e+02
5.472899999999999636e+02
4.484100000000000250e+02
5.573499999999999091e+02
2.761999999999999886e+02
3.996299999999999955e+02
4.288500000000000227e+02
5.379100000000000819e+02
2.773700000000000045e+02
2.773700000000000045e+02
2.544900000000000091e+02
4.234300000000000068e+02
3.002500000000000000e+02
7.122000000000000455e+02
5.667899999999999636e+02
7.050199999999999818e+02
5.818700000000000045e+02
5.618899999999999864e+02
4.670600000000000023e+02
4.670600000000000023e+02
3.604399999999999977e+02
3.907200000000000273e+02
3.238299999999999841e+02
3.746600000000000250e+02
4.705199999999999818e+02
3.746200000000000045e+02
4.696999999999999886e+02
6.115099999999999909e+02
7.267300000000000182e+02
3.882500000000000000e+02
4.560699999999999932e+02
3.874100000000000250e+02
3.594200000000000159e+02
5.477000000000000455e+02
4.706100000000000136e+02
5.248199999999999363e+02
5.818799999999999955e+02
4.943700000000000045e+02
5.705799999999999272e+02
4.486100000000000136e+02
5.324400000000000546e+02
4.271299999999999955e+02
5.239800000000000182e+02
4.280799999999999841e+02
4.648700000000000045e+02
4.604100000000000250e+02
4.289599999999999795e+02
5.203899999999998727e+02
5.061700000000000159e+02
4.603899999999999864e+02
4.560600000000000023e+02
4.459800000000000182e+02
4.294800000000000182e+02
6.010099999999999909e+02
4.425500000000000114e+02
4.137200000000000273e+02
4.153999999999999773e+02
4.120400000000000205e+02
4.145600000000000023e+02
4.158600000000000136e+02
3.339499999999999886e+02
4.008199999999999932e+02
5.089700000000000273e+02
3.921399999999999864e+02
4.017699999999999818e+02
3.331100000000000136e+02
4.009300000000000068e+02
4.932400000000000091e+02
2.796499999999999773e+02
3.891600000000000250e+02
4.433700000000000045e+02
2.788100000000000023e+02
4.389399999999999977e+02
3.746100000000000136e+02
4.217599999999999909e+02
4.589599999999999795e+02
4.770600000000000023e+02
5.734600000000000364e+02
5.304800000000000182e+02
5.739100000000000819e+02
5.201399999999999864e+02
5.201399999999999864e+02
4.822699999999999818e+02
5.197000000000000455e+02
4.250799999999999841e+02
4.325600000000000023e+02
4.325600000000000023e+02
5.323799999999998818e+02
5.923599999999999000e+02
5.580799999999999272e+02
4.185199999999999818e+02
4.796999999999999886e+02
3.526600000000000250e+02
4.080000000000000000e+02
7.049600000000000364e+02
5.672999999999999545e+02
5.957000000000000455e+02
4.793199999999999932e+02
5.008600000000000136e+02
6.697999999999999545e+02
4.230000000000000000e+02
4.230000000000000000e+02
4.225600000000000023e+02
3.882699999999999818e+02
4.064599999999999795e+02
4.516600000000000250e+02
3.729900000000000091e+02
4.430899999999999750e+02
3.776800000000000068e+02
3.818399999999999750e+02
4.916399999999999864e+02
3.864900000000000091e+02
3.547999999999999545e+02
4.202099999999999795e+02
5.378399999999999181e+02
5.149600000000000364e+02
4.463199999999999932e+02
5.814800000000000182e+02
4.005600000000000023e+02
4.923000000000000114e+02
4.046000000000000227e+02
5.316800000000000637e+02
4.995000000000000000e+02
4.995000000000000000e+02
4.732400000000000091e+02
4.328100000000000023e+02
5.590399999999999636e+02
5.202000000000000455e+02
4.050600000000000023e+02
3.986000000000000227e+02
6.764800000000000182e+02
4.529300000000000068e+02
5.677200000000000273e+02
6.536000000000000227e+02
5.448399999999999181e+02
6.313199999999999363e+02
7.137799999999999727e+02
5.905999999999999091e+02
4.505400000000000205e+02
7.740799999999999272e+02
4.461800000000000068e+02
3.965299999999999727e+02
4.218600000000000136e+02
3.292200000000000273e+02
5.209100000000000819e+02
5.209100000000000819e+02
4.433999999999999773e+02
4.433999999999999773e+02
6.167699999999999818e+02
6.890900000000000318e+02
5.625599999999999454e+02
6.123399999999999181e+02
3.655400000000000205e+02
3.655400000000000205e+02
3.627500000000000000e+02
3.622200000000000273e+02
3.700199999999999818e+02
3.701399999999999864e+02
5.086899999999999977e+02
4.266200000000000045e+02
3.155299999999999727e+02
3.226800000000000068e+02
3.226800000000000068e+02
3.603899999999999864e+02
4.991200000000000045e+02
3.197799999999999727e+02
4.119599999999999795e+02
3.243799999999999955e+02
3.879599999999999795e+02
3.190499999999999545e+02
2.961700000000000159e+02
3.462900000000000205e+02
4.002599999999999909e+02
3.290299999999999727e+02
4.117400000000000091e+02
4.936800000000000068e+02
3.851899999999999977e+02
3.627500000000000000e+02
5.328999999999999773e+02
5.588799999999999955e+02
5.588799999999999955e+02
6.395000000000000000e+02
6.002200000000000273e+02
6.002200000000000273e+02
4.917099999999999795e+02
4.575000000000000000e+02
3.325499999999999545e+02
3.888600000000000136e+02
5.240199999999999818e+02
5.240199999999999818e+02
5.240199999999999818e+02
3.426600000000000250e+02
3.431000000000000227e+02
4.853799999999999955e+02
4.348399999999999750e+02
3.471399999999999864e+02
3.472599999999999909e+02
3.396600000000000250e+02
5.050400000000000205e+02
3.108400000000000318e+02
4.420400000000000205e+02
4.712599999999999909e+02
4.712599999999999909e+02
5.803199999999999363e+02
3.143600000000000136e+02
5.634300000000000637e+02
4.271100000000000136e+02
9.883400000000000318e+02
5.048999999999999773e+02
4.166000000000000227e+02
3.812799999999999727e+02
3.588399999999999750e+02
4.013700000000000045e+02
3.942799999999999727e+02
5.982699999999999818e+02
3.412900000000000205e+02
5.096800000000000068e+02
4.643799999999999955e+02
5.375699999999999363e+02
4.600600000000000023e+02
4.600600000000000023e+02
6.625999999999999091e+02
4.489499999999999886e+02
4.177400000000000091e+02
4.285199999999999818e+02
4.481899999999999977e+02
7.087999999999999545e+02
4.978999999999999773e+02
5.414199999999999591e+02
6.061399999999998727e+02
5.196600000000000819e+02
7.385000000000000000e+02
4.856999999999999886e+02
4.510199999999999818e+02
4.218500000000000227e+02
3.135400000000000205e+02
5.032400000000000091e+02
4.275199999999999818e+02
3.914599999999999795e+02
5.487599999999999909e+02
5.300699999999999363e+02
4.761999999999999886e+02
4.953799999999999955e+02
4.879200000000000159e+02
5.185199999999999818e+02
5.830000000000000000e+02
4.533199999999999932e+02
4.022900000000000205e+02
5.261199999999998909e+02
6.397200000000000273e+02
4.260699999999999932e+02
5.408899999999999864e+02
6.363599999999999000e+02
3.598999999999999773e+02
6.222599999999999909e+02
3.889700000000000273e+02
3.670799999999999841e+02
3.670799999999999841e+02
3.552099999999999795e+02
2.434600000000000080e+02
2.404600000000000080e+02
2.480600000000000023e+02
2.833399999999999750e+02
2.635499999999999545e+02
6.045599999999999454e+02
5.423399999999999181e+02
5.887000000000000455e+02
4.965799999999999841e+02
8.052999999999999545e+02
5.903799999999999955e+02
4.526600000000000250e+02
5.025400000000000205e+02
3.683999999999999773e+02
5.260999999999999091e+02
5.164099999999999682e+02
5.420799999999999272e+02
3.789599999999999795e+02
4.174599999999999795e+02
3.921899999999999977e+02
4.748999999999999773e+02
5.435599999999999454e+02
3.643299999999999841e+02
3.587799999999999727e+02
3.580600000000000023e+02
5.697599999999999909e+02
4.406399999999999864e+02
5.548199999999999363e+02
4.316399999999999864e+02
4.545199999999999818e+02
4.041800000000000068e+02
7.128999999999998636e+02
8.959400000000000546e+02
4.499399999999999977e+02
4.963000000000000114e+02
3.861700000000000159e+02
5.049399999999999977e+02
5.049399999999999977e+02
4.735600000000000023e+02
3.584200000000000159e+02
4.047799999999999727e+02
3.556399999999999864e+02
4.591399999999999864e+02
4.591399999999999864e+02
3.359599999999999795e+02
3.130799999999999841e+02
4.870000000000000000e+02
3.708399999999999750e+02
5.397599999999999909e+02
3.556100000000000136e+02
5.369200000000000728e+02
3.355199999999999818e+02
2.955299999999999727e+02
5.023799999999999955e+02
4.181800000000000068e+02
4.181800000000000068e+02
4.918100000000000023e+02
4.918100000000000023e+02
4.918100000000000023e+02
4.644700000000000273e+02
4.644700000000000273e+02
4.645799999999999841e+02
6.452599999999999909e+02
4.992699999999999818e+02
5.048100000000000023e+02
5.015000000000000000e+02
5.211500000000000909e+02
5.876700000000000728e+02
6.599900000000000091e+02
4.446399999999999864e+02
5.609200000000000728e+02
5.832400000000000091e+02
3.300000000000000000e+02
4.057400000000000091e+02
3.360000000000000000e+02
3.960699999999999932e+02
4.258299999999999841e+02
4.253899999999999864e+02
4.249499999999999886e+02
3.303299999999999841e+02
3.237699999999999818e+02
3.719800000000000182e+02
4.024300000000000068e+02
3.975199999999999818e+02
4.976800000000000068e+02
4.702500000000000000e+02
4.702500000000000000e+02
4.063299999999999841e+02
3.752799999999999727e+02
3.703700000000000045e+02
3.703700000000000045e+02
3.888299999999999841e+02
3.209800000000000182e+02
4.866000000000000227e+02
6.749100000000000819e+02
4.051800000000000068e+02
3.914599999999999795e+02
2.677799999999999727e+02
4.126399999999999864e+02
3.920600000000000023e+02
4.061200000000000045e+02
4.046399999999999864e+02
4.046399999999999864e+02
4.022900000000000205e+02
4.046399999999999864e+02
5.219600000000000364e+02
4.963799999999999955e+02
4.585099999999999909e+02
3.757599999999999909e+02
3.794100000000000250e+02
3.817599999999999909e+02
3.794100000000000250e+02
5.212400000000000091e+02
5.605399999999999636e+02
3.760899999999999750e+02
3.862400000000000091e+02
3.835699999999999932e+02
5.695399999999999636e+02
3.456999999999999886e+02
4.899200000000000159e+02
5.765000000000000000e+02
4.266399999999999864e+02
4.574800000000000182e+02
4.802400000000000091e+02
4.528799999999999955e+02
4.757599999999999909e+02
5.297799999999999727e+02
5.297799999999999727e+02
5.297799999999999727e+02
5.297799999999999727e+02
5.297799999999999727e+02
5.372400000000000091e+02
5.785799999999999272e+02
5.711199999999998909e+02
5.711199999999998909e+02
5.711199999999998909e+02
4.851399999999999864e+02
4.275199999999999818e+02
4.275199999999999818e+02
4.275199999999999818e+02
4.275199999999999818e+02
6.090899999999999181e+02
5.197000000000000455e+02
5.169099999999999682e+02
4.806600000000000250e+02
5.241800000000000637e+02
4.075600000000000023e+02
3.250499999999999545e+02
3.201399999999999864e+02
3.603600000000000136e+02
3.588799999999999955e+02
3.565299999999999727e+02
4.482699999999999818e+02
4.506200000000000045e+02
4.103999999999999773e+02
3.558799999999999955e+02
3.532099999999999795e+02
3.532099999999999795e+02
3.633600000000000136e+02
3.633600000000000136e+02
3.606899999999999977e+02
3.655299999999999727e+02
5.189099999999999682e+02
5.285999999999999091e+02
4.488600000000000136e+02
4.231899999999999977e+02
3.803100000000000023e+02
3.989700000000000273e+02
4.128500000000000227e+02
4.562799999999999727e+02
4.020699999999999932e+02
4.747300000000000182e+02
4.829499999999999886e+02
4.419399999999999977e+02
4.759399999999999977e+02
4.759399999999999977e+02
5.226299999999998818e+02
4.451200000000000045e+02
4.451200000000000045e+02
4.451200000000000045e+02
4.451200000000000045e+02
4.451200000000000045e+02
4.759399999999999977e+02
4.136600000000000250e+02
4.136600000000000250e+02
5.605999999999999091e+02
5.605999999999999091e+02
5.605999999999999091e+02
5.905999999999999091e+02
4.533199999999999932e+02
3.141399999999999864e+02
6.367999999999999545e+02
5.765000000000000000e+02
4.745799999999999841e+02
4.437599999999999909e+02
4.437599999999999909e+02
4.129399999999999977e+02
4.129399999999999977e+02
4.129399999999999977e+02
4.129399999999999977e+02
4.224499999999999886e+02
6.722200000000000273e+02
6.722200000000000273e+02
6.722200000000000273e+02
8.411599999999998545e+02
5.485999999999999091e+02
5.261599999999999682e+02
7.877000000000000455e+02
5.714800000000000182e+02
5.686900000000000546e+02
6.338599999999999000e+02
9.425800000000000409e+02
6.158499999999999091e+02
5.880999999999999091e+02
8.968199999999999363e+02
8.968199999999999363e+02
3.692400000000000091e+02
3.692400000000000091e+02
3.420899999999999750e+02
4.486499999999999773e+02
4.785699999999999932e+02
4.508199999999999932e+02
7.595399999999999636e+02
5.822799999999999727e+02
5.776900000000000546e+02
6.273599999999999000e+02
6.185999999999999091e+02
6.185999999999999091e+02
6.190399999999999636e+02
6.227599999999999909e+02
6.769499999999999318e+02
7.028699999999998909e+02
6.650799999999999272e+02
5.728399999999999181e+02
5.732799999999999727e+02
7.813599999999999000e+02
7.567599999999999909e+02
5.698399999999999181e+02
5.499400000000000546e+02
6.742200000000000273e+02
5.673099999999999454e+02
5.503999999999999773e+02
6.772500000000000000e+02
6.421399999999999864e+02
7.050399999999999636e+02
5.961599999999999682e+02
5.929300000000000637e+02
6.500299999999999727e+02
6.495899999999999181e+02
6.500299999999999727e+02
6.001999999999999318e+02
7.354800000000000182e+02
5.962999999999999545e+02
4.500699999999999932e+02
6.332400000000000091e+02
5.606200000000000045e+02
4.274800000000000182e+02
4.046000000000000227e+02
4.489499999999999886e+02
3.870500000000000114e+02
4.744399999999999977e+02
3.592999999999999545e+02
4.990799999999999841e+02
6.680199999999999818e+02
5.448399999999999181e+02
4.056600000000000250e+02
4.110000000000000000e+02
1.034099999999999909e+03
3.823399999999999750e+02
3.068999999999999773e+02
3.532599999999999909e+02
7.029600000000000364e+02
8.484700000000000273e+02
7.951399999999998727e+02
6.996399999999998727e+02
4.741600000000000250e+02
6.192200000000000273e+02
7.651800000000000637e+02
5.762400000000000091e+02
5.370199999999999818e+02
6.196700000000000728e+02
5.663399999999999181e+02
5.658999999999999773e+02
5.280299999999999727e+02
4.708399999999999750e+02
5.781399999999998727e+02
5.466900000000000546e+02
6.381199999999998909e+02
6.309900000000000091e+02
4.642799999999999727e+02
4.831600000000000250e+02
9.317599999999999909e+02
6.572000000000000455e+02
8.027100000000000364e+02
7.493799999999998818e+02
3.203299999999999841e+02
5.965499999999999545e+02
5.965499999999999545e+02
3.393600000000000136e+02
3.248100000000000023e+02
4.563600000000000136e+02
4.482300000000000182e+02
2.453600000000000136e+02
3.904200000000000159e+02
4.297200000000000273e+02
4.528799999999999955e+02
4.533199999999999932e+02
5.379600000000000364e+02
4.415199999999999818e+02
3.710799999999999841e+02
3.082200000000000273e+02
3.375400000000000205e+02
4.100699999999999932e+02
4.804200000000000159e+02
4.590500000000000114e+02
5.363499999999999091e+02
3.036600000000000250e+02
5.092500000000000000e+02
5.092500000000000000e+02
5.092500000000000000e+02
4.317400000000000091e+02
5.867599999999999909e+02
5.406800000000000637e+02
4.278399999999999750e+02
3.860699999999999932e+02
4.057200000000000273e+02
4.175199999999999818e+02
4.370799999999999841e+02
3.588399999999999750e+02
4.596000000000000227e+02
4.596000000000000227e+02
3.789499999999999886e+02
5.472200000000000273e+02
5.885599999999999454e+02
5.885599999999999454e+02
5.123599999999999000e+02
5.123599999999999000e+02
5.123599999999999000e+02
5.865199999999999818e+02
3.850799999999999841e+02
4.385000000000000000e+02
3.951600000000000250e+02
3.493399999999999750e+02
4.489700000000000273e+02
5.400499999999999545e+02
5.167300000000000182e+02
5.171699999999999591e+02
5.138500000000000227e+02
3.688999999999999773e+02
3.178899999999999864e+02
4.218700000000000045e+02
5.679299999999999500e+02
5.679299999999999500e+02
5.679299999999999500e+02
4.334700000000000273e+02
4.868299999999999841e+02
4.868299999999999841e+02
4.868299999999999841e+02
4.594900000000000091e+02
4.093199999999999932e+02
6.001499999999999773e+02
5.567200000000000273e+02
5.239400000000000546e+02
4.904200000000000159e+02
6.398499999999999091e+02
4.155000000000000000e+02
5.615599999999999454e+02
4.608199999999999932e+02
4.612599999999999909e+02
4.832599999999999341e+02
4.580299999999999727e+02
4.836999999999999886e+02
4.379399999999999977e+02
4.383799999999999955e+02
3.951000000000000227e+02
4.819499999999999886e+02
4.286200000000000045e+02
4.277400000000000091e+02
3.334399999999999409e+02
3.992599999999999909e+02
3.992599999999999909e+02
3.917799999999999727e+02
4.404200000000000159e+02
4.681499999999999773e+02
4.041000000000000227e+02
3.989900000000000091e+02
3.867699999999999818e+02
5.328299999999999272e+02
4.325299999999999727e+02
3.856000000000000227e+02
3.638899999999999864e+02
4.406399999999999864e+02
4.092099999999999795e+02
4.096499999999999773e+02
4.283199999999999932e+02
5.403399999999999181e+02
4.743000000000000114e+02
5.694000000000000909e+02
4.514200000000000159e+02
3.478899999999999864e+02
4.021899999999999977e+02
4.832900000000000205e+02
4.110000000000000000e+02
4.824499999999999886e+02
5.061700000000000159e+02
3.750400000000000205e+02
5.239599999999999227e+02
3.838500000000000227e+02
3.207400000000000091e+02
5.323799999999998818e+02
4.812200000000000273e+02
5.041000000000000227e+02
4.237599999999999909e+02
4.466399999999999864e+02
4.852599999999999909e+02
5.644900000000000091e+02
3.474399999999999409e+02
4.018399999999999750e+02
3.035599999999999454e+02
4.650400000000000205e+02
4.650400000000000205e+02
4.650400000000000205e+02
4.650400000000000205e+02
4.650400000000000205e+02
3.994900000000000091e+02
4.018500000000000227e+02
4.018500000000000227e+02
4.041999999999999886e+02
4.147500000000000000e+02
5.266799999999999500e+02
4.643999999999999773e+02
5.455000000000000000e+02
5.455000000000000000e+02
5.257200000000000273e+02
5.781399999999998727e+02
2.345600000000000023e+02
3.053199999999999932e+02
4.138199999999999932e+02
4.175199999999999818e+02
4.403999999999999773e+02
4.942900000000000205e+02
4.223899999999999864e+02
3.486100000000000136e+02
4.946700000000000159e+02
3.870799999999999841e+02
4.681800000000000068e+02
3.803000000000000114e+02
4.050799999999999841e+02
4.050799999999999841e+02
4.637400000000000091e+02
4.944700000000000273e+02
6.696599999999999682e+02
4.491800000000000068e+02
4.308600000000000136e+02
3.821999999999999886e+02
5.661200000000000045e+02
4.408600000000000136e+02
5.277100000000000364e+02
4.743799999999999955e+02
4.353399999999999750e+02
4.450199999999999818e+02
4.861800000000000068e+02
4.547300000000000182e+02
4.050600000000000023e+02
5.425599999999999454e+02
9.118200000000000500e+02
3.680600000000000023e+02
5.863699999999998909e+02
3.599599999999999795e+02
4.415199999999999818e+02
5.710399999999999636e+02
4.868399999999999750e+02
3.957400000000000091e+02
6.213199999999999363e+02
4.135000000000000000e+02
4.290699999999999932e+02
4.424800000000000182e+02
3.349100000000000250e+02
3.817400000000000091e+02
3.637300000000000182e+02
4.825000000000000000e+02
3.359800000000000182e+02
3.941999999999999318e+02
3.823399999999999750e+02
4.718500000000000227e+02
4.121999999999999886e+02
3.916600000000000250e+02
4.596000000000000227e+02
5.407000000000000455e+02
5.407000000000000455e+02
5.402200000000000273e+02
4.714100000000000250e+02
3.836100000000000136e+02
3.184100000000000250e+02
5.146900000000000546e+02
4.873500000000000227e+02
4.873500000000000227e+02
4.873500000000000227e+02
4.446399999999999864e+02
5.182799999999999727e+02
5.182799999999999727e+02
4.175400000000000205e+02
5.020400000000000205e+02
3.558799999999999955e+02
4.220199999999999818e+02
4.220199999999999818e+02
3.995099999999999909e+02
4.203999999999999773e+02
3.981600000000000250e+02
3.932500000000000000e+02
3.932500000000000000e+02
3.932500000000000000e+02
3.438600000000000136e+02
4.063000000000000114e+02
2.906600000000000250e+02
4.046399999999999864e+02
4.022900000000000205e+02
4.046399999999999864e+02
4.046399999999999864e+02
4.633000000000000114e+02
4.942900000000000205e+02
3.817599999999999909e+02
3.794100000000000250e+02
4.404200000000000159e+02
3.787599999999999909e+02
5.883199999999999363e+02
3.946600000000000250e+02
4.680000000000000000e+02
4.680000000000000000e+02
3.370199999999999818e+02
5.749700000000000273e+02
5.247999999999999545e+02
5.247999999999999545e+02
3.311799999999999500e+02
5.661399999999998727e+02
5.661399999999998727e+02
6.472400000000000091e+02
6.472400000000000091e+02
5.236199999999998909e+02
5.095000000000000000e+02
4.177599999999999909e+02
7.237400000000000091e+02
7.154200000000000728e+02
7.278999999999998636e+02
7.195799999999999272e+02
4.279599999999999795e+02
4.279599999999999795e+02
4.866200000000000045e+02
4.947300000000000182e+02
4.718500000000000227e+02
5.671699999999999591e+02
4.260899999999999750e+02
3.593199999999999932e+02
4.670600000000000023e+02
4.179800000000000182e+02
4.487099999999999795e+02
3.563199999999999932e+02
3.638000000000000114e+02
3.821800000000000068e+02
4.899399999999999977e+02
4.899399999999999977e+02
4.899399999999999977e+02
5.357200000000000273e+02
5.213899999999998727e+02
5.132999999999999545e+02
5.312999999999999545e+02
5.634699999999999136e+02
6.240199999999999818e+02
5.361799999999999500e+02
5.451799999999999500e+02
4.680000000000000000e+02
3.641700000000000159e+02
3.722200000000000273e+02
3.364200000000000159e+02
5.083399999999999750e+02
5.083399999999999750e+02
3.827799999999999727e+02
3.623399999999999750e+02
4.401399999999999864e+02
4.401399999999999864e+02
4.401399999999999864e+02
5.212400000000000091e+02
5.212400000000000091e+02
5.212400000000000091e+02
4.567400000000000091e+02
4.567400000000000091e+02
6.238999999999999773e+02
3.791100000000000136e+02
4.137699999999999818e+02
4.781000000000000227e+02
4.391000000000000227e+02
4.520799999999999841e+02
5.059599999999999795e+02
4.079599999999999795e+02
4.890600000000000023e+02
4.371800000000000068e+02
4.371800000000000068e+02
4.371800000000000068e+02
4.583999999999999773e+02
3.439200000000000159e+02
4.435500000000000114e+02
4.928999999999999773e+02
4.928999999999999773e+02
4.922599999999999909e+02
5.519400000000000546e+02
3.102200000000000273e+02
4.847300000000000182e+02
4.575799999999999841e+02
5.341499999999999773e+02
4.731800000000000068e+02
6.515599999999999454e+02
5.632300000000000182e+02
6.310499999999999545e+02
3.901399999999999864e+02
3.359299999999999500e+02
4.403399999999999750e+02
4.403399999999999750e+02
4.403399999999999750e+02
3.628299999999999841e+02
5.156499999999999773e+02
5.156499999999999773e+02
4.632200000000000273e+02
4.828700000000000045e+02
4.927699999999999818e+02
4.819900000000000091e+02
5.317699999999999818e+02
5.317699999999999818e+02
2.903899999999999864e+02
2.899499999999999886e+02
3.556999999999999886e+02
3.645099999999999909e+02
4.276700000000000159e+02
6.764700000000000273e+02
2.446299999999999955e+02
3.368099999999999454e+02
2.413100000000000023e+02
3.590299999999999727e+02
3.361499999999999773e+02
4.609499999999999886e+02
4.609499999999999886e+02
2.217500000000000000e+02
4.131100000000000136e+02
4.131100000000000136e+02
4.131100000000000136e+02
3.857099999999999795e+02
2.871600000000000250e+02
4.783100000000000023e+02
4.783100000000000023e+02
5.196499999999999773e+02
5.196499999999999773e+02
3.819100000000000250e+02
3.132699999999999818e+02
4.434499999999999886e+02
4.434499999999999886e+02
4.434499999999999886e+02
4.674400000000000546e+02
2.675099999999999909e+02
2.670699999999999932e+02
3.213799999999999955e+02
2.716700000000000159e+02
2.640699999999999932e+02
2.641899999999999977e+02
3.936499999999999773e+02
3.936499999999999773e+02
3.906899999999999977e+02
3.906899999999999977e+02
3.906899999999999977e+02
3.852699999999999818e+02
3.852699999999999818e+02
3.852699999999999818e+02
5.514900000000000091e+02
1.153039999999999964e+03
3.363399999999999750e+02
4.662799999999999727e+02
4.555000000000000000e+02
5.097099999999999795e+02
4.367300000000000182e+02
5.717200000000000273e+02
4.270600000000000023e+02
4.681800000000000068e+02
4.867099999999999795e+02
4.409499999999999886e+02
5.368199999999999363e+02
6.319500000000000455e+02
4.638299999999999841e+02
5.596299999999999955e+02
4.563799999999999955e+02
4.910600000000000023e+02
5.286599999999999682e+02
5.443399999999999181e+02
6.018999999999999773e+02
5.679400000000000546e+02
5.797400000000000091e+02
8.542999999999999545e+02
7.843399999999999181e+02
9.915800000000000409e+02
1.540699999999999818e+03
1.403420000000000073e+03
4.830500000000000114e+02
3.426799999999999500e+02
6.800799999999999272e+02
9.088799999999999955e+02
5.233500000000000227e+02
1.801200000000000045e+03
8.173599999999999000e+02
6.610899999999999181e+02
5.885599999999999454e+02
6.906399999999999864e+02
7.340699999999999363e+02
6.807400000000000091e+02
6.424300000000000637e+02
6.424300000000000637e+02
5.852400000000000091e+02
7.525199999999999818e+02
5.127799999999999727e+02
3.531200000000000045e+02
3.400000000000000000e+02
4.218299999999999841e+02
3.685000000000000000e+02
3.676200000000000045e+02
3.465799999999999841e+02
2.987400000000000091e+02
2.562300000000000182e+02
4.084200000000000159e+02
5.286199999999998909e+02
4.318500000000000227e+02
4.318500000000000227e+02
3.597599999999999909e+02
5.048199999999999932e+02
6.507799999999999727e+02
5.441199999999998909e+02
4.675000000000000000e+02
4.675000000000000000e+02
4.618399999999999750e+02
4.226200000000000045e+02
5.052699999999999818e+02
4.519399999999999977e+02
4.515000000000000000e+02
4.515000000000000000e+02
4.515000000000000000e+02
4.136299999999999955e+02
4.136299999999999955e+02
4.136299999999999955e+02
4.510600000000000023e+02
4.125799999999999841e+02
3.564399999999999977e+02
3.639200000000000159e+02
3.639200000000000159e+02
3.639200000000000159e+02
5.019499999999999886e+02
4.481800000000000068e+02
4.561000000000000227e+02
4.637400000000000091e+02
4.322900000000000205e+02
5.237200000000000273e+02
5.095000000000000000e+02
5.165899999999999181e+02
4.894399999999999977e+02
5.162400000000000091e+02
5.323799999999998818e+02
3.498799999999999955e+02
3.687599999999999909e+02
3.687599999999999909e+02
5.402300000000000182e+02
6.130399999999999636e+02
5.235399999999999636e+02
5.576600000000000819e+02
5.723400000000000318e+02
4.634800000000000182e+02
4.935100000000001046e+02
7.944800000000000182e+02
5.656800000000000637e+02
6.677599999999999909e+02
7.111900000000000546e+02
6.578599999999999000e+02
5.623599999999999000e+02
6.382100000000000364e+02
7.296400000000001000e+02
6.238799999999998818e+02
5.557999999999999545e+02
3.938600000000000136e+02
3.368299999999999841e+02
3.377200000000000273e+02
3.377200000000000273e+02
3.377200000000000273e+02
3.377200000000000273e+02
3.302400000000000091e+02
3.451999999999999886e+02
3.451999999999999886e+02
3.451999999999999886e+02
3.392400000000000091e+02
3.171200000000000045e+02
3.548799999999999955e+02
6.630199999999999818e+02
4.108999999999999773e+02
3.840799999999999841e+02
2.945799999999999841e+02
2.892799999999999727e+02
3.026799999999999500e+02
2.345200000000000102e+02
2.597500000000000000e+02
2.573999999999999773e+02
3.491399999999999864e+02
2.645499999999999545e+02
4.139200000000000159e+02
4.395899999999999750e+02
6.038400000000000318e+02
5.765299999999999727e+02
5.257400000000000091e+02
8.833600000000001273e+02
6.889000000000000909e+02
3.855400000000000205e+02
4.632799999999999727e+02
3.368799999999999955e+02
4.819399999999999977e+02
5.410399999999999636e+02
6.278999999999999773e+02
5.207999999999999545e+02
5.212400000000000091e+02
5.203600000000000136e+02
4.446200000000000045e+02
4.446200000000000045e+02
4.446200000000000045e+02
4.446200000000000045e+02
4.626000000000000227e+02
4.389599999999999795e+02
3.997400000000000091e+02
3.993000000000000114e+02
4.823899999999999864e+02
4.290600000000000023e+02
3.907500000000000000e+02
3.907500000000000000e+02
4.281800000000000068e+02
1.023279999999999973e+03
3.343999999999999773e+02
3.343999999999999773e+02
3.896999999999999886e+02
3.896999999999999886e+02
3.335600000000000023e+02
3.410400000000000205e+02
3.410400000000000205e+02
3.410400000000000205e+02
4.865500000000000114e+02
4.865500000000000114e+02
4.790699999999999932e+02
4.253000000000000114e+02
4.332200000000000273e+02
4.332200000000000273e+02
4.332200000000000273e+02
4.332200000000000273e+02
4.332200000000000273e+02
4.253000000000000114e+02
4.450199999999999818e+02
3.874300000000000068e+02
3.949100000000000250e+02
4.408600000000000136e+02
4.399800000000000182e+02
4.094100000000000250e+02
5.008399999999999750e+02
6.620799999999999272e+02
5.819399999999999409e+02
4.866200000000000045e+02
4.937099999999999795e+02
4.665600000000000023e+02
5.323799999999998818e+02
4.831800000000000068e+02
6.163199999999999363e+02
5.781399999999998727e+02
4.972400000000000091e+02
5.095000000000000000e+02
4.637400000000000091e+02
6.083499999999999091e+02
3.270000000000000000e+02
3.458799999999999955e+02
3.458799999999999955e+02
4.380600000000000023e+02
4.187400000000000091e+02
3.808700000000000045e+02
4.602400000000000091e+02
5.198199999999999363e+02
6.354500000000000455e+02
5.821199999999998909e+02
5.592400000000000091e+02
6.081399999999998727e+02
6.081399999999998727e+02
6.081399999999998727e+02
4.371700000000000159e+02
4.371700000000000159e+02
5.484800000000000182e+02
4.933600000000000136e+02
4.516100000000000136e+02
4.610799999999999841e+02
5.940899999999999181e+02
4.568199999999999932e+02
5.716700000000000728e+02
5.716700000000000728e+02
5.255799999999999272e+02
5.282500000000000000e+02
4.600500000000000114e+02
5.438099999999999454e+02
5.438099999999999454e+02
5.778099999999999454e+02
4.620600000000000023e+02
4.625000000000000000e+02
4.142900000000000205e+02
5.569400000000000546e+02
7.297300000000000182e+02
3.887599999999999909e+02
6.510799999999999272e+02
4.485899999999999750e+02
5.164500000000000455e+02
5.042400000000000091e+02
4.477500000000000000e+02
4.734200000000000159e+02
4.405799999999999841e+02
3.286200000000000045e+02
4.566999999999999886e+02
6.300699999999999363e+02
6.300699999999999363e+02
6.256400000000001000e+02
3.842599999999999909e+02
4.495699999999999932e+02
4.224200000000000159e+02
5.215399999999999636e+02
5.124200000000000728e+02
5.124200000000000728e+02
5.124200000000000728e+02
4.039100000000000250e+02
5.672999999999999545e+02
3.385000000000000000e+02
4.306800000000000068e+02
3.351800000000000068e+02
4.528999999999999773e+02
6.588199999999999363e+02
4.300199999999999818e+02
3.156200000000000045e+02
5.069800000000000182e+02
5.069800000000000182e+02
5.069800000000000182e+02
4.845600000000000023e+02
4.845600000000000023e+02
4.066999999999999886e+02
4.039100000000000250e+02
3.838199999999999932e+02
3.810299999999999727e+02
5.721800000000000637e+02
5.721800000000000637e+02
6.135199999999999818e+02
6.135199999999999818e+02
6.135199999999999818e+02
4.986600000000000250e+02
7.045799999999999272e+02
4.757799999999999727e+02
4.071399999999999864e+02
4.066999999999999886e+02
3.613799999999999955e+02
3.609399999999999977e+02
4.535600000000000023e+02
3.580600000000000023e+02
4.553399999999999750e+02
4.845600000000000023e+02
4.753899999999999864e+02
3.393399999999999750e+02
2.906799999999999500e+02
2.876799999999999500e+02
3.946600000000000250e+02
4.142200000000000273e+02
3.632099999999999795e+02
4.546399999999999864e+02
5.357400000000000091e+02
4.404200000000000159e+02
4.443100000000000023e+02
4.092099999999999795e+02
4.549700000000000273e+02
4.475099999999999909e+02
4.203600000000000136e+02
3.488799999999999955e+02
5.090600000000000023e+02
6.163599999999999000e+02
4.399800000000000182e+02
3.802300000000000182e+02
4.369800000000000182e+02
4.628600000000000136e+02
3.359800000000000182e+02
3.765000000000000000e+02
4.633000000000000114e+02
5.586199999999998909e+02
4.175400000000000205e+02
4.844200000000000159e+02
5.037200000000000273e+02
3.555400000000000205e+02
4.809700000000000273e+02
4.809700000000000273e+02
4.809700000000000273e+02
5.685899999999999181e+02
3.573500000000000227e+02
5.672599999999999909e+02
3.135599999999999454e+02
4.175400000000000205e+02
4.775199999999999818e+02
4.633000000000000114e+02
5.090600000000000023e+02
4.857400000000000091e+02
5.321599999999999682e+02
3.993799999999999955e+02
4.404200000000000159e+02
6.392400000000000091e+02
5.265999999999999091e+02
4.972699999999999818e+02
3.687799999999999727e+02
4.287599999999999909e+02
5.019399999999999977e+02
4.761800000000000068e+02
4.281600000000000250e+02
3.717799999999999727e+02
3.403299999999999841e+02
4.559100000000000250e+02
5.092699999999999818e+02
5.092699999999999818e+02
4.819300000000000068e+02
4.317599999999999909e+02
5.517999999999999545e+02
5.463800000000001091e+02
5.128599999999999000e+02
6.051299999999998818e+02
4.175400000000000205e+02
4.214300000000000068e+02
4.092099999999999795e+02
3.863299999999999841e+02
4.316499999999999773e+02
4.246299999999999955e+02
4.924499999999999886e+02
3.974800000000000182e+02
3.431799999999999500e+02
4.906200000000000045e+02
3.925500000000000114e+02
4.275199999999999818e+02
3.905000000000000000e+02
5.934800000000000182e+02
4.171000000000000227e+02
4.863999999999999773e+02
4.141000000000000227e+02
3.408500000000000227e+02
5.371299999999999955e+02
4.596200000000000045e+02
4.596200000000000045e+02
4.596200000000000045e+02
5.764800000000000182e+02
4.399800000000000182e+02
4.508100000000000023e+02
5.961000000000000227e+02
4.428399999999999750e+02
4.428399999999999750e+02
5.352599999999999909e+02
5.303499999999999091e+02
5.303499999999999091e+02
5.421499999999999773e+02
5.106600000000000250e+02
5.106600000000000250e+02
4.516499999999999773e+02
5.440699999999999363e+02
5.194700000000000273e+02
3.131000000000000227e+02
4.731399999999999864e+02
6.905799999999999272e+02
5.402400000000000091e+02
5.402400000000000091e+02
5.685799999999999272e+02
3.594599999999999795e+02
5.472400000000000091e+02
5.472400000000000091e+02
3.536200000000000045e+02
4.118399999999999181e+02
4.714100000000000250e+02
5.123799999999999955e+02
5.123799999999999955e+02
5.123799999999999955e+02
5.363700000000000045e+02
3.946600000000000250e+02
3.866100000000000136e+02
4.052200000000000273e+02
4.625799999999999841e+02
4.791800000000000068e+02
5.005400000000000205e+02
4.808399999999999750e+02
3.326600000000000250e+02
5.048799999999999955e+02
3.671600000000000250e+02
2.320300000000000011e+02
6.455399999999999636e+02
4.486499999999999773e+02
4.486499999999999773e+02
5.180699999999999363e+02
5.298699999999998909e+02
5.618600000000000136e+02
4.723999999999999773e+02
5.546499999999999773e+02
5.076600000000000250e+02
5.303499999999999091e+02
5.303499999999999091e+02
5.490399999999999636e+02
4.003999999999999773e+02
5.070400000000000205e+02
3.947900000000000205e+02
6.446800000000000637e+02
4.331899999999999977e+02
5.048100000000000023e+02
2.853399999999999750e+02
3.146600000000000250e+02
3.393199999999999932e+02
4.361700000000000159e+02
3.927400000000000091e+02
3.819599999999999795e+02
4.863700000000000045e+02
4.863700000000000045e+02
4.863700000000000045e+02
5.631199999999998909e+02
5.082599999999999341e+02
5.616799999999999500e+02
5.517799999999999727e+02
5.092500000000000000e+02
5.092500000000000000e+02
5.288999999999999773e+02
5.288999999999999773e+02
5.288999999999999773e+02
4.766999999999999886e+02
4.766999999999999886e+02
5.822300000000000182e+02
5.822300000000000182e+02
5.387999999999999545e+02
5.387999999999999545e+02
5.280199999999999818e+02
5.280199999999999818e+02
5.407000000000000455e+02
5.777999999999999545e+02
3.372599999999999909e+02
3.296600000000000250e+02
4.281600000000000250e+02
4.017300000000000182e+02
3.828399999999999750e+02
3.555199999999999818e+02
5.192000000000000455e+02
3.946399999999999864e+02
3.631899999999999977e+02
4.854399999999999977e+02
3.866200000000000045e+02
3.856299999999999955e+02
3.179499999999999886e+02
5.142300000000000182e+02
5.142300000000000182e+02
5.513399999999999181e+02
3.560699999999999932e+02
4.095000000000000000e+02
3.472300000000000182e+02
4.328199999999999932e+02
5.173399999999999181e+02
5.243400000000000318e+02
5.243400000000000318e+02
1.183089999999999918e+03
4.894800000000000182e+02
4.894800000000000182e+02
5.636399999999998727e+02
5.084900000000000091e+02
5.134700000000000273e+02
5.864600000000000364e+02
7.270000000000000000e+02
6.545499999999999545e+02
5.363499999999999091e+02
5.363499999999999091e+02
3.134900000000000091e+02
3.860699999999999932e+02
4.974599999999999795e+02
4.156200000000000045e+02
4.052799999999999727e+02
4.052799999999999727e+02
3.674100000000000250e+02
3.101000000000000227e+02
3.102200000000000273e+02
4.866399999999999864e+02
4.791600000000000250e+02
4.824800000000000182e+02
3.036600000000000250e+02
4.396800000000000068e+02
4.396800000000000068e+02
4.396800000000000068e+02
5.551599999999999682e+02
4.587799999999999727e+02
3.722799999999999727e+02
5.412200000000000273e+02
3.264599999999999795e+02
4.260899999999999750e+02
4.910500000000000114e+02
3.460199999999999818e+02
3.897599999999999909e+02
2.950099999999999909e+02
5.450499999999999545e+02
4.991999999999999886e+02
4.639499999999999886e+02
4.639499999999999886e+02
4.639499999999999886e+02
4.366100000000000136e+02
4.367200000000000273e+02
4.367200000000000273e+02
4.367200000000000273e+02
6.173999999999999773e+02
6.173999999999999773e+02
4.251800000000000068e+02
5.133599999999999000e+02
4.858399999999999750e+02
4.858399999999999750e+02
4.804200000000000159e+02
5.826899999999999409e+02
5.772699999999999818e+02
5.392599999999999909e+02
5.338399999999999181e+02
5.414600000000000364e+02
5.414600000000000364e+02
5.414600000000000364e+02
5.414600000000000364e+02
5.414600000000000364e+02
5.476799999999999500e+02
5.476799999999999500e+02
5.476799999999999500e+02
5.476799999999999500e+02
5.476799999999999500e+02
5.476799999999999500e+02
5.042900000000000205e+02
4.823700000000000045e+02
5.293599999999999000e+02
5.293599999999999000e+02
4.868299999999999841e+02
4.868299999999999841e+02
4.868299999999999841e+02
4.594900000000000091e+02
5.010600000000000023e+02
5.064800000000000182e+02
5.064800000000000182e+02
5.064800000000000182e+02
5.271699999999999591e+02
5.468199999999999363e+02
4.542799999999999727e+02
4.542799999999999727e+02
4.542799999999999727e+02
4.675400000000000205e+02
4.796800000000000068e+02
5.163799999999998818e+02
5.163799999999998818e+02
5.163799999999998818e+02
5.295599999999999454e+02
5.313799999999999955e+02
7.778299999999999272e+02
5.105000000000000000e+02
7.132300000000000182e+02
5.056000000000000227e+02
5.056000000000000227e+02
5.056000000000000227e+02
7.175799999999999272e+02
4.814100000000000250e+02
3.734800000000000182e+02
5.553799999999999955e+02
5.553799999999999955e+02
5.553799999999999955e+02
3.926200000000000045e+02
5.386800000000000637e+02
4.379399999999999977e+02
4.383799999999999955e+02
3.138299999999999841e+02
3.072400000000000091e+02
3.622200000000000273e+02
4.399599999999999795e+02
3.860899999999999750e+02
3.833000000000000114e+02
3.856499999999999773e+02
4.951299999999999955e+02
4.156399999999999864e+02
4.156399999999999864e+02
3.764200000000000159e+02
3.764200000000000159e+02
3.736299999999999955e+02
3.759800000000000182e+02
3.722200000000000273e+02
4.590699999999999932e+02
4.590699999999999932e+02
4.057400000000000091e+02
4.057400000000000091e+02
4.029499999999999886e+02
4.175400000000000205e+02
3.674300000000000068e+02
4.048600000000000136e+02
4.048600000000000136e+02
3.666999999999999886e+02
3.666999999999999886e+02
3.105599999999999454e+02
3.102400000000000091e+02
3.180400000000000205e+02
4.201200000000000045e+02
3.763799999999999955e+02
3.763799999999999955e+02
4.635500000000000114e+02
4.635500000000000114e+02
4.635500000000000114e+02
4.102200000000000273e+02
4.027400000000000091e+02
3.996299999999999955e+02
4.023000000000000114e+02
3.644300000000000068e+02
4.093399999999999750e+02
3.006800000000000068e+02
5.228199999999999363e+02
4.371000000000000227e+02
5.586199999999998909e+02
4.774100000000000250e+02
4.778500000000000227e+02
3.331899999999999977e+02
3.734200000000000159e+02
3.036799999999999500e+02
3.930699999999999932e+02
3.761100000000000136e+02
6.167599999999999909e+02
3.638899999999999864e+02
5.099499999999999886e+02
5.099499999999999886e+02
4.096499999999999773e+02
3.410099999999999909e+02
4.177599999999999909e+02
3.863299999999999841e+02
5.174600000000000364e+02
4.514200000000000159e+02
3.250099999999999909e+02
4.061100000000000136e+02
3.872799999999999727e+02
3.793100000000000023e+02
4.604100000000000250e+02
4.939300000000000068e+02
4.717300000000000182e+02
4.668199999999999932e+02
4.668199999999999932e+02
4.668199999999999932e+02
4.668199999999999932e+02
4.668199999999999932e+02
4.471299999999999955e+02
4.471299999999999955e+02
3.881200000000000045e+02
3.784700000000000273e+02
4.595699999999999932e+02
4.559399999999999977e+02
4.559399999999999977e+02
6.914799999999999045e+02
3.601299999999999955e+02
3.521600000000000250e+02
4.445799999999999841e+02
4.396700000000000159e+02
4.199800000000000182e+02
3.609700000000000273e+02
3.513199999999999932e+02
3.513199999999999932e+02
4.287900000000000205e+02
4.287900000000000205e+02
2.978600000000000136e+02
3.789599999999999795e+02
4.124800000000000182e+02
4.508399999999999750e+02
4.508399999999999750e+02
4.508399999999999750e+02
5.095000000000000000e+02
4.812200000000000273e+02
4.008799999999999955e+02
5.680999999999999091e+02
4.496200000000000045e+02
4.496200000000000045e+02
4.496200000000000045e+02
3.918700000000000045e+02
7.000799999999999272e+02
7.000799999999999272e+02
3.874499999999999886e+02
3.603000000000000114e+02
3.603000000000000114e+02
6.993600000000000136e+02
5.628399999999999181e+02
7.840599999999999454e+02
7.882200000000000273e+02
5.552599999999999909e+02
7.382999999999999545e+02
3.288399999999999750e+02
3.831399999999999864e+02
3.559900000000000091e+02
3.791999999999999886e+02
5.283499999999999091e+02
4.554800000000000182e+02
3.909399999999999977e+02
4.105899999999999750e+02
3.817400000000000091e+02
3.588600000000000136e+02
4.506000000000000227e+02
4.714100000000000250e+02
4.074300000000000068e+02
3.641999999999999886e+02
3.641999999999999886e+02
4.453000000000000114e+02
4.372500000000000000e+02
4.788199999999999932e+02
3.781200000000000045e+02
3.574200000000000159e+02
4.323700000000000045e+02
3.821999999999999886e+02
3.821999999999999886e+02
3.821999999999999886e+02
4.408600000000000136e+02
4.743799999999999955e+02
4.743799999999999955e+02
4.743799999999999955e+02
4.715899999999999750e+02
4.739399999999999977e+02
4.739399999999999977e+02
4.739399999999999977e+02
4.739399999999999977e+02
4.715899999999999750e+02
4.739399999999999977e+02
4.739399999999999977e+02
4.739399999999999977e+02
4.739399999999999977e+02
4.715899999999999750e+02
4.857400000000000091e+02
4.360699999999999932e+02
4.360699999999999932e+02
4.360699999999999932e+02
4.360699999999999932e+02
3.791999999999999886e+02
3.788799999999999955e+02
3.866800000000000068e+02
4.784200000000000159e+02
6.467799999999999727e+02
3.530000000000000000e+02
4.263000000000000114e+02
4.079800000000000182e+02
4.079800000000000182e+02
4.318500000000000227e+02
4.314100000000000250e+02
3.593199999999999932e+02
3.593199999999999932e+02
4.670600000000000023e+02
4.179800000000000182e+02
5.048299999999999841e+02
4.515000000000000000e+02
4.487099999999999795e+02
4.510600000000000023e+02
4.510600000000000023e+02
4.487099999999999795e+02
4.131899999999999977e+02
5.280599999999999454e+02
3.560000000000000000e+02
3.560000000000000000e+02
3.560000000000000000e+02
3.638000000000000114e+02
3.638000000000000114e+02
3.634800000000000182e+02
3.634800000000000182e+02
3.634800000000000182e+02
3.634800000000000182e+02
3.634800000000000182e+02
3.634800000000000182e+02
3.638000000000000114e+02
3.638000000000000114e+02
3.494399999999999977e+02
3.683199999999999932e+02
3.683199999999999932e+02
3.451800000000000068e+02
3.370799999999999841e+02
4.186399999999999864e+02
5.481599999999999682e+02
3.174300000000000068e+02
5.984400000000000546e+02
5.760199999999999818e+02
5.760199999999999818e+02
4.611700000000000159e+02
6.636399999999999864e+02
4.166200000000000045e+02
4.166200000000000045e+02
4.659599999999999795e+02
4.756100000000000136e+02
4.756100000000000136e+02
5.012799999999999727e+02
5.012799999999999727e+02
5.012799999999999727e+02
5.012799999999999727e+02
5.656600000000000819e+02
5.656600000000000819e+02
3.717799999999999727e+02
3.120299999999999727e+02
3.946600000000000250e+02
5.327400000000000091e+02
5.327400000000000091e+02
3.950199999999999818e+02
3.950199999999999818e+02
4.410799999999999841e+02
3.687799999999999727e+02
3.717599999999999909e+02
5.178199999999999363e+02
5.178199999999999363e+02
5.178199999999999363e+02
5.958499999999999091e+02
4.485299999999999727e+02
5.455699999999999363e+02
4.953999999999999773e+02
4.953999999999999773e+02
4.953999999999999773e+02
3.991399999999999864e+02
3.991399999999999864e+02
3.787599999999999909e+02
5.076600000000000250e+02
5.263700000000000045e+02
6.334100000000000819e+02
4.566200000000000045e+02
5.322599999999999909e+02
5.019200000000000159e+02
5.019200000000000159e+02
5.830199999999999818e+02
5.520900000000000318e+02
3.082999999999999545e+02
6.207699999999999818e+02
6.243599999999999000e+02
4.096399999999999864e+02
4.397300000000000182e+02
4.279599999999999795e+02
4.279599999999999795e+02
4.279599999999999795e+02
4.866200000000000045e+02
4.249599999999999795e+02
4.045299999999999727e+02
7.008599999999999000e+02
6.925399999999999636e+02
7.050199999999999818e+02
6.967000000000000455e+02
4.050799999999999841e+02
4.050799999999999841e+02
4.050799999999999841e+02
4.637400000000000091e+02
4.944700000000000273e+02
4.020799999999999841e+02
4.017599999999999909e+02
4.727400000000000091e+02
4.845899999999999750e+02
3.950199999999999818e+02
3.950199999999999818e+02
3.950199999999999818e+02
3.958600000000000136e+02
3.290799999999999841e+02
3.019300000000000068e+02
5.129400000000000546e+02
4.489700000000000273e+02
4.032099999999999795e+02
6.238999999999999773e+02
3.376000000000000227e+02
3.376000000000000227e+02
3.376000000000000227e+02
2.805499999999999545e+02
3.392300000000000182e+02
3.851000000000000227e+02
3.364399999999999977e+02
3.364399999999999977e+02
5.405999999999999091e+02
5.175699999999999363e+02
4.385199999999999818e+02
3.965099999999999909e+02
3.951000000000000227e+02
4.819499999999999886e+02
4.819499999999999886e+02
4.286200000000000045e+02
4.286200000000000045e+02
4.286200000000000045e+02
4.258299999999999841e+02
4.281800000000000068e+02
4.281800000000000068e+02
4.281800000000000068e+02
4.258299999999999841e+02
4.404200000000000159e+02
3.903100000000000023e+02
3.903100000000000023e+02
4.277400000000000091e+02
3.895799999999999841e+02
3.334399999999999409e+02
3.331200000000000045e+02
3.331200000000000045e+02
3.409200000000000159e+02
3.409200000000000159e+02
3.409200000000000159e+02
3.406000000000000227e+02
3.406000000000000227e+02
4.864300000000000068e+02
4.861100000000000136e+02
4.861100000000000136e+02
4.326600000000000250e+02
3.947900000000000205e+02
5.523299999999999272e+02
4.826399999999999864e+02
3.310400000000000205e+02
3.592999999999999545e+02
4.056600000000000250e+02
4.024300000000000068e+02
3.265599999999999454e+02
3.454399999999999977e+02
4.159499999999999318e+02
4.301800000000000068e+02
6.173999999999999773e+02
6.173999999999999773e+02
5.128399999999999181e+02
5.777999999999999545e+02
5.412200000000000273e+02
5.412200000000000273e+02
4.985099999999999341e+02
4.953999999999999773e+02
4.953999999999999773e+02
4.953999999999999773e+02
4.904200000000000159e+02
5.795299999999999727e+02
6.055499999999999545e+02
6.622300000000000182e+02
6.364799999999999045e+02
5.357400000000000091e+02
5.313899999999999864e+02
5.130599999999999454e+02
4.910500000000000114e+02
4.910500000000000114e+02
6.735499999999999545e+02
4.714100000000000250e+02
6.549399999999998272e+02
6.321299999999999955e+02
6.321299999999999955e+02
5.132999999999999545e+02
5.085099999999999909e+02
5.139300000000000637e+02
5.077799999999999159e+02
4.306499999999999773e+02
4.049800000000000182e+02
4.170799999999999841e+02
3.951600000000000250e+02
4.329499999999999886e+02
4.722500000000000000e+02
4.750400000000000205e+02
3.927599999999999909e+02
3.535400000000000205e+02
3.507500000000000000e+02
3.493399999999999750e+02
4.361899999999999977e+02
3.828600000000000136e+02
3.800699999999999932e+02
3.819800000000000182e+02
3.363399999999999750e+02
3.379700000000000273e+02
4.951999999999999886e+02
3.798600000000000136e+02
3.789800000000000182e+02
4.591200000000000045e+02
4.591200000000000045e+02
4.591200000000000045e+02
4.510400000000000205e+02
3.412900000000000205e+02
4.600600000000000023e+02
4.600600000000000023e+02
4.600600000000000023e+02
4.161299999999999955e+02
3.135400000000000205e+02
5.408899999999999864e+02
3.598999999999999773e+02
3.314100000000000250e+02
4.480799999999999841e+02
4.166200000000000045e+02
4.166200000000000045e+02
6.794199999999999591e+02
6.794199999999999591e+02
4.480799999999999841e+02
4.947699999999999818e+02
4.947699999999999818e+02
4.947699999999999818e+02
4.674300000000000068e+02
4.172599999999999909e+02
4.172599999999999909e+02
4.172599999999999909e+02
4.983600000000000136e+02
4.480799999999999841e+02
4.480799999999999841e+02
4.480799999999999841e+02
3.858000000000000114e+02
3.858000000000000114e+02
4.456499999999999773e+02
5.327400000000000091e+02
5.327400000000000091e+02
5.327400000000000091e+02
5.327400000000000091e+02
5.327400000000000091e+02
5.327400000000000091e+02
5.327400000000000091e+02
6.133599999999999000e+02
5.635599999999999454e+02
5.481599999999999682e+02
4.338600000000000136e+02
4.338600000000000136e+02
4.338600000000000136e+02
6.010199999999999818e+02
3.562300000000000182e+02
4.158999999999999773e+02
4.158999999999999773e+02
3.228100000000000023e+02
5.327300000000000182e+02
5.327300000000000182e+02
4.552200000000000273e+02
4.162200000000000273e+02
3.336999999999999886e+02
4.781000000000000227e+02
3.850799999999999841e+02
3.850799999999999841e+02
3.565799999999999841e+02
4.355199999999999818e+02
3.210400000000000205e+02
2.623600000000000136e+02
6.183799999999999955e+02
4.737200000000000273e+02
4.737200000000000273e+02
5.290599999999999454e+02
4.258899999999999864e+02
5.408299999999999272e+02
3.401799999999999500e+02
2.873399999999999750e+02
3.908399999999999750e+02
4.256800000000000068e+02
5.773099999999999454e+02
4.740600000000000023e+02
6.040000000000000000e+02
6.040000000000000000e+02
5.932200000000000273e+02
5.932200000000000273e+02
6.474300000000000637e+02
6.474300000000000637e+02
5.744500000000000455e+02
5.940999999999999091e+02
5.419000000000000909e+02
5.546800000000000637e+02
5.546800000000000637e+02
5.515699999999999363e+02
5.515699999999999363e+02
8.086500000000000909e+02
3.107699999999999818e+02
5.286599999999999682e+02
6.365099999999999909e+02
7.889200000000000728e+02
5.929099999999999682e+02
5.929099999999999682e+02
5.929099999999999682e+02
5.656799999999999500e+02
5.656799999999999500e+02
5.656799999999999500e+02
6.696599999999999682e+02
5.153999999999999773e+02
6.583199999999999363e+02
6.354399999999999409e+02
6.887699999999999818e+02
6.345599999999999454e+02
6.843399999999999181e+02
6.843399999999999181e+02
4.429599999999999795e+02
5.082699999999999250e+02
4.553999999999999773e+02
3.971999999999999886e+02
4.893799999999999955e+02
3.938799999999999955e+02
5.611599999999999682e+02
4.887200000000000273e+02
3.743199999999999932e+02
5.382799999999999727e+02
6.308799999999998818e+02
5.344800000000000182e+02
4.658399999999999750e+02
4.653999999999999773e+02
5.960199999999999818e+02
7.067599999999999909e+02
6.200099999999999909e+02
4.200799999999999841e+02
4.196399999999999864e+02
3.669599999999999795e+02
3.211999999999999886e+02
4.127200000000000273e+02
3.407599999999999909e+02
5.140399999999999636e+02
5.432599999999999909e+02
5.432599999999999909e+02
5.432599999999999909e+02
5.378399999999999181e+02
5.378399999999999181e+02
5.653199999999999363e+02
8.631199999999998909e+02
5.309700000000000273e+02
6.343199999999999363e+02
7.265000000000000000e+02
6.881900000000000546e+02
6.310000000000000000e+02
7.982799999999999727e+02
3.988799999999999955e+02
3.857599999999999909e+02
4.541800000000000068e+02
4.055199999999999818e+02
6.965399999999999636e+02
5.076000000000000227e+02
4.683799999999999955e+02
5.510299999999999727e+02
4.976999999999999886e+02
4.972599999999999909e+02
4.972599999999999909e+02
4.593899999999999864e+02
4.593899999999999864e+02
4.593899999999999864e+02
4.593899999999999864e+02
4.968199999999999932e+02
4.021999999999999886e+02
4.939399999999999977e+02
5.095000000000000000e+02
4.780500000000000114e+02
5.694800000000000182e+02
5.352000000000000455e+02
6.849600000000000364e+02
6.500999999999999091e+02
1.007539999999999964e+03
1.280259999999999991e+03
3.758299999999999841e+02
5.184199999999999591e+02
6.292200000000000273e+02
2.030000000000000000e+03
8.402400000000000091e+02
6.546799999999999500e+02
6.114400000000000546e+02
7.135199999999999818e+02
7.569500000000000455e+02
7.036199999999998909e+02
6.081199999999998909e+02
7.611099999999999000e+02
6.839700000000000273e+02
3.760000000000000000e+02
3.628799999999999955e+02
3.902099999999999795e+02
5.928999999999999773e+02
4.318100000000000023e+02
5.928999999999999773e+02
4.313000000000000114e+02
5.090400000000000205e+02
3.826399999999999864e+02
5.277000000000000455e+02
6.736600000000000819e+02
4.847200000000000273e+02
4.455000000000000000e+02
5.281500000000000909e+02
4.748199999999999932e+02
4.743799999999999955e+02
4.743799999999999955e+02
4.365099999999999909e+02
4.365099999999999909e+02
4.365099999999999909e+02
4.739399999999999977e+02
3.843199999999999932e+02
3.793199999999999932e+02
3.868000000000000114e+02
3.868000000000000114e+02
3.868000000000000114e+02
3.868000000000000114e+02
3.868000000000000114e+02
4.710600000000000023e+02
3.883199999999999932e+02
4.866200000000000045e+02
5.061800000000000068e+02
4.551700000000000159e+02
6.241099999999999000e+02
5.465999999999999091e+02
5.323799999999998818e+02
5.394700000000000273e+02
5.123199999999999363e+02
4.408399999999999750e+02
4.684599999999999795e+02
6.238999999999999773e+02
5.690199999999999818e+02
5.095000000000000000e+02
3.727599999999999909e+02
3.916399999999999864e+02
3.916399999999999864e+02
3.916399999999999864e+02
3.815799999999999841e+02
3.544299999999999500e+02
3.979800000000000182e+02
4.279599999999999795e+02
3.901200000000000045e+02
3.671600000000000250e+02
3.923199999999999932e+02
4.150500000000000114e+02
3.108700000000000045e+02
3.336000000000000227e+02
3.786899999999999977e+02
2.837200000000000273e+02
3.505899999999999750e+02
5.442899999999999636e+02
5.652699999999999818e+02
5.133799999999999955e+02
4.279399999999999977e+02
5.706299999999999955e+02
4.288399999999999750e+02
4.253199999999999932e+02
4.588700000000000045e+02
6.014500000000000455e+02
5.984900000000000091e+02
1.343599999999999909e+03
7.715999999999999091e+02
3.289900000000000091e+02
4.945899999999999750e+02
4.412599999999999909e+02
5.427999999999999545e+02
6.883099999999999454e+02
6.349800000000000182e+02
5.966700000000000728e+02
5.966700000000000728e+02
5.394800000000000182e+02
6.153299999999999272e+02
7.067599999999999909e+02
6.996299999999999955e+02
5.329200000000000728e+02
3.139499999999999886e+02
3.148399999999999750e+02
3.148399999999999750e+02
3.073600000000000136e+02
3.214299999999999500e+02
3.991000000000000227e+02
3.131200000000000045e+02
6.122799999999999727e+02
4.573399999999999750e+02
4.301100000000000136e+02
3.798299999999999841e+02
4.476700000000000159e+02
5.532000000000000455e+02
5.097699999999999818e+02
2.380399999999999920e+02
4.779499999999999886e+02
4.604499999999999886e+02
2.581299999999999955e+02
4.076899999999999977e+02
3.127699999999999818e+02
4.978799999999999955e+02
4.672599999999999909e+02
4.717400000000000091e+02
4.215000000000000000e+02
4.215000000000000000e+02
5.785000000000000000e+02
3.626600000000000250e+02
4.403999999999999773e+02
3.860899999999999750e+02
3.140000000000000000e+02
4.113199999999999932e+02
4.590600000000000023e+02
5.181599999999999682e+02
6.050199999999999818e+02
4.979200000000000159e+02
4.983600000000000136e+02
4.974800000000000182e+02
4.974800000000000182e+02
5.219600000000000364e+02
4.217400000000000091e+02
4.217400000000000091e+02
4.966000000000000227e+02
4.160799999999999841e+02
3.768600000000000136e+02
3.764200000000000159e+02
3.764200000000000159e+02
4.595099999999999909e+02
4.061800000000000068e+02
4.057400000000000091e+02
4.057400000000000091e+02
3.678700000000000045e+02
3.678700000000000045e+02
4.827400000000000091e+02
4.053000000000000114e+02
1.000399999999999977e+03
3.593399999999999750e+02
3.106799999999999500e+02
3.181600000000000250e+02
3.181600000000000250e+02
4.202400000000000091e+02
4.127599999999999909e+02
4.636700000000000159e+02
4.561899999999999977e+02
4.024200000000000159e+02
4.103399999999999750e+02
4.103399999999999750e+02
4.028600000000000136e+02
4.024200000000000159e+02
3.645500000000000114e+02
3.720299999999999727e+02
5.129399999999999409e+02
3.196800000000000068e+02
3.007999999999999545e+02
3.082799999999999727e+02
3.082799999999999727e+02
4.179800000000000182e+02
3.865299999999999727e+02
5.522400000000000091e+02
4.779599999999999795e+02
5.590599999999999454e+02
4.637400000000000091e+02
4.708299999999999841e+02
4.436800000000000068e+02
5.323799999999998818e+02
5.095000000000000000e+02
3.998199999999999932e+02
5.552599999999999909e+02
4.866200000000000045e+02
5.585799999999999272e+02
4.408600000000000136e+02
6.396799999999999500e+02
3.041200000000000045e+02
3.230000000000000000e+02
4.151800000000000068e+02
4.151800000000000068e+02
3.112699999999999818e+02
2.708999999999999773e+02
2.827400000000000091e+02
3.872200000000000273e+02
2.832400000000000091e+02
3.451999999999999886e+02
4.108600000000000136e+02
3.800400000000000205e+02
3.072799999999999727e+02
3.034299999999999500e+02
2.980099999999999909e+02
3.254700000000000273e+02
3.373100000000000023e+02
6.401100000000000136e+02
3.072799999999999727e+02
4.582099999999999795e+02
3.191200000000000045e+02
2.708999999999999773e+02
2.827400000000000091e+02
2.987400000000000091e+02
3.439500000000000455e+02
3.072799999999999727e+02
3.072799999999999727e+02
5.080600000000000023e+02
3.618500000000000227e+02
6.764900000000000091e+02
3.436600000000000250e+02
2.931999999999999886e+02
2.890899999999999750e+02
4.400199999999999818e+02
2.527100000000000080e+02
4.106499999999999773e+02
6.037300000000000182e+02
4.022699999999999818e+02
5.855399999999999636e+02
5.491600000000000819e+02
3.957599999999999909e+02
1.269680000000000064e+03
4.508100000000000023e+02
4.458299999999999841e+02
5.895399999999999636e+02
6.203600000000000136e+02
6.511800000000000637e+02
6.511800000000000637e+02
4.391999999999999886e+02
6.410000000000000000e+02
5.230399999999999636e+02
6.274500000000000455e+02
7.233099999999999454e+02
5.239199999999999591e+02
5.814800000000000182e+02
5.996899999999999409e+02
5.463599999999999000e+02
5.084900000000000091e+02
5.454800000000000182e+02
4.675400000000000205e+02
6.271499999999999773e+02
3.994399999999999977e+02
7.892999999999999545e+02
6.583099999999999454e+02
6.583099999999999454e+02
7.584800000000000182e+02
6.552000000000000455e+02
6.552000000000000455e+02
6.453700000000000045e+02
6.224900000000000091e+02
6.347400000000000091e+02
6.086199999999998909e+02
7.008899999999998727e+02
6.724600000000000364e+02
5.628199999999999363e+02
5.132999999999999545e+02
5.089499999999999886e+02
5.089499999999999886e+02
5.089499999999999886e+02
4.516399999999999864e+02
5.131099999999999000e+02
5.049700000000000273e+02
5.698700000000000045e+02
5.285299999999999727e+02
5.285299999999999727e+02
5.932400000000000091e+02
5.516700000000000728e+02
5.780599999999999454e+02
5.132999999999999545e+02
5.586199999999998909e+02
5.361799999999999500e+02
6.040999999999999091e+02
4.883100000000000023e+02
5.775899999999999181e+02
5.547100000000000364e+02
4.862599999999999909e+02
5.577000000000000455e+02
5.378599999999999000e+02
4.531100000000000136e+02
4.541800000000000068e+02
6.270799999999999272e+02
5.306599999999998545e+02
5.088799999999999955e+02
4.860000000000000000e+02
6.221799999999998363e+02
5.440299999999999727e+02
6.931700000000000728e+02
6.430000000000000000e+02
6.430000000000000000e+02
6.004700000000000273e+02
4.430099999999999909e+02
5.318299999999999272e+02
5.460599999999999454e+02
5.362400000000000091e+02
5.399399999999999409e+02
4.904200000000000159e+02
4.860699999999999932e+02
4.860699999999999932e+02
5.384400000000000546e+02
5.384400000000000546e+02
5.285399999999999636e+02
5.285399999999999636e+02
5.403399999999999181e+02
5.276599999999999682e+02
5.042900000000000205e+02
5.042900000000000205e+02
4.546200000000000045e+02
6.269800000000000182e+02
5.583399999999999181e+02
5.583399999999999181e+02
5.583399999999999181e+02
6.350899999999999181e+02
6.350899999999999181e+02
5.268799999999999955e+02
6.738200000000000500e+02
8.654000000000000909e+02
6.029099999999999682e+02
5.572999999999999545e+02
5.630099999999999909e+02
4.284200000000000159e+02
4.674700000000000273e+02
5.357000000000000455e+02
8.205000000000000000e+02
4.370500000000000114e+02
4.458600000000000136e+02
4.408799999999999955e+02
4.124399999999999977e+02
3.867699999999999818e+02
5.200399999999999636e+02
5.200399999999999636e+02
4.775099999999999909e+02
4.545899999999999750e+02
5.768799999999998818e+02
3.168999999999999773e+02
4.371000000000000227e+02
3.946399999999999864e+02
2.682400000000000091e+02
4.128600000000000136e+02
4.133000000000000114e+02
4.521600000000000250e+02
4.526000000000000227e+02
4.757599999999999909e+02
4.761999999999999886e+02
3.707699999999999818e+02
3.935199999999999818e+02
3.939599999999999795e+02
3.703199999999999932e+02
3.311000000000000227e+02
3.306600000000000250e+02
4.853899999999999864e+02
4.137500000000000000e+02
3.604200000000000159e+02
3.599800000000000182e+02
4.369800000000000182e+02
3.595400000000000205e+02
3.213799999999999955e+02
3.623399999999999750e+02
3.505400000000000205e+02
2.649200000000000159e+02
3.277799999999999727e+02
2.623899999999999864e+02
3.562200000000000273e+02
4.363600000000000136e+02
4.363600000000000136e+02
5.345099999999999909e+02
4.548999999999999773e+02
5.855599999999999454e+02
4.286000000000000227e+02
4.510400000000000205e+02
3.559800000000000182e+02
3.722200000000000273e+02
3.917799999999999727e+02
3.407699999999999818e+02
4.563500000000000227e+02
5.097099999999999795e+02
4.823700000000000045e+02
4.321999999999999886e+02
5.468199999999999363e+02
5.132999999999999545e+02
5.303499999999999091e+02
4.179800000000000182e+02
4.218700000000000045e+02
4.096499999999999773e+02
4.549700000000000273e+02
3.867699999999999818e+02
4.325299999999999727e+02
5.632200000000000273e+02
4.250699999999999932e+02
4.928899999999999864e+02
3.979200000000000159e+02
4.903399999999999750e+02
4.706899999999999977e+02
4.170799999999999841e+02
3.235299999999999727e+02
4.279599999999999795e+02
4.637400000000000091e+02
5.939199999999999591e+02
4.175400000000000205e+02
3.577900000000000205e+02
4.145400000000000205e+02
4.404200000000000159e+02
5.476799999999999500e+02
3.540599999999999454e+02
5.095000000000000000e+02
4.408600000000000136e+02
5.277100000000000364e+02
5.128199999999999363e+02
5.128199999999999363e+02
4.507400000000000091e+02
5.382500000000000000e+02
4.409200000000000159e+02
3.951000000000000227e+02
4.630199999999999818e+02
4.630199999999999818e+02
4.366499999999999773e+02
5.009800000000000182e+02
4.812799999999999727e+02
3.331000000000000227e+02
3.070199999999999818e+02
3.308899999999999864e+02
2.583600000000000136e+02
4.411999999999999886e+02
5.222899999999999636e+02
3.634900000000000091e+02
3.862200000000000273e+02
4.313100000000000023e+02
4.202200000000000273e+02
3.887599999999999909e+02
6.515599999999999454e+02
4.202200000000000273e+02
4.669100000000000250e+02
4.669100000000000250e+02
3.893999999999999773e+02
5.193399999999999181e+02
5.193399999999999181e+02
5.193399999999999181e+02
5.444199999999999591e+02
5.126699999999999591e+02
4.897900000000000205e+02
4.897900000000000205e+02
4.897900000000000205e+02
5.094399999999999977e+02
5.552000000000000455e+02
5.552000000000000455e+02
4.529100000000000250e+02
4.529100000000000250e+02
4.940099999999999909e+02
4.940099999999999909e+02
4.940099999999999909e+02
6.393299999999999272e+02
4.977300000000000182e+02
4.202200000000000273e+02
5.198199999999999363e+02
3.579399999999999977e+02
3.596200000000000045e+02
5.497300000000000182e+02
4.274399999999999977e+02
4.625500000000000114e+02
4.241899999999999977e+02
5.357000000000000455e+02
5.823899999999998727e+02
5.048799999999999955e+02
5.855000000000000000e+02
5.855000000000000000e+02
5.357000000000000455e+02
5.992100000000000364e+02
5.198199999999999363e+02
5.270299999999999727e+02
6.418399999999999181e+02
1.043710000000000036e+03
3.281200000000000045e+02
4.910199999999999818e+02
9.102400000000000091e+02
6.600999999999999091e+02
5.774400000000000546e+02
4.060000000000000000e+02
5.439200000000000728e+02
5.821399999999999864e+02
4.952599999999999909e+02
4.952799999999999727e+02
4.957400000000000091e+02
6.964600000000000364e+02
6.964600000000000364e+02
6.964600000000000364e+02
4.604599999999999795e+02
4.604599999999999795e+02
4.632799999999999727e+02
7.889200000000000728e+02
5.091200000000000045e+02
5.139200000000000728e+02
4.838899999999999864e+02
5.282200000000000273e+02
5.282200000000000273e+02
5.282200000000000273e+02
3.871600000000000250e+02
3.871600000000000250e+02
5.880799999999999272e+02
3.918500000000000227e+02
3.941999999999999886e+02
3.990000000000000000e+02
3.906800000000000068e+02
3.906800000000000068e+02
3.689700000000000273e+02
6.850399999999999636e+02
4.142900000000000205e+02
4.147300000000000182e+02
4.170799999999999841e+02
4.147300000000000182e+02
4.218799999999999955e+02
5.590399999999999636e+02
5.268600000000000136e+02
1.114799999999999955e+03
7.487200000000000273e+02
7.491199999999998909e+02
5.568199999999999363e+02
5.199200000000000728e+02
8.109400000000000546e+02
5.827799999999999727e+02
6.654300000000000637e+02
6.120999999999999091e+02
5.737899999999999636e+02
5.165999999999999091e+02
5.924500000000000455e+02
6.838799999999999955e+02
6.767500000000000000e+02
4.919700000000000273e+02
5.615399999999999636e+02
6.342599999999999909e+02
5.405000000000000000e+02
1.012139999999999986e+03
6.782100000000000364e+02
4.532799999999999727e+02
4.303999999999999773e+02
4.842699999999999818e+02
3.755799999999999841e+02
3.755799999999999841e+02
3.755799999999999841e+02
5.396599999999999682e+02
2.392100000000000080e+02
2.415600000000000023e+02
2.463600000000000136e+02
2.821700000000000159e+02
2.163300000000000125e+02
3.538299999999999841e+02
5.905799999999999272e+02
4.192799999999999727e+02
5.218099999999999454e+02
3.953199999999999932e+02
3.380199999999999818e+02
4.287599999999999909e+02
4.255299999999999727e+02
4.602099999999999795e+02
4.484100000000000250e+02
5.025299999999999727e+02
4.830899999999999750e+02
5.014100000000000250e+02
5.516899999999999409e+02
4.939499999999999318e+02
5.036000000000000227e+02
5.036000000000000227e+02
4.042599999999999909e+02
5.532500000000000000e+02
4.757400000000000091e+02
5.632500000000000000e+02
5.563599999999999000e+02
5.563599999999999000e+02
4.646999999999999886e+02
3.651700000000000159e+02
4.755600000000000023e+02
3.878999999999999773e+02
4.329900000000000091e+02
3.859300000000000068e+02
5.014100000000000250e+02
5.065600000000000023e+02
5.270799999999999272e+02
3.588999999999999773e+02
5.449300000000000637e+02
4.004499999999999886e+02
4.485600000000000023e+02
4.774800000000000182e+02
4.700199999999999818e+02
4.700199999999999818e+02
4.700199999999999818e+02
4.849399999999999977e+02
4.849399999999999977e+02
3.761800000000000068e+02
4.075199999999999818e+02
6.207599999999999909e+02
4.166100000000000136e+02
3.623100000000000023e+02
3.617599999999999909e+02
4.219399999999999977e+02
4.219399999999999977e+02
4.219399999999999977e+02
4.532799999999999727e+02
3.388799999999999955e+02
3.663799999999999955e+02
6.325599999999999454e+02
3.990600000000000023e+02
4.014100000000000250e+02
3.990600000000000023e+02
4.014100000000000250e+02
4.908000000000000114e+02
5.506399999999999864e+02
5.506399999999999864e+02
5.506399999999999864e+02
5.372899999999999636e+02
4.694300000000000068e+02
5.372500000000000000e+02
3.846399999999999864e+02
5.316599999999999682e+02
3.927500000000000000e+02
8.266099999999999000e+02
9.003199999999999363e+02
9.051200000000000045e+02
8.750899999999999181e+02
4.818600000000000136e+02
3.860500000000000114e+02
4.188600000000000136e+02
4.188600000000000136e+02
6.402799999999999727e+02
3.880400000000000205e+02
3.845699999999999932e+02
4.618299999999999841e+02
4.131999999999999318e+02
3.317500000000000000e+02
3.046000000000000227e+02
4.905799999999999841e+02
3.620899999999999750e+02
5.049599999999999795e+02
6.390899999999999181e+02
4.117200000000000273e+02
3.572200000000000273e+02
4.871600000000000250e+02
4.871600000000000250e+02
4.763799999999999955e+02
5.305899999999999181e+02
7.039600000000000364e+02
4.772599999999999909e+02
6.153299999999999272e+02
6.831499999999999773e+02
5.048299999999999841e+02
5.402400000000000091e+02
3.864399999999999977e+02
5.755000000000000000e+02
5.598099999999999454e+02
8.860000000000000000e+02
4.510400000000000205e+02
4.510400000000000205e+02
4.195799999999999841e+02
4.195799999999999841e+02
7.725599999999999454e+02
4.892699999999999818e+02
6.495099999999999909e+02
5.720000000000000000e+02
5.720000000000000000e+02
4.887200000000000273e+02
4.863700000000000045e+02
4.887200000000000273e+02
4.891600000000000250e+02
4.859300000000000068e+02
4.551600000000000250e+02
4.433999999999999773e+02
4.478799999999999955e+02
4.170000000000000000e+02
4.205199999999999818e+02
6.222799999999999727e+02
6.526200000000000045e+02
4.658399999999999750e+02
4.634900000000000091e+02
4.662799999999999727e+02
5.706399999999999864e+02
4.866000000000000227e+02
7.190099999999999909e+02
7.170199999999999818e+02
4.030799999999999841e+02
4.808199999999999932e+02
4.999300000000000068e+02
4.565000000000000000e+02
4.457200000000000273e+02
5.633199999999999363e+02
5.633199999999999363e+02
5.633199999999999363e+02
4.858100000000000023e+02
4.858100000000000023e+02
4.858100000000000023e+02
7.667200000000000273e+02
4.483999999999999773e+02
5.510999999999999091e+02
3.525199999999999818e+02
3.525199999999999818e+02
3.525199999999999818e+02
3.544200000000000159e+02
3.572100000000000364e+02
4.466000000000000227e+02
3.616899999999999977e+02
5.143399999999999181e+02
3.536899999999999977e+02
3.536899999999999977e+02
3.560400000000000205e+02
3.308100000000000023e+02
3.853799999999999955e+02
3.343300000000000409e+02
4.377500000000000000e+02
5.360899999999999181e+02
5.360899999999999181e+02
5.136700000000000728e+02
4.955000000000000000e+02
4.109900000000000091e+02
5.942899999999999636e+02
4.891299999999999955e+02
6.426300000000001091e+02
4.833799999999999955e+02
3.671899999999999977e+02
5.664300000000000637e+02
5.664300000000000637e+02
5.664300000000000637e+02
3.796499999999999773e+02
3.800899999999999750e+02
3.773000000000000114e+02
3.800899999999999750e+02
4.690400000000000205e+02
4.311700000000000159e+02
3.845699999999999932e+02
3.739800000000000182e+02
4.757500000000000000e+02
5.474500000000000455e+02
5.782699999999999818e+02
4.985600000000000023e+02
3.490000000000000000e+02
3.490000000000000000e+02
5.673500000000000227e+02
7.258399999999999181e+02
4.312200000000000273e+02
4.763999999999999773e+02
4.970400000000000205e+02
5.991199999999998909e+02
5.892200000000000273e+02
5.509099999999999682e+02
5.509099999999999682e+02
4.937200000000000273e+02
8.984400000000000546e+02
5.695699999999999363e+02
6.610000000000000000e+02
6.538700000000000045e+02
4.871600000000000250e+02
6.258599999999999000e+02
4.466700000000000159e+02
4.265799999999999841e+02
4.695500000000000114e+02
3.493199999999999932e+02
5.108000000000000114e+02
5.108000000000000114e+02
5.108000000000000114e+02
7.377699999999999818e+02
5.660799999999999272e+02
5.896800000000000637e+02
4.723199999999999932e+02
5.420799999999999272e+02
3.663399999999999750e+02
3.854499999999999886e+02
3.166899999999999977e+02
3.420199999999999818e+02
3.312400000000000091e+02
3.713299999999999841e+02
3.713299999999999841e+02
2.399399999999999977e+02
2.427299999999999898e+02
3.321200000000000045e+02
2.472100000000000080e+02
3.124700000000000273e+02
2.852400000000000091e+02
3.330799999999999841e+02
3.101999999999999886e+02
2.198499999999999943e+02
3.232699999999999818e+02
4.585299999999999727e+02
3.810199999999999818e+02
5.109599999999999795e+02
5.001800000000000637e+02
2.604599999999999795e+02
4.616399999999999864e+02
4.616399999999999864e+02
2.786499999999999773e+02
4.163199999999999932e+02
5.573999999999999773e+02
4.577699999999999818e+02
2.628199999999999932e+02
3.545599999999999454e+02
2.595000000000000000e+02
2.529399999999999977e+02
2.901299999999999955e+02
6.238799999999998818e+02
5.014599999999999795e+02
4.852799999999999727e+02
5.539200000000000728e+02
4.938999999999999773e+02
5.781199999999998909e+02
5.781199999999998909e+02
5.094200000000000159e+02
5.094200000000000159e+02
6.827899999999999636e+02
3.780299999999999727e+02
3.579399999999999977e+02
2.806799999999999500e+02
5.196700000000000728e+02
5.196700000000000728e+02
4.421600000000000250e+02
4.421600000000000250e+02
4.421600000000000250e+02
4.419599999999999795e+02
5.412699999999999818e+02
4.411200000000000045e+02
3.560899999999999750e+02
4.454800000000000182e+02
3.530899999999999750e+02
1.114559999999999945e+03
6.691299999999998818e+02
5.235799999999999272e+02
4.206399999999999864e+02
4.206399999999999864e+02
4.157300000000000182e+02
4.157300000000000182e+02
5.081499999999999773e+02
5.081499999999999773e+02
4.884599999999999795e+02
4.884599999999999795e+02
4.884599999999999795e+02
3.934900000000000091e+02
3.934900000000000091e+02
3.885799999999999841e+02
3.885799999999999841e+02
4.613100000000000023e+02
3.391899999999999977e+02
4.247300000000000182e+02
4.247300000000000182e+02
4.247300000000000182e+02
4.270799999999999841e+02
4.018500000000000227e+02
4.018500000000000227e+02
4.018500000000000227e+02
4.018500000000000227e+02
4.041999999999999886e+02
4.041999999999999886e+02
4.018500000000000227e+02
4.018500000000000227e+02
4.940299999999999727e+02
5.989800000000000182e+02
5.645799999999999272e+02
4.499599999999999795e+02
3.789700000000000273e+02
3.789700000000000273e+02
3.789700000000000273e+02
3.813199999999999932e+02
5.628899999999999864e+02
4.683600000000000136e+02
4.707099999999999795e+02
4.328399999999999750e+02
7.054800000000000182e+02
7.736599999999998545e+02
3.759700000000000273e+02
3.759700000000000273e+02
3.861200000000000045e+02
3.834499999999999886e+02
5.227799999999999727e+02
5.227799999999999727e+02
5.227799999999999727e+02
5.227799999999999727e+02
5.227799999999999727e+02
5.467699999999999818e+02
4.463100000000000023e+02
4.729800000000000182e+02
4.729800000000000182e+02
5.959200000000000728e+02
4.076000000000000227e+02
8.290399999999999636e+02
6.740399999999999636e+02
8.569000000000000909e+02
7.611599999999998545e+02
3.733100000000000023e+02
5.552400000000000091e+02
7.039200000000000728e+02
7.050199999999999818e+02
7.139200000000000728e+02
8.033099999999999454e+02
4.179599999999999795e+02
6.333999999999998636e+02
5.865199999999999818e+02
4.281299999999999955e+02
3.735600000000000023e+02
3.262500000000000000e+02
4.512799999999999727e+02
5.141399999999999864e+02
5.967899999999999636e+02
5.434600000000000364e+02
5.430199999999999818e+02
5.051499999999999773e+02
5.051499999999999773e+02
4.479599999999999795e+02
4.554399999999999977e+02
4.554399999999999977e+02
4.554399999999999977e+02
4.554399999999999977e+02
4.554399999999999977e+02
4.554399999999999977e+02
5.934700000000000273e+02
5.401399999999999864e+02
5.238099999999999454e+02
6.152400000000000091e+02
4.413999999999999773e+02
4.602799999999999727e+02
5.136800000000000637e+02
3.460199999999999818e+02
3.917799999999999727e+02
3.988700000000000045e+02
4.076800000000000068e+02
3.980299999999999727e+02
3.717200000000000273e+02
3.837599999999999909e+02
4.562799999999999727e+02
4.562799999999999727e+02
4.144399999999999977e+02
4.193500000000000227e+02
3.214900000000000091e+02
4.023999999999999773e+02
3.688999999999999773e+02
4.368199999999999932e+02
4.368199999999999932e+02
5.944500000000000455e+02
6.622699999999999818e+02
4.143000000000000114e+02
4.143000000000000114e+02
4.143000000000000114e+02
4.949200000000000159e+02
4.949200000000000159e+02
4.949200000000000159e+02
4.949200000000000159e+02
4.949200000000000159e+02
4.949200000000000159e+02
7.735799999999999272e+02
