7.138321643846194320e+02
5.180810187241885387e+02
4.252503457481498117e+02
5.023635496779844516e+02
5.485177087773266749e+02
3.220748261215835555e+02
4.834098825944620899e+02
4.572253718376522329e+02
5.018333788353598379e+02
3.404102176375864133e+02
3.983027022725402162e+02
5.476309008210998854e+02
4.268710185669720545e+02
3.116984591808334812e+02
4.217984792286867446e+02
5.682627487123021410e+02
3.764658606215930945e+02
3.970890396339068502e+02
3.388239936961486478e+02
4.290982047956460974e+02
4.204264743109636129e+02
5.024078067089961337e+02
4.018040036303029865e+02
5.125210235667263987e+02
3.380761715818414359e+02
3.985111846837861549e+02
3.585345401046780012e+02
5.501784543678162436e+02
4.282082412027195915e+02
4.992590599061879857e+02
4.002169787324671120e+02
3.344952277846027755e+02
5.260329121847013312e+02
4.956221898115545059e+02
5.485153731206853536e+02
5.647771458791976329e+02
4.575681228724165521e+02
5.007867309725161249e+02
5.647033690834873596e+02
5.116219751174922976e+02
5.200561180099546164e+02
5.236843207256766846e+02
4.423575074491328678e+02
4.423575074491328678e+02
5.369683790964920718e+02
4.133977614960413121e+02
6.162271288916500680e+02
3.333159856371164551e+02
4.792025802061679656e+02
4.676629646129401863e+02
5.051101911229350776e+02
3.624257854779372678e+02
5.329138586437123877e+02
5.607669781545188243e+02
5.085153814338372058e+02
5.085153814338372058e+02
5.567397098615679170e+02
5.357493591414065577e+02
4.866574220066228236e+02
4.937504012460262288e+02
5.768171714002189674e+02
5.203853700603187917e+02
5.110891257144107840e+02
5.610050560393061687e+02
5.908716944533733795e+02
4.971953667809010540e+02
6.568351644711046902e+02
6.125798210040784397e+02
5.705546424408601069e+02
5.222918953487098861e+02
4.829291601527508533e+02
6.230298722851539424e+02
4.927966250269208786e+02
5.756214211985394513e+02
5.187205884922532277e+02
5.385456695709675614e+02
4.753675487886749806e+02
6.190631736287903095e+02
4.944089818636076643e+02
4.380694703011723163e+02
5.001457238599431889e+02
4.549555691545353397e+02
5.800459218328780935e+02
5.752100652214743377e+02
6.751229038488226024e+02
5.610726625525101099e+02
5.534021777036371077e+02
5.480259290094054450e+02
5.309715806907985325e+02
5.170285039234074702e+02
5.816200168332824205e+02
5.435500170914034470e+02
5.025495191668524626e+02
5.501256463232518854e+02
5.462546054454392106e+02
3.839311716385554973e+02
3.827671089443331880e+02
4.573664206653129440e+02
5.115236069841412245e+02
6.515209485468651565e+02
5.121416326913463308e+02
5.924268802456969070e+02
5.523077034531303298e+02
5.523077034531303298e+02
5.523077034531474965e+02
4.807954350593445270e+02
5.321162450304602771e+02
6.813133421609187508e+02
4.377420355950883959e+02
4.416836361185531814e+02
4.839090534160264383e+02
3.529898111299255561e+02
2.543240294656922345e+02
6.321701878856438270e+02
5.531346735939944210e+02
6.729071157071624611e+02
5.476147752179323334e+02
5.035908469283743898e+02
4.919926286189332245e+02
5.904716718618676623e+02
6.028591677908149222e+02
3.954061873166626810e+02
5.106727160988635887e+02
5.174810522554150793e+02
5.599183808674772536e+02
4.012204219090560287e+02
3.046948910983941232e+02
4.977681758369893146e+02
4.734224320105681727e+02
4.734224320105681727e+02
5.444174358553443653e+02
5.615820399742628979e+02
5.338834279068792057e+02
5.338834279068792057e+02
5.280592785187274103e+02
5.550916614452276008e+02
3.728076256573570504e+02
3.631341510176404768e+02
3.728076256573570504e+02
3.726601766478339641e+02
5.456694464270542539e+02
4.656251559424092648e+02
4.002552339119446287e+02
3.521725322429613811e+02
3.153647413762007545e+02
4.827308762926978147e+02
3.785505966449953803e+02
3.742636585484292482e+02
3.295622302115959883e+02
4.076355151747546870e+02
5.047439420588964936e+02
3.525059428489660718e+02
4.425965043017256448e+02
5.136554073027926961e+02
4.086746633221076195e+02
4.783866438433519761e+02
4.783866438433345820e+02
4.783866438433519761e+02
5.296182985402717804e+02
4.116233811220770917e+02
4.888720987108980012e+02
3.899650626223372001e+02
4.699308939977785258e+02
4.743837275648310765e+02
4.743837275648310765e+02
4.373221999497234833e+02
4.373221999497234833e+02
2.855498009915131092e+02
4.185986969032289835e+02
4.284002621221371783e+02
5.961485408672280073e+02
4.110631985332218505e+02
5.193163804403267250e+02
5.193163804403267250e+02
4.889825731166249057e+02
2.894325105797017841e+02
3.403057681852731662e+02
5.147445328305425392e+02
3.905781072464861836e+02
3.961296445222739635e+02
4.743837275648310765e+02
4.743837275648310765e+02
4.110631985332218505e+02
4.082097470164648030e+02
3.663867892087538394e+02
4.703110327728302877e+02
3.631341510176404768e+02
5.211214992019118881e+02
5.674703875112627429e+02
5.499997766990821901e+02
4.433468148068611185e+02
6.210507220722545298e+02
4.443352761284771759e+02
4.512743828459484803e+02
3.910893938426291356e+02
3.905781072464861836e+02
5.937518226389845495e+02
4.998660932317973220e+02
5.123049088281256900e+02
5.274598531368948215e+02
3.410124160203683914e+02
4.320373294262288937e+02
4.306004303945863967e+02
3.474445867839813786e+02
3.379000635067753819e+02
3.300643217086105778e+02
4.628846035933028134e+02
5.422775215703992444e+02
4.616769215427946165e+02
4.356530584882387416e+02
4.592154285471655157e+02
3.930465790617107587e+02
2.855538420639149422e+02
2.665093082169319132e+02
4.480058203929925753e+02
4.968535254429233419e+02
4.722800306034447431e+02
2.833223621535843222e+02
2.548885071032494523e+02
4.610175890033457904e+02
2.854292824827084587e+02
4.718995786707683919e+02
4.722449224090040047e+02
4.915147680668015369e+02
5.484518932413651555e+02
5.088269304319405819e+02
4.206505777446259344e+02
5.714833502457677241e+02
4.428898798997404924e+02
3.899288055620341993e+02
5.187471555692405900e+02
3.906788459222917140e+02
3.470128359130921467e+02
2.896859354829389304e+02
4.885233718474979128e+02
4.757710743879755455e+02
4.077445338382348154e+02
4.469090000149059279e+02
4.407325695083464439e+02
3.956168095783325498e+02
3.862582347547491963e+02
3.939865782457290493e+02
4.558073660372692757e+02
2.649462702055160435e+02
4.471073921121362105e+02
5.219857417368621100e+02
4.968899927094972782e+02
4.385293245577843209e+02
4.029086776041457370e+02
4.721726969561587453e+02
4.180707230010380044e+02
3.674823896164525081e+02
4.721645536384644402e+02
5.155931320712509205e+02
5.132983479367401287e+02
4.933213801343178488e+02
4.526457633843083386e+02
5.677186371571722248e+02
5.173446767714087855e+02
5.709994321212316208e+02
4.396014596511463992e+02
4.188507635994260454e+02
5.068904984039332930e+02
4.467554438505652570e+02
4.653024197081164743e+02
4.984302792521044694e+02
5.556221042280201345e+02
3.939062913919800053e+02
3.678331021806012586e+02
3.646757728576378099e+02
5.517804493688992125e+02
4.092707913859931637e+02
4.824773326385104042e+02
5.731214891987908686e+02
4.135503407942858871e+02
3.875341875457112337e+02
4.416610696981161936e+02
4.945699204208284527e+02
4.763210177055195800e+02
4.763210177055195800e+02
3.416856122385748336e+02
5.354916678528360308e+02
3.904926793587661109e+02
5.417986118428030977e+02
3.848733668372848342e+02
3.818620167960161780e+02
5.109028795443770150e+02
4.654379684217332169e+02
5.174723046909463164e+02
5.177805774749224383e+02
5.177805774749224383e+02
5.155090471599386319e+02
5.324597526585444029e+02
4.233916891046253568e+02
3.927879021036379754e+02
6.411482751873529651e+02
4.538240154448916428e+02
3.951890637478545614e+02
3.607907117752695854e+02
2.947065552583777048e+02
4.791309677811696019e+02
4.015781678790656315e+02
3.787871783995483952e+02
4.439162990234784161e+02
4.992914080394493794e+02
5.547460885051742707e+02
4.082108955739513476e+02
3.173064526771527198e+02
2.676102801059773810e+02
4.463256001660629408e+02
5.040224046847783939e+02
5.360339642009371346e+02
4.157802095568222853e+02
3.652881241467441669e+02
4.928624689797210863e+02
2.626725277978527515e+02
4.715928986024022720e+02
4.526178906785341383e+02
4.526178906785341383e+02
5.301150335020463444e+02
5.301150335020463444e+02
5.356861140654805240e+02
5.074919357561693687e+02
4.670414522898009864e+02
5.436564322904355322e+02
5.157963761879626645e+02
5.103549841718225366e+02
5.065370428535910037e+02
5.541099209705636213e+02
5.404276532613409927e+02
5.404276532613409927e+02
3.339679257587303027e+02
3.271989405369674841e+02
4.323211888709759023e+02
3.902873541265464041e+02
3.308926013996443771e+02
3.310147468721200994e+02
3.385167173681078907e+02
3.383978496813717243e+02
3.235190878283353300e+02
4.675247051226187409e+02
4.675247051226187409e+02
5.198735688901014100e+02
4.091661406308019764e+02
4.647282993816207295e+02
4.282979841790083810e+02
2.751774022427732689e+02
2.849614250906405459e+02
3.860702379495844525e+02
4.655654127957274113e+02
4.563056980254306154e+02
4.849574912537722753e+02
3.579871754457481074e+02
6.103321385137608104e+02
2.775232266330871198e+02
2.723510642698487914e+02
4.695687851455802502e+02
4.409558150556238161e+02
4.830228667808515297e+02
4.523674170391752796e+02
4.523674170391752796e+02
3.613165916572664287e+02
3.574052440493943550e+02
4.140910900826375496e+02
4.140910900826375496e+02
2.807355382612071253e+02
4.389277954372788031e+02
3.090829162640964114e+02
4.082993691505361653e+02
3.868109873483780916e+02
3.864052376606538246e+02
4.953731741713788210e+02
4.152724020553057471e+02
3.924880524727745978e+02
4.731901139343459590e+02
2.395599267224138487e+02
3.346003804367363728e+02
3.613165916572664287e+02
4.743921831156074518e+02
4.961997471166278615e+02
4.961997471166278615e+02
4.961997471166278615e+02
3.608627265990750743e+02
3.604120079541143582e+02
3.467625541533330420e+02
4.773098699724539529e+02
4.350177101400005313e+02
5.510237654817485691e+02
4.523674170391752796e+02
4.523674170391752796e+02
3.722628577206971840e+02
5.534128874691321016e+02
5.534128874691321016e+02
5.534128874691321016e+02
3.864052376606538246e+02
4.986281044426281142e+02
4.986281044426281142e+02
4.986281044426281142e+02
3.342798937474177592e+02
3.383978496813717243e+02
3.846219706203544320e+02
5.047683462777806653e+02
5.202291687651828624e+02
5.331775333906061860e+02
4.338032063477382962e+02
4.498389540918304306e+02
5.470777215196884526e+02
6.059208236401790373e+02
4.288770484160446586e+02
4.175992489554617464e+02
3.613124108168361772e+02
4.884647614677581942e+02
4.745065065964514588e+02
4.745065065964514588e+02
5.324779293326259904e+02
4.964735739287493175e+02
5.852168872602743477e+02
3.087646337412629123e+02
4.831903444974950617e+02
4.476273379234151548e+02
4.042682489964092838e+02
4.070065769378428513e+02
3.129858051832269439e+02
3.047050494300553964e+02
4.696984381957294659e+02
2.966845432056181266e+02
4.313834357439188238e+02
5.264653962384471697e+02
5.264653962383993075e+02
4.491028128696049748e+02
5.384769614310100678e+02
2.637857219873117174e+02
4.072189949479077313e+02
4.304342427404172895e+02
5.249235577647102673e+02
2.707604192198796795e+02
2.707604192198796795e+02
2.425522095523876089e+02
4.254964156636713142e+02
2.920450490620508504e+02
5.864867640404836493e+02
5.390073445022213718e+02
6.314530413780832987e+02
5.471568150051344901e+02
5.325519405636985084e+02
4.618687329303339766e+02
4.618687329303339766e+02
3.640399532101125715e+02
3.978789629877389302e+02
3.192297070438726792e+02
3.806451624116564290e+02
4.666850969150341371e+02
3.806981761758781317e+02
4.665851859603300795e+02
5.713027050352729930e+02
6.336742988175676601e+02
3.947346302971092769e+02
4.514565907453095974e+02
3.937705804396488247e+02
3.633783040785859839e+02
5.266657158723375005e+02
4.689259575828376114e+02
5.138470429969553379e+02
5.472001221129694386e+02
4.862650287292270832e+02
5.412607900149163243e+02
4.483682293326436366e+02
5.260954324652054765e+02
4.280149056406845034e+02
5.138392498547572131e+02
4.326088419101126874e+02
4.590035532621762400e+02
4.597191536832775114e+02
4.323020536229805657e+02
5.074490246132058928e+02
4.972053519326269111e+02
4.625506146354290991e+02
4.517590499762093827e+02
4.433210328058872278e+02
4.295708935558844814e+02
5.641102085116980334e+02
4.408248707325687406e+02
4.173879744996734189e+02
4.185810791062272074e+02
4.163879140457701737e+02
4.179568598656577478e+02
4.191393975830937961e+02
3.368353594202002341e+02
4.068639583676500706e+02
5.039004826821683309e+02
3.987269867420258720e+02
4.101015510871029051e+02
3.357548697313850425e+02
4.095789101047508325e+02
4.863463955178308993e+02
2.606971471676934016e+02
3.962982631595527323e+02
4.489406669935626724e+02
2.581238828303894479e+02
4.369147545690231595e+02
3.797940082539359423e+02
4.284972401201509911e+02
4.573664206653129440e+02
4.755934413586235792e+02
5.450262948488162920e+02
5.141882437990865355e+02
5.453431323323883362e+02
5.071597136505229173e+02
5.071597136505229173e+02
4.795274028697286326e+02
5.026286476540602735e+02
4.315832420283097122e+02
4.373298767847600743e+02
4.373298767847600743e+02
5.109028795443770150e+02
5.513208018006346265e+02
5.308839234756370615e+02
4.260338047104826273e+02
4.726978648365941922e+02
3.600958062105813156e+02
4.177156083977487810e+02
6.084577175211360327e+02
5.405423872764268935e+02
5.574688655475260930e+02
4.701459649633591766e+02
4.962577168447248823e+02
6.208171745875392844e+02
4.168380657568876018e+02
4.168380657568876018e+02
4.163622768525815445e+02
3.749643631192652720e+02
3.951770176549606504e+02
4.537323268604368423e+02
3.580726116707645019e+02
4.394850473884374651e+02
3.736894105369114527e+02
3.794213144784067708e+02
4.916267584610195627e+02
3.664258246937973809e+02
3.483455348631967468e+02
4.138077233395757730e+02
5.267442852436615794e+02
5.096914787316430306e+02
4.429463056888660049e+02
5.519632465723074120e+02
3.950980295076955144e+02
4.828659482550561961e+02
4.000095518548507698e+02
5.223500581980540574e+02
4.964713860306983975e+02
4.964713860306983975e+02
4.715025325638397931e+02
4.341038370752743276e+02
5.306295251265379420e+02
5.059186074386906853e+02
4.138803503189247976e+02
4.089590779048397735e+02
6.079374850617655284e+02
4.538209356706323092e+02
5.384789336569565421e+02
5.901699917456935509e+02
5.201117307588007179e+02
5.777652149901913390e+02
6.120117014767924957e+02
5.519060025942700349e+02
4.530932138084360759e+02
6.601858673390566992e+02
4.440968647694421065e+02
4.066670880743035923e+02
4.238185090254329452e+02
3.358303550304057126e+02
5.078917357098791854e+02
5.078917357098791854e+02
4.476310485416112783e+02
4.476310485416112783e+02
5.738854562615522354e+02
6.101502096554993386e+02
5.336577886273244076e+02
5.600553087478606358e+02
3.786211368821224710e+02
3.786211368821224710e+02
3.755729651384606314e+02
3.750715647912117561e+02
3.832299627710385721e+02
3.833498914255512773e+02
4.937486779364107292e+02
4.349486095994257084e+02
3.100084923638800092e+02
3.209703178121362726e+02
3.209703178121362726e+02
3.596070922713540767e+02
4.913885140948028720e+02
3.262861829258756643e+02
4.160311941166491465e+02
3.310781389745069418e+02
4.008654854210279836e+02
3.236884574294571166e+02
2.981878831299104604e+02
3.552277135334898048e+02
3.867488287927669717e+02
3.157400949812109161e+02
4.221020825601580100e+02
4.869226745328354014e+02
3.982569752033038526e+02
3.755729651384606314e+02
5.163746230954494649e+02
5.304892145267555179e+02
5.304892145267555179e+02
5.807649500677910055e+02
5.625848140795238805e+02
5.625848140796737198e+02
4.867018411594298186e+02
4.555519481243636619e+02
3.181894328746024030e+02
4.018190369870017093e+02
5.101167820411980074e+02
5.101167820412068181e+02
5.101167820411980074e+02
3.529538580305905953e+02
3.534524979344839153e+02
4.797222503181369575e+02
4.355665657399605948e+02
3.577132249215784441e+02
3.578431387743817709e+02
3.494301466808494183e+02
4.955420349941371683e+02
2.902485807632866681e+02
4.475903248090323814e+02
4.714417652805824446e+02
4.714417652805824446e+02
5.519818983264970029e+02
2.982902519052917114e+02
5.368740150834347560e+02
4.279988789309070398e+02
6.758346201974277392e+02
4.965402281412991670e+02
4.262424438780395803e+02
3.924771738416951621e+02
3.679969459836846113e+02
4.115185513403464483e+02
4.051566067341444750e+02
5.542851399228999298e+02
3.444929477321110198e+02
4.998939049845448039e+02
4.598406194802791447e+02
5.190911219015969209e+02
4.570450007996525983e+02
4.570450007996525983e+02
5.935947464935472908e+02
4.509868262838440387e+02
4.247304149960652921e+02
4.322767304165163864e+02
4.494728171717229657e+02
6.219047968669910915e+02
4.922168551431635706e+02
5.224277551485838558e+02
5.596412732417429652e+02
5.070147440341160632e+02
6.194218942595871340e+02
4.809885353097477036e+02
4.467878298805369468e+02
4.236335829185672992e+02
3.165291805201514990e+02
4.948661109914841632e+02
4.339983445255712127e+02
3.981483295817556041e+02
5.228675011748823636e+02
5.137179600784693321e+02
4.752383218550575066e+02
4.896671411117209800e+02
4.825907178400424300e+02
5.028173126211252111e+02
5.480911201700450874e+02
4.552429188055629652e+02
4.113392440407641288e+02
5.082568570937109484e+02
5.758028862774106074e+02
4.290612352439433721e+02
5.249245386532561497e+02
5.811165614165840907e+02
3.651240002127147477e+02
5.654997788325596275e+02
3.953174381117541998e+02
3.787163642525388241e+02
3.787163642525388241e+02
3.673555717648746963e+02
2.232441326318736969e+02
2.183518608592909800e+02
2.292783279705493555e+02
2.663062587456616939e+02
2.550886807648409729e+02
5.599367825975687083e+02
5.214118331660805552e+02
5.512876309757107265e+02
4.866834872564892294e+02
6.645231061122146912e+02
5.571676460129348243e+02
4.481564095374704380e+02
4.936063989653347903e+02
3.732204374776286500e+02
5.132536801597112799e+02
5.055148349405988597e+02
5.254071886391903945e+02
3.860856386458403904e+02
4.266442413526752944e+02
3.985513156684282308e+02
4.686990962628839839e+02
5.233608744646128343e+02
3.687750913669604529e+02
3.627711137013575922e+02
3.625612923495428959e+02
5.423924330254434381e+02
4.419057174574203941e+02
5.378288941609604308e+02
4.298565310250703533e+02
4.535183336952761692e+02
4.132196928223546593e+02
6.118626163319778470e+02
6.729071157071624611e+02
4.543332431239006723e+02
4.894293820105639270e+02
3.930833624967706328e+02
4.965493437630394169e+02
4.965493437630394169e+02
4.720060519679171307e+02
3.669758815281534226e+02
4.110367177014301205e+02
3.598327940428370084e+02
4.574836215763779705e+02
4.574836215763779705e+02
3.416326893876865824e+02
3.163852707615812960e+02
4.825211714981622322e+02
3.833217040310383368e+02
5.207154893514733658e+02
3.648225109380016988e+02
5.178768840492157324e+02
3.412008036858494506e+02
2.837733160656475775e+02
4.930262493129328618e+02
4.218532733727480490e+02
4.218532733727480490e+02
4.842636365797604299e+02
4.842636365797604299e+02
4.842636365797604299e+02
4.584029719534716492e+02
4.584029719534716492e+02
4.613065341804202149e+02
5.874997138130780741e+02
4.904282583358945544e+02
4.953933495266617228e+02
4.923433202474079735e+02
5.085284333876013534e+02
5.505062581707516074e+02
5.977243412791281116e+02
4.450335984383364121e+02
5.360273437529639295e+02
5.517864489168445061e+02
3.344072744739600012e+02
4.111622059114024523e+02
3.409073981965401572e+02
4.044274453666668592e+02
4.286656202885646962e+02
4.282897908495577894e+02
4.298318041507959606e+02
3.350409493798033509e+02
3.282558926869398306e+02
3.815109424628722650e+02
4.083864555619128964e+02
4.044769032231262145e+02
4.907954960547548922e+02
4.640097125932271069e+02
4.640097125932271069e+02
4.113525902794652893e+02
3.821357858888295027e+02
3.773670386403684915e+02
3.773670386403684915e+02
3.951837145864384979e+02
3.235924146331584552e+02
4.792222290865146306e+02
6.044274955772335716e+02
4.103591120560785726e+02
3.981483295817556041e+02
2.474522826972421399e+02
4.194800643924003225e+02
3.983956936248017655e+02
4.132375590701521446e+02
4.130955487495073157e+02
4.130955487495073157e+02
4.113392440407641288e+02
4.130955487495073157e+02
5.047985470360650311e+02
4.885319827296686412e+02
4.582278579263539768e+02
3.856867717741212118e+02
3.899433197592665010e+02
3.919600018719932564e+02
3.899433197592665010e+02
5.075306153922064141e+02
5.344962502081275488e+02
3.865187533284339452e+02
3.952598149576750757e+02
3.930098475028771077e+02
5.403966095997384400e+02
3.483047140462127800e+02
4.837980624686244937e+02
5.443360273943683296e+02
4.333153462653204997e+02
4.579650300636133124e+02
4.781840120629723287e+02
4.548963197973080810e+02
4.749007543748972466e+02
5.138505410130316022e+02
5.138505410130316022e+02
5.138505410130316022e+02
5.138505410130316022e+02
5.138505410130316022e+02
5.191834150329511886e+02
5.479388074315945687e+02
5.410508659050233291e+02
5.410508659050233291e+02
5.410508659050233291e+02
4.811349775798899486e+02
4.339983445255712127e+02
4.339983445255712127e+02
4.339983445255712127e+02
4.339983445255712127e+02
5.684864689061400895e+02
5.068476820521545960e+02
5.048669807144120796e+02
4.780644278344764757e+02
5.098962203647215574e+02
4.130905576255553910e+02
3.280871094305491056e+02
3.230661709781230115e+02
3.670518998327667077e+02
3.668104702966274999e+02
3.645171197783639627e+02
4.444723875749850777e+02
4.464270623779194693e+02
4.147763714314067443e+02
3.632649842198723036e+02
3.606490201288428352e+02
3.606490201288428352e+02
3.705565352196595086e+02
3.705565352196595086e+02
3.679584145942192777e+02
3.721174569033627222e+02
5.057376426418877600e+02
5.133257852955657654e+02
4.451022857154637791e+02
4.246446554737468091e+02
3.875752407813777154e+02
4.049574377320379313e+02
4.222173977194367467e+02
4.540561744746899535e+02
4.094546417541167216e+02
4.724881107520081969e+02
4.796419288127595451e+02
4.399230337493914931e+02
4.700700250688216215e+02
4.700700250688216215e+02
5.140471797670732030e+02
4.432856842844986431e+02
4.432856842844986431e+02
4.432856842845064875e+02
4.432856842844986431e+02
4.432856842844986431e+02
4.700700250688216215e+02
4.197101391888204489e+02
4.197101391888204489e+02
5.349821000418099857e+02
5.349821000418099857e+02
5.349821000418099857e+02
5.519060025942700349e+02
4.552429188055629652e+02
3.143861995146600066e+02
5.817872463871418631e+02
5.443360273943683296e+02
4.679477583311211788e+02
4.410053477936279478e+02
4.410053477936279478e+02
4.166538369025293491e+02
4.166538369025293491e+02
4.166538369025293491e+02
4.166538369025293491e+02
4.302802948026007925e+02
5.774315213977102985e+02
5.774315213977102985e+02
5.774315213977102985e+02
6.430782236688785360e+02
5.363219809728566361e+02
5.215255581205194630e+02
5.969207478144631978e+02
5.436482567431307871e+02
5.420655886244542216e+02
5.870401052336661678e+02
6.759304097734245715e+02
5.632991302032427257e+02
5.534381506959975923e+02
6.723493583492000880e+02
6.723493583492000880e+02
3.743052821140769879e+02
3.743052821140769879e+02
3.453616678399387752e+02
4.485174389624777405e+02
4.768453253509180172e+02
4.550521408302535065e+02
6.317256635599887886e+02
5.513606325212498405e+02
5.477493945532867201e+02
5.751157996651040776e+02
5.675146358523039680e+02
5.675146358523039680e+02
5.677918595674857443e+02
5.711203958851374409e+02
6.113192424876251607e+02
6.005146353028864041e+02
6.011292436550725142e+02
5.438943080116422379e+02
5.442305736477376286e+02
6.502603770247817465e+02
6.119051433158896316e+02
5.419059390808773742e+02
5.283109362817212968e+02
6.090799055613184692e+02
5.372790907736124382e+02
5.287046083005041055e+02
6.018071574103204284e+02
5.858715965020552403e+02
6.298055469287403412e+02
5.584217748155559775e+02
5.560960117010481554e+02
5.899545411666572363e+02
5.896112791986845423e+02
5.899545411666572363e+02
5.619254811282678475e+02
6.232268071957601023e+02
5.609352706901229340e+02
4.448415279294188167e+02
5.772898574651811714e+02
5.335982193749781572e+02
4.348551729527233078e+02
4.139948362526380379e+02
4.509868262838440387e+02
3.939062913919800053e+02
4.726821221514618401e+02
3.678331021806345689e+02
4.915147680668015369e+02
5.971211640881233507e+02
5.201117307588007179e+02
4.116957667831352410e+02
4.159989036040533961e+02
6.857504058267331857e+02
3.909874005630630336e+02
3.084759173289614296e+02
3.577543527541968160e+02
6.289099916110839104e+02
6.853287398342266670e+02
6.571690747677869240e+02
6.279065358418961296e+02
4.730271117181970340e+02
5.724568111968698076e+02
6.382604848743470711e+02
5.466142703700123775e+02
5.144303543171303090e+02
5.727674969431634509e+02
5.381273137588186728e+02
5.377868259342791362e+02
5.100849947921922762e+02
4.706657310031823727e+02
5.469329948271779358e+02
5.234068836472295061e+02
5.767372957670917231e+02
5.750915077635849002e+02
4.656113495278276559e+02
4.805029867324183783e+02
7.319980952708231143e+02
6.062699670376779295e+02
6.681922916610149059e+02
6.253742447621752945e+02
3.022599208914480187e+02
5.588331594181588571e+02
5.588331594181588571e+02
3.455002025107492045e+02
3.278435414970126089e+02
4.558938049190918491e+02
4.500963639395060341e+02
2.064800546150166269e+02
3.998712863754714704e+02
4.393229161328152941e+02
4.548963197973080810e+02
4.552429188055629652e+02
5.149635345510284878e+02
4.411921123447082778e+02
3.771550958823064548e+02
3.076958696229830821e+02
3.360332378668320530e+02
4.214695839295548581e+02
4.761318462035128505e+02
4.558162792479013774e+02
5.188241569018382506e+02
3.048244618383909028e+02
4.987150276430107283e+02
4.987150276430107283e+02
4.987150276430107283e+02
4.317130573571549235e+02
5.502567106980718563e+02
5.173797880961470810e+02
4.300900991416000352e+02
3.922547576627295030e+02
4.130405287313625990e+02
4.236052740141317372e+02
4.419442058772732480e+02
3.679969459836846113e+02
4.572522841518135692e+02
4.572522841518135692e+02
3.900219414081909122e+02
5.262177839923135707e+02
5.545232967218269096e+02
5.545232967218269096e+02
5.011553809755702673e+02
5.011553809755702673e+02
5.011553809755702673e+02
5.544141356115219423e+02
3.922123650301269322e+02
4.403999521418182326e+02
4.023074114312681218e+02
3.542527022784624933e+02
4.468949742714851254e+02
5.183056348856841851e+02
5.045252856408052935e+02
5.048376953955893214e+02
5.026985916928703091e+02
3.764658606215930945e+02
3.120206397990036180e+02
4.250310139131804021e+02
5.407294076591956582e+02
5.407294076591956582e+02
5.407294076591956582e+02
4.398630014300107405e+02
4.793579195214884408e+02
4.793579195214884408e+02
4.793579195214884408e+02
4.540356166185108009e+02
4.138688046164641605e+02
5.605290365172974134e+02
5.321560016808974751e+02
5.107425994241530134e+02
4.847788437476214085e+02
5.790337787377737868e+02
4.229800382933974561e+02
5.395426305786328385e+02
4.549872129020379816e+02
4.553734680128746959e+02
4.733226499516203489e+02
4.525273020102160331e+02
4.736944214317614978e+02
4.387763867627995751e+02
4.391772428550138443e+02
4.032533211351009186e+02
4.749000903395794353e+02
4.310388022298106989e+02
4.319201519843095980e+02
3.380751884390166992e+02
4.061464532614045311e+02
4.061464532614045311e+02
4.002169787324912704e+02
4.445738730558771863e+02
4.666543052414430690e+02
4.096991322965031372e+02
4.061555885111657176e+02
3.979950148783651684e+02
5.134567095588038228e+02
4.396014596511463992e+02
3.986882900716645395e+02
3.742008908209814990e+02
4.423623135992572202e+02
4.185122555717805994e+02
4.188507635994260454e+02
4.295835087622549509e+02
5.207229229646013664e+02
4.677977383812902303e+02
5.420530270881282604e+02
4.510392329672868073e+02
3.521329132923638667e+02
4.081963253245837677e+02
4.802867561109631538e+02
4.151055600507701797e+02
4.794049843424269284e+02
4.972053519326269111e+02
3.819026511737413898e+02
5.097348022813168882e+02
3.902279729949914895e+02
3.233432906202070853e+02
5.109028795443770150e+02
4.810467295837275401e+02
5.017286558251936412e+02
4.324532755847688463e+02
4.498134321963307229e+02
4.806456024456190903e+02
5.365962769799971284e+02
3.579132499614196377e+02
4.081594935279104561e+02
3.054164666417610761e+02
4.611472524973847840e+02
4.611472524973847840e+02
4.611472524973847840e+02
4.611472524973847840e+02
4.611472524973847840e+02
4.066678743935287343e+02
4.110082749079497830e+02
4.110082749079497830e+02
4.127680604590690336e+02
4.210268707799723416e+02
5.128870906639076566e+02
4.584875887204561309e+02
5.252631470552847759e+02
5.252631470552847759e+02
5.111008185342435013e+02
5.469329948271779358e+02
1.916618505821297731e+02
2.951543460542670232e+02
4.218343128011129579e+02
4.236052740141317372e+02
4.450656936994558919e+02
4.886086358663488909e+02
4.240969828935108126e+02
3.582921087391480910e+02
4.890108774518207611e+02
3.934393485187201236e+02
4.653268510980001906e+02
3.621212407685289918e+02
4.134224712318972479e+02
4.134224712318972479e+02
4.654379684217332169e+02
4.870466239362160081e+02
6.111617895994678520e+02
4.502222577297748671e+02
4.323546546962302273e+02
3.923339832082314160e+02
5.379481773729747829e+02
4.449189588814594458e+02
5.123157149057800552e+02
4.682486907410214485e+02
4.352341943537952034e+02
4.475928677949419807e+02
4.821395579348762794e+02
4.513246224623501917e+02
4.138803503189247976e+02
5.226256847516227708e+02
6.679479492310997557e+02
3.736157031509974331e+02
5.541634639149820032e+02
3.642726865279543631e+02
4.411921123447082778e+02
5.429272900571609171e+02
4.794927954364519564e+02
4.026690517408603682e+02
5.753627917510360703e+02
4.171085020253449898e+02
4.294234164796606024e+02
4.369110682068934466e+02
3.379028316988452048e+02
3.924152077742999722e+02
3.684823697730020058e+02
4.784584070888845417e+02
3.412565944016473622e+02
4.053019841549375428e+02
3.900926870480310527e+02
4.693028559546100382e+02
4.168706304772433668e+02
4.001204201118287074e+02
4.572522841518135692e+02
5.201899185618744923e+02
5.201899185618744923e+02
5.209560600696440815e+02
4.689563612287232104e+02
3.903668993792056199e+02
3.182465522888024907e+02
5.034601650696503157e+02
4.802163248176302659e+02
4.802163248176302659e+02
4.802163248176302659e+02
4.450335984383364121e+02
5.060787190320712057e+02
5.060787190320712057e+02
4.230695363237473430e+02
4.931775366578102080e+02
3.632649842198723036e+02
4.257984670889924814e+02
4.257984670889924814e+02
4.054434162034513065e+02
4.241202628648769064e+02
4.049891340125030297e+02
4.010340709369426691e+02
4.010340709369426691e+02
4.010340709369426691e+02
3.481913644040541271e+02
4.118585212247784852e+02
2.857562491362855894e+02
4.130955487495073157e+02
4.113392440407641288e+02
4.130955487495073157e+02
4.130955487495073157e+02
4.650897488755370546e+02
4.886086358663488909e+02
3.919600018719932564e+02
3.899433197592665010e+02
4.445738730558771863e+02
3.888703353685574484e+02
5.503063283754160011e+02
4.029086776041457370e+02
4.615680501279354075e+02
4.615680501279354075e+02
3.405063144989174475e+02
5.460435598045132792e+02
5.103328894217989387e+02
5.103328894217989387e+02
3.346196658302606011e+02
5.379919297752701368e+02
5.379919297752701368e+02
5.901170486518169582e+02
5.901170486518169582e+02
5.091801414149933862e+02
4.962883054317868528e+02
4.213156686638415636e+02
6.267612049969136478e+02
6.295296611828762252e+02
6.253785640845587750e+02
6.281962251923559961e+02
4.343397807716251009e+02
4.343397807716251009e+02
4.824773326385104042e+02
4.889296974256477029e+02
4.693028559546100382e+02
5.401609956909201173e+02
4.268710185669720545e+02
3.672387133687028609e+02
4.615020605830433738e+02
4.233916891046253568e+02
4.448367597633584296e+02
3.636952379393361525e+02
3.709843641667425231e+02
3.927879021036379754e+02
4.823469143731305167e+02
4.823469143731305167e+02
4.823469143731305167e+02
5.165879142744560113e+02
5.082639119298049764e+02
5.025495191668524626e+02
5.146791485735070637e+02
5.372494291889232727e+02
5.709994321212316208e+02
5.173446767714087855e+02
5.245244120183808718e+02
4.615680501279354075e+02
3.689348449927985598e+02
3.801907164484008490e+02
3.416856122385748336e+02
4.980057550518857283e+02
4.980057550518879452e+02
3.904926793587661109e+02
3.695386431285148774e+02
4.391810880029227064e+02
4.391810880029227064e+02
4.391810880029227064e+02
5.075156845554343477e+02
5.075156845554343477e+02
5.075156845554343477e+02
4.537560193464792633e+02
4.537560193464792633e+02
5.731945142910626600e+02
3.862375229245205333e+02
4.178748505767458710e+02
4.729327148608620064e+02
4.452327654089075395e+02
4.493443860857362893e+02
4.965138132343392385e+02
4.127464616333891172e+02
4.845745115817619535e+02
4.356576848453513549e+02
4.356576848453513549e+02
4.356576848453513549e+02
4.537553347146524061e+02
3.461731073469547937e+02
4.427785156737887746e+02
4.863653163203342160e+02
4.863653163203342160e+02
4.845628403544163234e+02
5.273122675778170105e+02
3.125792055783640535e+02
4.772429778224883421e+02
4.531038345233747009e+02
5.168039409357240856e+02
4.723786687420061412e+02
5.924425934460282406e+02
5.376158842711440684e+02
5.805982825952020221e+02
3.979361421881616252e+02
3.429883653166230602e+02
4.385077578024211107e+02
4.385077578024211107e+02
4.385077578024211107e+02
3.694514928219468288e+02
5.042659040054717252e+02
5.042659040054717252e+02
4.576838127494254991e+02
4.755233075650572232e+02
4.852216293382132903e+02
4.795348218584138635e+02
5.151913710275101721e+02
5.151913710275101721e+02
2.904460506889255385e+02
2.899012974095145410e+02
3.643044437377639042e+02
3.722455969796417321e+02
4.354930839989681317e+02
5.928663594745532919e+02
2.173026842492800768e+02
3.391362151461150916e+02
2.116859704875886052e+02
3.713753673580316672e+02
3.447438065967518241e+02
4.558871585723659905e+02
4.558871585723659905e+02
1.797894344632487673e+02
4.187849613739062988e+02
4.187849613739062988e+02
4.187849613739062988e+02
3.943461673882204650e+02
2.864096058021754061e+02
4.748146090365581244e+02
4.748146090365581244e+02
5.065833690953347741e+02
5.065833690953347741e+02
3.951207490754420633e+02
3.184290625052861401e+02
4.408929727547078983e+02
4.408929727547078983e+02
4.408929727547078983e+02
4.641811604145433421e+02
2.559971386385284973e+02
2.553898162693046459e+02
3.249655223115852323e+02
2.607990238558301144e+02
2.503556191457971067e+02
2.505220448296104792e+02
3.999630306963312023e+02
3.999630306963312023e+02
3.985465318894057987e+02
3.985465318894057987e+02
3.985465318894057987e+02
3.925697779614710612e+02
3.925697779614710612e+02
3.925697779614710612e+02
5.332274998742260550e+02
6.900001260148312667e+02
3.390643038061236894e+02
4.646541446567705975e+02
4.522843824700777873e+02
5.039214148566575204e+02
4.396710389450041703e+02
5.399836414806608218e+02
4.276279853361323831e+02
4.653268510980001906e+02
4.800378613903097289e+02
4.391830594458750170e+02
5.169148870010445762e+02
5.812616020069490332e+02
4.580863859603024935e+02
5.353177295127528623e+02
4.554050756412965484e+02
4.858089800607842790e+02
5.129502187795751524e+02
5.367549003368997091e+02
5.608111448340422385e+02
5.409310930927255185e+02
5.453219548173442490e+02
6.882570855521258864e+02
6.521353636992058682e+02
7.240317402662379891e+02
8.965650601325239677e+02
8.629377005982241826e+02
4.757846067377587929e+02
3.447519944866843389e+02
6.201926921749141002e+02
7.190775599308017263e+02
5.162093270169992820e+02
9.219135690949622131e+02
6.860124608767742984e+02
5.935261497241632469e+02
5.532423018375986885e+02
6.109119492975636376e+02
6.222282539747584451e+02
6.038285538521834042e+02
5.825241976674998341e+02
5.825241976674998341e+02
5.517535936766353188e+02
6.321532405921868758e+02
4.881005379328908589e+02
3.599669725585883384e+02
3.460399166156250885e+02
4.157036534446959308e+02
3.590690527634108093e+02
3.500733449674394251e+02
3.318337699179812716e+02
2.860526816672118571e+02
2.460941266697039111e+02
4.132529864766819969e+02
5.166409417986036487e+02
4.313352023472418182e+02
4.313352023472418182e+02
3.676666137200288063e+02
4.956870756549415091e+02
5.736382751646409588e+02
5.272358671973777291e+02
4.618844135483590208e+02
4.618844135483590208e+02
4.566451750075875111e+02
4.274006576228494509e+02
4.960995887989048470e+02
4.475345251065991192e+02
4.471645911203168566e+02
4.471645911203168566e+02
4.471645911203168566e+02
4.172588235865358683e+02
4.172588235865358683e+02
4.172588235865358683e+02
4.540646627328330851e+02
4.163712172516688952e+02
3.638125426846726214e+02
3.711010317421578293e+02
3.711010317421578293e+02
3.711010317421578293e+02
4.933231324966382658e+02
4.445375601923414592e+02
4.512280758328793695e+02
4.654379684217332169e+02
4.316796315745168613e+02
5.088388696837190537e+02
4.962883054317868528e+02
5.024064507264806707e+02
4.851078994878203048e+02
5.016688164045767735e+02
5.109028795443770150e+02
3.567896035035738578e+02
3.752907705233715774e+02
3.752907705233715774e+02
5.278541337463342416e+02
5.797144990619864302e+02
5.165296170875187727e+02
5.410546962687456016e+02
5.478764635972170254e+02
4.620779220242986298e+02
4.923595487330297829e+02
6.688304878231488146e+02
5.407495221380088424e+02
5.990876684092426103e+02
6.192867186341622983e+02
5.899697812700903796e+02
5.382847431456277718e+02
5.754518828792237173e+02
6.230731912048138383e+02
5.803288421545199753e+02
5.337209525394705452e+02
4.001839605200013921e+02
3.410554074329463106e+02
3.419193627530505637e+02
3.419193627530505637e+02
3.419193627530505637e+02
3.419193627530505637e+02
3.346420471484429982e+02
3.492079593737783512e+02
3.492079593737783512e+02
3.492079593737783512e+02
3.428927250102844937e+02
3.209251929332916120e+02
3.585676550979150647e+02
5.937942524314369166e+02
4.047929331048723611e+02
3.819933591308106884e+02
2.740722571413543847e+02
2.693556755759448720e+02
2.820362470187111512e+02
2.220331173056850957e+02
2.468249505064764264e+02
2.449758864942996013e+02
3.420897825301086641e+02
2.506896146335478193e+02
4.189551324084897033e+02
4.409308262739703537e+02
5.608267988661887102e+02
5.427452806345893350e+02
5.113109249721042033e+02
7.073013559473874921e+02
6.072431879743361378e+02
3.923470677235339963e+02
4.574334279851429983e+02
3.417621319771951676e+02
4.748861241862317115e+02
5.349757276266191184e+02
5.666150916986899801e+02
5.136485184867632370e+02
5.140693574350103745e+02
5.132265315229169573e+02
4.416085949258075516e+02
4.416085949258788901e+02
4.416085949258075516e+02
4.416085949258788901e+02
4.635060645524259826e+02
4.415200200804893598e+02
4.072356721824021406e+02
4.069011025360711642e+02
4.753333196044956708e+02
4.314115380839853628e+02
3.972755610500126409e+02
3.972755610500126409e+02
4.322502801750840149e+02
7.575653907457996183e+02
3.384116852326317257e+02
3.384116852326317257e+02
3.961382238922961960e+02
3.961382238922961960e+02
3.381919266690206314e+02
3.454497675333188340e+02
3.454497675333188340e+02
3.454497675333188340e+02
4.796804411731657183e+02
4.796804411731657183e+02
4.722717852231920688e+02
4.288129281514845843e+02
4.355964975457975470e+02
4.355964975457975470e+02
4.355964975457975470e+02
4.355964975457975470e+02
4.355964975457975470e+02
4.288129281514845843e+02
4.475928677949419807e+02
3.939351172065501032e+02
4.011813484519101962e+02
4.449189588814594458e+02
4.442288359591133258e+02
4.144839753140030894e+02
4.936027674397042802e+02
5.961387789378094340e+02
5.461861009460350260e+02
4.824773326385104042e+02
4.882898422983842011e+02
4.672704013491710953e+02
5.109028795443770150e+02
4.801312362602469648e+02
5.652382947237573489e+02
5.469329948271779358e+02
4.894060120929613618e+02
4.962883054317868528e+02
4.654379684217332169e+02
5.593623514097509997e+02
3.314604565204342634e+02
3.498754240572160370e+02
3.498754240572160370e+02
4.403992976503392356e+02
4.236020258201509137e+02
3.872594524278432573e+02
4.616698679222350279e+02
5.146504661324350991e+02
5.691631056869664462e+02
5.482193652026073778e+02
5.412379538540651538e+02
5.667579074588473986e+02
5.667579074588473986e+02
5.667579074588473986e+02
4.433392818297749614e+02
4.433392818297616600e+02
5.271876151676394784e+02
4.878467323080344045e+02
4.501745938038603185e+02
4.554134476404819338e+02
5.576593941573003121e+02
4.545074294012508744e+02
5.413211943449891805e+02
5.413211943449891805e+02
5.210549968288429454e+02
5.127104509131094119e+02
4.572207097419955062e+02
5.255499805703265110e+02
5.255499805703265110e+02
5.449540593086614990e+02
4.619768989214144312e+02
4.622249436413760009e+02
4.255789664498794309e+02
5.325723170598954539e+02
6.203723627587348801e+02
3.976169442277503094e+02
5.862737558331820082e+02
4.447063048519954691e+02
5.053182341737843899e+02
4.971953667809010540e+02
4.440444134522918489e+02
4.666136176426213069e+02
4.455271852505254628e+02
3.182843028055696664e+02
4.500832581183689740e+02
5.726224155899427615e+02
5.726224155899429888e+02
5.871737063798407235e+02
3.829961414295914324e+02
4.435125565623243915e+02
4.192467603972756933e+02
5.145858565223892356e+02
5.051798422461305904e+02
5.051798422461254745e+02
5.051798422461254745e+02
3.998052536255497671e+02
5.484013577831572093e+02
3.309669463473782116e+02
4.353642044321807703e+02
3.269442106651109157e+02
4.489713205702036589e+02
6.027682870673364732e+02
4.243939284964727676e+02
3.057765329075925251e+02
5.010873194002833770e+02
5.010873194002833770e+02
5.010873194002833770e+02
4.762119244304250856e+02
4.762119244304250856e+02
4.027527327974225955e+02
3.998052536255497671e+02
3.824765368777892718e+02
3.791492703282309549e+02
5.476936977267973816e+02
5.476936977267973816e+02
5.647658275502401466e+02
5.647658275502401466e+02
5.647658275502401466e+02
4.972004970075846586e+02
6.389711003890582788e+02
4.747450592218261818e+02
4.032143600492663040e+02
4.027527327974225955e+02
3.589896571957715423e+02
3.583709686336756022e+02
4.511254561603832371e+02
3.550583244439313262e+02
4.488601780570531901e+02
4.762119244304250856e+02
4.698259149099292245e+02
3.424551976967249516e+02
2.848720901672475065e+02
2.800329725029820906e+02
4.029086776041457370e+02
4.201058532575142408e+02
3.674823896164525081e+02
4.526457633843083386e+02
5.170285039234074702e+02
4.445738730558771863e+02
4.412041524835029236e+02
4.185122555717805994e+02
4.581421171240263561e+02
4.489392800964540129e+02
4.240910367860994370e+02
3.572501670664584594e+02
4.959679108954582034e+02
5.728412966085894595e+02
4.442288359591133258e+02
3.871109610119315221e+02
4.413187392249394634e+02
4.647411196462556404e+02
3.412565944016473622e+02
3.844643435973093801e+02
4.650897488755370546e+02
5.309715806907985325e+02
4.230695363237473430e+02
4.774351787409625558e+02
4.931314228295714770e+02
3.635341444416385457e+02
4.744545436216977237e+02
4.744545436216977237e+02
4.744545436216977237e+02
5.414904100014481401e+02
3.616947999626790420e+02
5.401752854415914271e+02
3.161806394840685925e+02
4.230695363237473430e+02
4.746382872871391214e+02
4.650897488755370546e+02
4.959679108954582034e+02
4.818011992875210012e+02
5.157474482713487305e+02
4.067534181125215014e+02
4.445738730558771863e+02
5.825021096890745866e+02
5.174565566099628313e+02
4.887939082959749726e+02
3.763506174441831149e+02
4.290064882597370115e+02
4.943008214925331458e+02
4.727213232878920053e+02
4.300858697292644024e+02
3.797750032592101661e+02
3.423110096152910273e+02
4.534340345488773210e+02
4.989345737851656963e+02
4.989345737851656963e+02
4.755866121640544861e+02
4.314715203517012583e+02
5.287590474404619272e+02
5.251344095254387412e+02
5.022371012305043791e+02
5.631431404942621839e+02
4.230695363237473430e+02
4.246546053460476173e+02
4.185122555716757233e+02
3.976332759794719891e+02
4.388878515536994200e+02
4.272234026730063192e+02
4.849941290503216464e+02
4.044448591043624788e+02
3.475293308477588994e+02
4.854839106574045786e+02
4.012462807200029715e+02
4.339983445255712127e+02
3.989306218935307697e+02
5.593673191430049201e+02
4.227474194763734090e+02
4.791033711918119593e+02
4.200184025995020534e+02
3.440506183597597101e+02
5.187841822753520091e+02
4.566852920087354164e+02
4.566852920087354164e+02
4.566852920087354164e+02
5.451716129046606056e+02
4.442288359591133258e+02
4.502247329196367218e+02
5.582810632564326170e+02
4.452886299394081675e+02
4.452886299394081675e+02
5.176981120955506412e+02
5.142542497326799094e+02
5.142542497326799094e+02
5.180258364593429405e+02
5.000950410586611383e+02
5.000950410586611383e+02
4.515452213553804768e+02
5.236859442719204480e+02
5.062944626721343298e+02
3.160624763272840596e+02
4.723480009460692486e+02
6.200530426689831529e+02
5.209382092371644148e+02
5.209382092371644148e+02
5.386306533769658245e+02
3.646847147808909995e+02
5.263849455654971052e+02
5.263849455654971052e+02
3.586619591844914794e+02
4.188936625459024299e+02
4.689563612287232104e+02
5.014024290535134014e+02
5.014024290535134014e+02
5.014024290535134014e+02
5.187878511500739478e+02
4.029086776040655877e+02
3.934949226651203276e+02
4.113663746028803985e+02
4.567320507575407760e+02
4.755042948824856239e+02
4.925508655637991637e+02
4.710433376158620717e+02
3.376465984888390039e+02
4.958904168355868478e+02
3.721651992069386097e+02
1.971916633966844188e+02
5.824057702467466697e+02
4.485174389624777405e+02
4.485174389624777405e+02
5.054154318495383791e+02
5.091685798166242307e+02
5.325307425346763921e+02
4.660280718101406023e+02
5.315547742712689114e+02
4.977499399931018615e+02
5.142542497326799094e+02
5.142542497326799094e+02
5.233827707583175197e+02
4.097492303006082466e+02
4.983977471910050667e+02
4.010654767343992830e+02
5.864677161389785169e+02
4.406297565488988539e+02
4.953933495266617228e+02
2.723480013053091398e+02
3.003285376102846840e+02
3.425919215650721981e+02
4.418273510564523576e+02
4.019766960851441127e+02
3.907353609139889841e+02
4.788305738354854384e+02
4.788305738354854384e+02
4.788305738354854384e+02
5.361002181176696695e+02
4.980166961633256051e+02
5.351644241761478042e+02
5.287945677834487697e+02
4.987150276430107283e+02
4.987150276430107283e+02
5.141258950008991633e+02
5.141258950008991633e+02
5.141258950008991633e+02
4.722184911701544934e+02
4.722184911701544934e+02
5.476991914157517840e+02
5.476991914157517840e+02
5.230313800129574702e+02
5.230313800129574702e+02
5.127032295591973252e+02
5.127032295591973252e+02
5.201899185618744923e+02
5.473830738063725221e+02
3.417768081323582692e+02
3.343775888655569020e+02
4.300858697292677562e+02
4.080800247550789095e+02
3.896660531211140324e+02
3.641215614269698904e+02
5.067295598126561345e+02
4.032972448464087165e+02
3.673847621244977404e+02
4.788428087526066292e+02
3.931442022663073885e+02
3.917813427748467348e+02
3.183124496710922813e+02
5.027840977147032504e+02
5.027840977147032504e+02
5.285019714088832643e+02
3.646757728576378099e+02
4.139530231963364599e+02
3.521908677248829918e+02
4.343809957961211694e+02
5.051453885201804610e+02
5.101284090761654397e+02
5.101284090761654397e+02
5.736232762754340229e+02
4.817954848797270415e+02
4.817954848797270415e+02
5.378216846025019322e+02
4.981856597451117636e+02
5.018333788353598379e+02
5.488211575331225731e+02
6.222868381524807546e+02
5.930953550924531328e+02
5.188241569018382506e+02
5.188241569018382506e+02
3.156855667239363470e+02
3.922547576627295030e+02
4.917599698021830932e+02
4.245214501213188214e+02
4.125847281369450457e+02
4.125847281369450457e+02
3.724037771850468062e+02
3.124487985041528759e+02
3.125792055783640535e+02
4.816097073844263150e+02
4.758901158450104845e+02
4.787992465380132785e+02
3.048244618383909028e+02
4.383430893985900525e+02
4.383430893985900525e+02
4.383430893985900525e+02
5.315597846715598962e+02
4.559869752754316323e+02
3.777082931633651697e+02
5.216208610306753144e+02
3.297912685484048438e+02
4.268710185669720545e+02
4.833224141103132752e+02
3.506228101437312716e+02
3.988869353360472587e+02
2.734201847080746006e+02
5.242426849903964694e+02
4.923637662440991107e+02
4.593014310784247414e+02
4.593014310784247414e+02
4.593014310784247414e+02
4.362848663198743111e+02
4.355314632332794531e+02
4.355314632332794531e+02
4.355314632332794531e+02
5.740127058244377167e+02
5.740127058244377167e+02
4.292506762380603504e+02
5.023635496779844516e+02
4.788061365786361989e+02
4.788061365786361989e+02
4.741340289122899776e+02
5.477484031240092008e+02
5.446396408997652543e+02
5.241476481141372687e+02
5.200456556006656683e+02
5.299712132900781398e+02
5.299712132900781398e+02
5.299712132900781398e+02
5.299712132900781398e+02
5.299712132900781398e+02
5.335798190417932574e+02
5.335798190417932574e+02
5.335798190417932574e+02
5.335798190417932574e+02
5.335798190417932574e+02
5.335798190417932574e+02
4.947207525341651717e+02
4.759614317150667375e+02
5.149567217748921166e+02
5.149567217748921166e+02
4.793579195214884408e+02
4.793579195214884408e+02
4.793579195214884408e+02
4.540356166185108009e+02
4.933156399865519575e+02
4.986561312704579905e+02
4.986561312704579905e+02
4.986561312704579905e+02
5.117320811980989106e+02
5.254315498620219387e+02
4.499346360001158018e+02
4.499346360001158018e+02
4.499346360001158018e+02
4.637255417442147518e+02
4.731894975255464146e+02
5.096351780208432842e+02
5.096351780208432842e+02
5.096351780208432842e+02
5.139173916311366384e+02
5.147358089962746135e+02
6.507683186343165289e+02
5.002647612155825527e+02
6.326682029482757343e+02
4.964735739287493175e+02
4.964735739287493175e+02
4.964735739287493175e+02
6.230841522834971329e+02
4.740968520022777852e+02
3.799434500636584744e+02
5.322163654821962382e+02
5.322163654821962382e+02
5.322163654821962382e+02
4.042113502127801326e+02
5.190495302202987205e+02
4.387763867627995751e+02
4.391772428550138443e+02
3.156145977345521487e+02
3.083626278074885363e+02
3.667952463632743729e+02
4.408875217431369720e+02
3.923489567845105057e+02
3.892954526686069130e+02
3.918667043170965485e+02
4.894979615196994587e+02
4.250818593667171399e+02
4.250818593667171399e+02
3.846717481388581632e+02
3.846717481388581632e+02
3.820890734868519303e+02
3.842657112042268750e+02
3.801907164484042596e+02
4.563947144532585298e+02
4.563947144532585298e+02
4.135038020051188141e+02
4.135038020051188141e+02
4.105507892808459474e+02
4.230695363237473430e+02
3.722044854545334829e+02
4.115302179202873845e+02
4.115302179202873845e+02
3.712729916307657732e+02
3.712729916307657732e+02
3.125239080731280410e+02
3.121743956303084815e+02
3.205242717750826387e+02
4.300680249357163234e+02
3.836254222651073178e+02
3.836254222651073178e+02
4.607330108265000490e+02
4.607330108265000490e+02
4.607330108265000490e+02
4.186968422760931503e+02
4.107422606690243470e+02
4.073598123212885866e+02
4.102659197051498268e+02
3.688799542992701959e+02
4.144918576182489005e+02
3.002546281553910603e+02
5.078009018114458968e+02
4.414120916434069954e+02
5.309715806907985325e+02
4.737792508185210067e+02
4.741360571858937760e+02
3.385287177875104589e+02
3.784843644264228715e+02
3.043290118609093042e+02
4.004082462105335480e+02
3.819448823755727744e+02
5.741398613698031568e+02
3.742008908209744504e+02
4.998813464476123727e+02
4.998813464476123727e+02
4.188507635994345719e+02
3.476014868976744765e+02
4.213719389869398810e+02
3.976332759794719891e+02
5.054563603504691400e+02
4.510392329672714027e+02
3.277457633461674504e+02
4.114676987484914434e+02
3.935460518133992309e+02
3.860512006685246433e+02
4.597191536832775114e+02
4.858555080902716554e+02
4.652562733983987187e+02
4.607196439690113721e+02
4.607196439690113721e+02
4.607196439690113721e+02
4.607196439690113721e+02
4.607196439690113721e+02
4.439131318971132032e+02
4.439131318971132032e+02
3.944771840093463879e+02
3.848830180030586234e+02
4.584464070543131129e+02
4.516911952427097958e+02
4.516911952427097958e+02
6.188412638127529135e+02
3.641224558363234678e+02
3.563557324007000489e+02
4.450571589735549765e+02
4.409987199411482379e+02
4.247221781107681977e+02
3.651132721916729338e+02
3.552641232278340340e+02
3.552641232278340340e+02
4.332319129832110320e+02
4.332319129832110320e+02
2.928946927818894324e+02
3.860856386458403904e+02
4.210363836172752485e+02
4.549953983107874365e+02
4.549953983107874365e+02
4.549953983107874365e+02
4.962883054317868528e+02
4.810467295835123878e+02
4.127125195405173486e+02
5.375542260223713811e+02
4.489494938169194143e+02
4.489494938169194143e+02
4.489494938169194143e+02
4.007068811935448025e+02
5.858142597843790327e+02
5.858142597843790327e+02
3.944041686610197530e+02
3.651337506953393017e+02
3.651337506953404954e+02
6.181930360825415391e+02
5.360614592055067078e+02
6.562806796357990606e+02
6.574867315005294586e+02
5.302067478206624855e+02
6.343097727616454904e+02
3.313715126314032204e+02
3.895217825845753623e+02
3.599777859909925155e+02
3.892540082069424443e+02
5.126391306773173255e+02
4.539469580138778042e+02
3.994480428047834835e+02
4.215483702268862203e+02
3.924152077742999722e+02
3.674047629506670773e+02
4.463726694072354348e+02
4.689563612287232104e+02
4.122703811613970970e+02
3.685073754521271212e+02
3.685073754519767135e+02
4.429700510315856832e+02
4.359995799701271721e+02
4.722602303125034382e+02
3.848781535387276449e+02
3.406792393594623718e+02
4.337723665850045904e+02
3.923339832082314160e+02
3.923339832082314160e+02
3.923339832082314160e+02
4.449189588814594458e+02
4.682486907410214485e+02
4.682486907410214485e+02
4.682486907410214485e+02
4.658102879335698958e+02
4.678627199855757794e+02
4.678627199855757794e+02
4.678627199855757794e+02
4.678627199855757794e+02
4.658102879335698958e+02
4.678627199855757794e+02
4.678627199855757794e+02
4.678627199855757794e+02
4.678627199855757794e+02
4.658102879335698958e+02
4.818011992875210012e+02
4.362933353240688916e+02
4.362933353240688916e+02
4.362933353240688916e+02
4.362933353240688916e+02
3.892540082069424443e+02
3.889750785863171814e+02
3.956276430668606281e+02
4.715825291054806598e+02
5.940020299084301314e+02
3.598494271426227442e+02
4.284356082479415591e+02
4.129141505273292978e+02
4.129141505273292978e+02
4.313352023472418182e+02
4.309911699030164982e+02
3.672387133687028609e+02
3.672387133687028609e+02
4.615020605830433738e+02
4.233916891046253568e+02
4.957024935934398400e+02
4.471645911203168566e+02
4.448367597633584296e+02
4.467954394417866411e+02
4.467954394417866411e+02
4.448367597633584296e+02
4.169207231645456773e+02
5.161817649740485194e+02
3.633823477043461025e+02
3.633823477043461025e+02
3.633823477043461025e+02
3.709843641667425231e+02
3.709843641667425231e+02
3.706732235156287629e+02
3.706732235156287629e+02
3.706732235156287629e+02
3.706732235156287629e+02
3.706732235156287629e+02
3.706732235156287629e+02
3.709843641667425231e+02
3.709843641667425231e+02
3.563573875925130778e+02
3.748580149332980227e+02
3.748580149332980227e+02
3.450389618365032902e+02
3.361539434690675421e+02
4.260032007997663754e+02
5.263715532007374804e+02
3.124173337817949232e+02
5.627923287240055288e+02
5.462527373363268453e+02
5.462527373363268453e+02
4.554214682201642859e+02
5.995389717029806889e+02
4.263423245026603468e+02
4.263423245026659174e+02
4.609496240134236018e+02
4.693241896415244696e+02
4.693241896415244696e+02
4.923990498460149183e+02
4.923990498460149183e+02
4.923990498460149183e+02
4.923990498460149183e+02
5.437759644005116115e+02
5.437759644005116115e+02
3.797750032592624621e+02
3.102743651494407118e+02
4.029086776041457370e+02
5.160805008619151977e+02
5.160805008619151977e+02
4.027601951268979406e+02
4.027601951268979406e+02
4.408285149015777051e+02
3.763506174441831149e+02
3.803144218656185558e+02
5.057401121476069648e+02
5.057401121476069648e+02
5.057401121476069648e+02
5.585292324861251245e+02
4.465435048184285733e+02
5.253090758688086908e+02
4.885016892896252330e+02
4.885016892896252330e+02
4.885016892896252330e+02
4.060524976057914728e+02
4.060524976057914728e+02
3.888703353685574484e+02
4.977499399931018615e+02
5.117797410662510629e+02
5.823878594980134267e+02
4.536579954345914416e+02
5.154875805762667369e+02
4.927131117695202533e+02
4.927131117695202533e+02
5.510498945767064924e+02
5.293254587613889726e+02
3.074137295453504066e+02
5.656348083749430771e+02
5.779785743074654647e+02
4.170739821099825235e+02
4.400270016906099499e+02
4.343397807716251009e+02
4.343397807716251009e+02
4.343397807716251009e+02
4.824773326385104042e+02
4.314911217711261315e+02
4.098209584460414590e+02
6.194126955513743269e+02
6.222774400266839621e+02
6.178198763652735579e+02
6.209522571344400603e+02
4.134224712318972479e+02
4.134224712318972479e+02
4.134224712318972479e+02
4.654379684217332169e+02
4.870466239362160081e+02
4.107149715237213741e+02
4.104758850490227360e+02
4.720349677606552632e+02
4.786167070802134162e+02
4.027601951269196547e+02
4.027601951268575249e+02
4.027601951268979406e+02
4.033790362889590710e+02
3.321564472407226276e+02
2.987578880097800038e+02
5.064486473180256212e+02
4.468949742714851254e+02
4.087976261718392266e+02
5.731945142910626600e+02
3.418028691622512270e+02
3.418028691622512270e+02
3.418028691622512270e+02
2.638661370725762936e+02
3.256982586702038702e+02
3.919298777803676330e+02
3.413348541132416472e+02
3.413348541132416472e+02
5.346006558772505741e+02
5.105255096041364595e+02
4.411532555044083210e+02
4.047664041598962399e+02
4.032533211351009186e+02
4.749000903395794353e+02
4.749000903395794353e+02
4.310388022298106989e+02
4.310388022298106989e+02
4.310388022298106989e+02
4.286656202885646962e+02
4.306656565647327852e+02
4.306656565647327852e+02
4.306656565647327852e+02
4.286656202885646962e+02
4.445738730558771863e+02
3.968602256794259802e+02
3.968602256794342225e+02
4.319201519843095980e+02
3.960218266715422715e+02
3.380751884390166992e+02
3.377637834554175242e+02
3.377637834554175242e+02
3.453332945299371204e+02
3.453332945299371204e+02
3.453332945299371204e+02
3.450227543510083024e+02
3.450227543510083024e+02
4.795597104353585109e+02
4.792380366656678916e+02
4.792380366656678916e+02
4.351226831535720407e+02
4.010654767343992830e+02
5.299904322915308512e+02
4.789205555171795368e+02
3.351336822692712758e+02
3.678331021806012586e+02
4.116957667831352410e+02
4.092707913859931637e+02
3.310260760731085838e+02
3.494434051329694739e+02
4.210612195310877155e+02
4.251310731360085811e+02
5.740127058244377167e+02
5.740127058244377167e+02
5.022088981260542937e+02
5.473830738063725221e+02
5.216208610306753144e+02
5.216208610306753144e+02
4.907006861544688832e+02
4.885016892896252330e+02
4.885016892896252330e+02
4.885016892896252330e+02
4.847788437476214085e+02
5.460403853215418621e+02
5.675406973922615634e+02
5.977259235398358896e+02
5.788217729590836598e+02
5.170285039234074702e+02
5.152899832812431669e+02
5.021883536078562429e+02
4.833224141103132752e+02
4.833224141103132752e+02
6.080692034383212103e+02
4.647148703849335334e+02
5.936771981761387451e+02
5.818825519942848814e+02
5.818825519942848814e+02
5.025495191668524626e+02
4.980629172596950980e+02
5.020770585091250950e+02
4.974062615242571042e+02
4.334136403955656078e+02
4.106920228438767708e+02
4.253942785424010253e+02
4.023074114312930760e+02
4.397530696665957635e+02
4.697292281576749815e+02
4.718995786707466777e+02
4.022260814304240739e+02
3.588213163579889624e+02
3.560832541263471285e+02
3.542527022785230315e+02
4.425221201341589676e+02
3.899288055620341993e+02
3.866528264580683185e+02
3.902873541264914934e+02
3.392539707665781634e+02
3.409947007193895843e+02
4.889657932418012933e+02
3.866348068931887383e+02
3.871022064027811211e+02
4.557085018482528653e+02
4.557085018482528653e+02
4.557085018482528653e+02
4.467396320862757761e+02
3.444929477321110198e+02
4.570450007996525983e+02
4.570450007996525983e+02
4.570450007996525983e+02
4.210085173970086316e+02
3.165291805201514990e+02
5.249245386532561497e+02
3.651240002127147477e+02
3.341355609604310075e+02
4.500848288550852772e+02
4.263423245026603468e+02
4.263423245026603468e+02
6.131114930415917570e+02
6.131114930415917570e+02
4.500848288550852772e+02
4.887859305396449940e+02
4.887859305396449940e+02
4.887859305396449940e+02
4.622017009487964856e+02
4.237218216982398644e+02
4.237218216982398644e+02
4.237218216982398644e+02
4.896696422350041757e+02
4.500848288550852772e+02
4.500848288550852772e+02
4.500848288550188840e+02
3.925170539062186208e+02
3.925170539062186208e+02
4.463067956341443505e+02
5.160805008619151977e+02
5.160805008617988960e+02
5.160805008617988960e+02
5.160805008617988960e+02
5.160805008617988960e+02
5.160805008617988960e+02
5.160805008619151977e+02
5.651134577526382827e+02
5.365458195992659967e+02
5.263715532007374804e+02
4.329340913974346563e+02
4.329340913974346563e+02
4.329340913974346563e+02
5.578356179527013410e+02
3.607150144949259243e+02
4.207595372234123943e+02
4.207595372234123943e+02
3.261233548832193492e+02
5.167524716406384186e+02
5.167524716406384186e+02
4.507208716795372538e+02
4.276630073032249015e+02
3.370118285748409335e+02
4.729327148608620064e+02
3.916551218197359390e+02
3.916551218197359390e+02
3.614142330671186301e+02
4.378779174731020589e+02
3.215151119846661913e+02
2.536876793074881107e+02
5.627213781741514822e+02
4.726748280882676454e+02
4.726748280882676454e+02
5.084723153657427019e+02
4.273194212506213603e+02
5.213782491383211664e+02
3.443089320827161828e+02
2.805864460436901595e+02
3.975676789402115787e+02
4.308740681556568006e+02
5.453896678763901491e+02
4.676629646129401863e+02
5.592699692663366022e+02
5.592699692663366022e+02
5.578448377317563427e+02
5.578448377317563427e+02
5.806866942529400148e+02
5.806866942529400148e+02
5.438121959256363880e+02
5.555052529623319515e+02
5.225552171627668940e+02
5.309576388543879375e+02
5.309576388543879375e+02
5.290693747497141430e+02
5.290693747497141430e+02
6.878757765189607198e+02
3.131847056325127596e+02
5.129502187795751524e+02
5.750687799069896755e+02
6.344630820418551593e+02
5.537288759053917602e+02
5.537288759052778460e+02
5.537288759053917602e+02
5.378451471357257105e+02
5.378451471357257105e+02
5.378451471357257105e+02
5.762948460762059995e+02
5.070266163253032801e+02
5.777939682700712183e+02
5.694377363603459798e+02
5.741415279760147996e+02
5.833876975795384396e+02
6.059140784339206220e+02
6.059140784339206220e+02
4.426986125037836928e+02
4.989774794987282007e+02
4.504200812436372985e+02
4.066103889506906626e+02
4.838061525243610390e+02
4.030508827377857415e+02
5.348580311758765902e+02
4.811066174683596159e+02
3.809475381387811126e+02
5.213258061996511969e+02
5.776609913060418648e+02
5.173234454178560782e+02
4.596149564848978457e+02
4.592174508972771036e+02
5.550434983426475810e+02
6.262387469712192569e+02
5.701410454363565350e+02
4.277036577215988018e+02
4.272809411450824655e+02
3.751988635566376047e+02
3.244764576907157334e+02
4.195398309299496304e+02
3.455106810421131058e+02
5.041673968230564924e+02
5.248556653878130192e+02
5.248556653878130192e+02
5.248556653878130192e+02
5.156582045343892560e+02
5.156582045343652680e+02
5.374096759572543078e+02
6.997820458931333860e+02
4.961028575530473290e+02
5.860788827938301893e+02
6.153104881813442262e+02
6.119731438830879142e+02
5.829011821085207430e+02
6.605342111411688393e+02
4.078557430816566125e+02
3.966705278424102517e+02
4.548066354202358639e+02
4.137488544135578650e+02
5.937606086661918425e+02
4.972368624490616753e+02
4.691738431871315242e+02
5.286909288005803091e+02
4.895570733726132175e+02
4.892155129034776451e+02
4.892155129034776451e+02
4.589243509036577962e+02
4.589243509036577962e+02
4.589243509036577962e+02
4.589243509036577962e+02
4.893545234371373454e+02
4.108045398521840639e+02
4.864028862983601584e+02
4.962883054317868528e+02
4.739839729272119371e+02
5.378772099214069158e+02
5.130387564158759233e+02
6.064676052313818673e+02
5.870120112873109974e+02
6.239010306140246485e+02
5.598162916243149994e+02
3.816319101471460726e+02
5.046814280553142567e+02
5.782604088712620296e+02
9.550961282369835317e+02
6.947996226272442755e+02
5.877906708920143046e+02
5.658866256184105623e+02
6.145931408657058910e+02
6.315110353524366928e+02
6.098697086768896725e+02
5.635752684941905954e+02
6.361622290730807663e+02
6.056822780538486768e+02
3.859013768273795790e+02
3.725323375960220460e+02
3.759662957895214390e+02
5.584587778269626597e+02
4.321295692541073663e+02
5.584587778269626597e+02
4.326846140310885858e+02
4.982928146246894698e+02
3.927068673426748546e+02
5.123042936160217096e+02
5.821924901095072755e+02
4.772374303711933408e+02
4.491182151143427177e+02
5.126374065972871676e+02
4.686351791919174161e+02
4.682486907410214485e+02
4.682486907410214485e+02
4.366293126730064955e+02
4.366293126730064955e+02
4.366293126730064955e+02
4.735319865250274347e+02
3.922824637459193013e+02
3.893584630412093475e+02
3.957278213876442123e+02
3.957278213876442123e+02
3.957278213876442123e+02
3.957278213876442123e+02
3.957278213876442123e+02
4.650091562710658764e+02
3.961763235039821325e+02
4.824773326385104042e+02
4.943920815704900065e+02
4.516860471060049917e+02
5.734047717993186097e+02
5.222588549615975353e+02
5.109028795443770150e+02
5.161559609069460066e+02
4.993442652031491207e+02
4.468356850149640991e+02
4.692005846577282000e+02
5.731945142910626600e+02
5.376063193767536177e+02
4.962883054317868528e+02
3.829788112606821642e+02
3.993513255886304023e+02
3.993513255886304023e+02
3.993513255886304023e+02
3.882501593416438936e+02
3.586199901838415371e+02
4.081960054371450610e+02
4.298560509359900266e+02
3.971073645004556738e+02
3.721651992069386097e+02
3.987560332971008847e+02
4.183482112223387048e+02
3.093151978267310369e+02
3.366877693937288427e+02
3.852639175291488982e+02
2.675206605952591303e+02
3.539619341384445761e+02
5.243914071451562222e+02
5.413150400386957699e+02
5.068928530875909928e+02
4.313151832710843223e+02
5.470556167159635379e+02
4.241720586113639797e+02
4.192276405184691157e+02
4.525147621285618129e+02
5.602827805830881971e+02
5.623465910037244839e+02
8.235022076043460402e+02
6.494351868754340558e+02
3.555861915306073229e+02
4.758556646170729323e+02
4.299713720954866858e+02
5.209919140334405938e+02
6.142406511346448497e+02
5.726557460882999067e+02
5.534767293857003096e+02
5.534767293857003096e+02
5.179227237652306712e+02
5.611375395258851313e+02
6.153070066376019440e+02
6.195405516146106493e+02
5.125288148423826442e+02
3.157443011759118008e+02
3.167038713709986268e+02
3.167038713709986268e+02
3.084971020480911648e+02
3.236921289677450204e+02
4.071500617120124161e+02
3.138134474565042638e+02
5.609144058868375851e+02
4.554259161972696006e+02
4.262011327497193065e+02
3.843403183691173126e+02
4.422822117856028399e+02
5.280807126680764441e+02
4.949391118913612786e+02
2.218639726922593525e+02
4.779828909924137861e+02
4.578202230687532506e+02
2.460555207261515420e+02
4.094688635589126307e+02
3.011841326324802139e+02
4.901195487799219563e+02
4.674365089321739788e+02
4.713876381215532660e+02
4.293182016112821771e+02
4.293182016112821771e+02
5.475702744966188220e+02
3.672476229671608507e+02
4.412523897336226923e+02
3.923489567845105057e+02
3.166488000595372796e+02
4.163932183402463920e+02
4.563723077842721523e+02
5.122489287664892572e+02
5.606874978601765633e+02
4.923647688756057050e+02
4.928192953042806721e+02
4.919108636533933918e+02
4.919108636533933918e+02
5.047985470360650311e+02
4.257154799872195099e+02
4.257154799872195099e+02
4.903657185824678777e+02
4.255277411949476232e+02
3.850773267809177014e+02
3.846717481388581632e+02
3.846717481388581632e+02
4.567652485461902074e+02
4.139664166469126485e+02
4.135038020051188141e+02
4.135038020051188141e+02
3.726665884254609864e+02
3.726665884254638854e+02
4.775554711080181391e+02
4.118562125553754072e+02
7.512493616912490779e+02
3.636017740693109772e+02
3.126548086056956208e+02
3.206502393901363348e+02
3.206502393901363348e+02
4.301851769928438785e+02
4.226246867711104755e+02
4.608340004234618164e+02
4.546098328940403803e+02
4.103959085948777670e+02
4.188218977430591963e+02
4.188218977430591963e+02
4.108720342909621195e+02
4.103959085948777670e+02
3.690058519765260598e+02
3.769850231342692268e+02
5.013107789919222341e+02
3.214360539300175788e+02
3.003954724591079639e+02
3.089825403549764360e+02
3.089825403549764360e+02
4.233916891046253568e+02
3.928314162858338818e+02
5.298779121499538860e+02
4.749767252335360581e+02
5.313075910246784588e+02
4.654379684217332169e+02
4.705782465148010374e+02
4.459435472080667182e+02
5.109028795443770150e+02
4.962883054317868528e+02
4.070899071145570929e+02
5.302067478206624855e+02
4.824773326385104042e+02
5.342954644423648460e+02
4.449189588814594458e+02
5.828207048376764305e+02
3.048322746556036122e+02
3.253315118397480319e+02
4.243497328564060922e+02
4.243497328564060922e+02
2.909665579074845709e+02
2.759854054797045819e+02
2.735854310374289753e+02
3.933404667756410618e+02
2.739571631102593869e+02
3.265821274158972756e+02
4.175372811046568131e+02
4.077822438659178488e+02
3.313925305074040466e+02
2.825615778774923683e+02
2.908864423836527067e+02
3.580435070000247606e+02
3.502481401524755142e+02
4.894862135945602404e+02
3.313925305074040466e+02
4.495258320046269773e+02
3.193136672361986257e+02
2.759854054797045819e+02
2.735854310374289753e+02
2.860526816672118571e+02
3.529951512689902415e+02
3.313925305074040466e+02
3.313925305074040466e+02
5.045776145007346258e+02
3.904040906975104122e+02
5.181636591684243740e+02
3.724566526460438922e+02
2.726241913929719658e+02
3.018812702092940299e+02
4.409429538733850791e+02
2.482498754977478086e+02
4.176483622782371867e+02
5.307750235255042526e+02
3.902937374000277941e+02
5.105991772993516520e+02
5.100291525798416501e+02
4.047850908458046888e+02
5.701512532737049241e+02
4.502247329196367218e+02
4.463021137780280014e+02
5.565786224288501671e+02
5.756214211985394513e+02
5.862110960040112104e+02
5.862110960040112104e+02
4.428741206543541580e+02
5.864365909325624671e+02
5.091780175914983033e+02
5.801206192814661335e+02
6.258122454614659773e+02
5.103119208751254519e+02
5.457314636625731055e+02
5.608853031539667882e+02
5.251572537948045465e+02
4.981856597451117636e+02
5.226800606795447948e+02
4.637255417442147518e+02
5.789295158805759911e+02
4.053843652547872694e+02
6.682432404648044439e+02
5.904225767133558520e+02
5.904225767133558520e+02
6.515209485468651565e+02
5.892673291080528770e+02
5.892673291080528770e+02
5.891667375148949759e+02
5.774266310879805815e+02
5.823198853524055494e+02
5.663730174637031496e+02
6.060657382727436016e+02
6.071002838545063014e+02
5.369882288253920706e+02
5.025495191668524626e+02
4.983898400067686225e+02
4.983898400067686225e+02
4.983898400067686225e+02
4.496256749026389343e+02
5.014133357925077803e+02
4.963066071105807282e+02
5.410874659486918290e+02
5.133175457406634905e+02
5.133175457406634905e+02
5.538812688595045302e+02
5.305284961065572134e+02
5.468880606645528815e+02
5.025495191668524626e+02
5.309715806907985325e+02
5.173446767714087855e+02
5.665899684144321782e+02
4.831942501411049307e+02
5.460321909284775757e+02
5.311737547638133492e+02
4.801210467700772710e+02
5.328893538848900562e+02
5.192902172881932756e+02
4.484914635810417849e+02
4.528925808215102506e+02
5.792395843884975193e+02
5.146934001133336096e+02
4.988631975117654065e+02
4.786653814715656949e+02
5.672542855860051532e+02
5.235391322752570886e+02
6.231168671670366166e+02
5.865060782940377067e+02
5.865060782940377067e+02
5.586387256444592140e+02
4.402592829576121289e+02
5.155994801507430338e+02
5.254960547050584410e+02
5.181625518994346749e+02
5.207625610306814679e+02
4.847788437476214085e+02
4.790051006311481956e+02
4.790051006311481956e+02
5.243910199887245653e+02
5.243910199887245653e+02
5.148918108003621228e+02
5.148918108003621228e+02
5.207229229646013664e+02
5.126843819420015507e+02
4.947207525341651717e+02
4.947207525341651717e+02
4.532444001067360659e+02
5.785187538320373051e+02
5.333097034662592932e+02
5.333097034662592932e+02
5.333097034662592932e+02
5.830538104374261366e+02
5.830538104374261366e+02
5.118030218385389389e+02
6.060747400567125851e+02
7.142020357014687306e+02
5.652989363128954210e+02
5.348187222621210140e+02
5.379918958132531088e+02
4.289260736313516418e+02
4.642244619407797472e+02
5.218862510092415050e+02
7.002519375000038053e+02
4.401562876787824052e+02
4.463256001660629408e+02
4.424502678787355876e+02
4.209941796421578601e+02
3.932317302104205510e+02
5.094151599736796925e+02
5.094151599736521803e+02
4.707541956843307389e+02
4.536130406399872186e+02
5.461855216075468888e+02
3.162200965630468659e+02
4.461034031276811334e+02
4.039328788376875536e+02
2.467300644548408854e+02
4.240917705714825274e+02
4.245495064897887119e+02
4.565964006397201160e+02
4.568809276959359522e+02
4.749007543748972466e+02
4.752383218550575066e+02
3.760623709413193296e+02
4.006161346172956996e+02
4.009882071329777773e+02
3.760767944650550589e+02
3.346747408423959769e+02
3.342405201176356400e+02
4.802157143131647103e+02
4.250223724553786155e+02
3.647866073235339286e+02
3.642836760406312351e+02
4.460120827438499873e+02
3.652881241467210884e+02
3.249655223115852323e+02
3.695386431285148774e+02
3.533075757589853083e+02
2.408365286889876131e+02
3.311217236823293320e+02
2.460863981774549814e+02
3.615357180546222935e+02
4.348837973155102645e+02
4.348837973155102645e+02
5.174812789579525543e+02
4.506139772914537502e+02
5.537384987020644758e+02
4.304541069214473623e+02
4.467396320862757761e+02
3.639652352932689610e+02
3.801907164484008490e+02
4.002169787324671120e+02
3.427927164654314538e+02
4.538033873702858614e+02
4.993045933235343909e+02
4.759614317150692386e+02
4.318082841181196727e+02
5.254315498620219387e+02
5.025495191668524626e+02
5.146004701051792836e+02
4.233916891046253568e+02
4.250310139131804021e+02
4.188507635994345719e+02
4.581421171239846899e+02
3.979950148783651684e+02
4.396014596511463992e+02
5.348931961323571613e+02
4.275478530367822714e+02
4.853508473143301103e+02
4.047971511545401881e+02
4.825190014191201726e+02
4.654201743256944610e+02
4.232809507837239380e+02
3.233775385176784312e+02
4.343397807716251009e+02
4.654379684217332169e+02
5.596758396591866358e+02
4.230695363237473430e+02
3.621405022490689589e+02
4.203390364424244012e+02
4.445738730558771863e+02
5.266984083411218762e+02
3.590961698871662406e+02
4.962883054317868528e+02
4.449189588814594458e+02
5.123157149057800552e+02
5.017651176321789990e+02
5.017651176321789990e+02
4.475893188853256106e+02
5.200022788219615677e+02
4.385293245577843209e+02
4.032533211350941542e+02
4.571195747362882003e+02
4.571195747362882003e+02
4.351119666995621174e+02
4.928734660738431899e+02
4.714133135512249169e+02
3.380761715818488256e+02
3.031012807460803060e+02
3.310739806763752995e+02
2.305924696377644239e+02
4.387126172807156195e+02
5.083180268653972007e+02
3.677561266138653764e+02
3.925797403609370804e+02
4.354408948415028817e+02
4.304114774026589885e+02
3.976169442277503094e+02
5.924425934460282406e+02
4.304114774026589885e+02
4.649468791784537984e+02
4.649468791784736936e+02
3.969237229964908238e+02
5.147222822257170947e+02
5.147222822257170947e+02
5.147222822257344887e+02
5.375476722253015396e+02
5.046785044297294007e+02
4.836793119603052560e+02
4.836793119603052560e+02
4.836793119603052560e+02
5.040531804805885372e+02
5.328131118012939851e+02
5.328131118012939851e+02
4.535906390335904348e+02
4.535906390335904348e+02
4.864508138429887367e+02
4.864508138429887367e+02
4.864508138429887367e+02
5.788078877004710421e+02
4.919633897394948008e+02
4.304114774026589885e+02
5.146504661324350991e+02
3.619100057652211717e+02
3.636199413451751639e+02
5.274084989929745007e+02
4.358619445149429339e+02
4.576481377166589368e+02
4.354676297716226827e+02
5.218862510092415050e+02
5.474820540756968512e+02
4.958904168355868478e+02
5.491268293646488701e+02
5.491268293646488701e+02
5.218862510092415050e+02
5.561034780560468107e+02
5.146504661324350991e+02
5.122178992083004232e+02
5.799196060807922777e+02
4.924867438132504276e+02
3.306305911064849852e+02
4.855293653696532488e+02
6.877589180942463827e+02
5.985041398443155458e+02
5.476402251796997689e+02
4.111475306887614920e+02
5.346841424835231464e+02
5.568426478638464232e+02
4.897704858816428555e+02
4.860605658094170849e+02
4.875859807902635339e+02
6.258303811022288983e+02
6.258303811022288983e+02
6.258303811022288983e+02
4.579622848016820740e+02
4.579622848016820740e+02
4.602564600121154399e+02
6.344630820418551593e+02
4.979126038436976955e+02
5.030575792076231778e+02
4.730386034742547849e+02
5.115944382582707703e+02
5.115944382582707703e+02
5.115944382582707703e+02
3.796206596945083334e+02
3.796206596945083334e+02
5.563010318843813593e+02
3.985905466064579059e+02
4.011875860081177052e+02
4.070942584292625952e+02
3.896879594922090178e+02
3.896879594922155547e+02
3.762294195036219548e+02
6.051971787555279434e+02
4.161612808728164623e+02
4.165939673554269689e+02
4.188904045727531980e+02
4.165939673554269689e+02
4.242964974146308919e+02
5.335091875346605548e+02
5.131343686672336162e+02
7.661258333501835978e+02
6.381556567971497316e+02
5.540440181414171548e+02
5.295844384835899064e+02
5.017840263174197162e+02
6.786754448673038951e+02
5.492071673137089647e+02
5.993195974799378973e+02
5.619943342470343168e+02
5.412064280848081808e+02
4.994889148515136412e+02
5.516470002639498489e+02
6.074405154546329868e+02
6.098436243792666573e+02
4.816012986314513569e+02
5.335802135501086241e+02
5.834567916576679636e+02
5.235564559930418227e+02
6.751036077462727008e+02
5.959108826227385407e+02
4.552253791065020891e+02
4.380391402411602257e+02
4.806658249363292725e+02
3.859494042597991097e+02
3.859494042597991097e+02
3.859494042597991097e+02
5.168286294215089356e+02
2.208299114870084452e+02
2.241887448214306460e+02
2.309500518103109243e+02
2.637218449953079471e+02
1.862706273526812879e+02
3.640456727014855005e+02
5.566031024745956302e+02
4.249025359050261272e+02
5.084535849598913160e+02
4.034389786710881367e+02
3.411269797656241849e+02
4.314778676169817118e+02
4.331554359495746098e+02
4.601294092707029222e+02
4.475291350444588829e+02
4.945819072912343017e+02
4.803310360853990346e+02
4.923665196962718369e+02
5.294960842119571680e+02
4.868903764899014277e+02
4.942463908208289354e+02
4.942463908208289354e+02
4.103190919942952064e+02
5.297694233107193895e+02
4.697665844937301358e+02
5.361212543688506003e+02
5.317520454931254790e+02
5.317520454931254790e+02
4.589825023049640436e+02
3.698438873969867586e+02
4.687063991821981404e+02
3.945775473578028141e+02
4.354173331031168459e+02
3.924613801132244362e+02
4.923665196962024311e+02
4.968558388011139186e+02
5.137428147616036540e+02
3.637359037562390540e+02
5.243322813681349999e+02
4.115430874213565744e+02
4.528308607809099158e+02
4.748048017525513842e+02
4.653043491330512325e+02
4.653043491330512325e+02
4.653043491330512325e+02
4.819312865297327448e+02
4.819312865297327448e+02
3.871149752861324487e+02
4.184400216107765118e+02
5.707536118030449188e+02
4.213577076599077600e+02
3.695352427006431526e+02
3.739239081649182026e+02
4.296611796305646749e+02
4.296611796305646749e+02
4.296611796305646749e+02
4.552253791065020891e+02
3.472713642066346438e+02
3.740555516566461165e+02
5.850522516002174598e+02
4.088912467258899710e+02
4.106765663814526306e+02
4.088912467258899710e+02
4.106765663814526306e+02
4.841863206178541645e+02
5.279899348099863801e+02
5.279899348099863801e+02
5.279899348099863801e+02
5.191144244002354071e+02
4.666317445308510514e+02
5.190285476298087133e+02
3.974372801410590910e+02
5.167059890093684089e+02
4.014054073058829886e+02
5.120550011813838864e+02
6.720715023888259338e+02
6.700280174502045156e+02
7.004190446554929395e+02
4.764959613298095746e+02
3.931208760602163466e+02
4.274492008422587901e+02
4.274492008422472509e+02
5.800893582580779366e+02
3.946510617150859730e+02
3.906415434241492335e+02
4.566420532485477679e+02
4.170839485665749748e+02
3.350755632928144792e+02
3.027667870875995959e+02
4.837371811762520792e+02
3.661641827838528229e+02
4.975325979328960102e+02
5.831315752839120705e+02
4.162417444155456678e+02
3.614411650682144455e+02
4.808979571855533095e+02
4.808979571855533095e+02
4.734098023283818293e+02
5.186532759418214482e+02
5.750180054018527471e+02
4.705152705598702596e+02
5.707790337753415315e+02
6.144256128628959459e+02
4.956870607702120992e+02
5.209382092371644148e+02
3.926321038994811374e+02
5.465076097786871969e+02
5.360435297989313312e+02
7.072131737251377217e+02
4.555928596853140107e+02
4.555928596853140107e+02
4.312203703820897545e+02
4.312203703820897545e+02
6.452784386037812965e+02
4.897948141060170997e+02
6.004272941350288875e+02
5.511547661635355553e+02
5.511547661635355553e+02
4.876716833638248545e+02
4.855501433014117652e+02
4.876716833638248545e+02
4.880667170031153432e+02
4.851506583601490092e+02
4.570695890555784899e+02
4.453145076060195038e+02
4.504447846770220281e+02
4.102748897250892810e+02
4.141478325142289805e+02
5.726285832508488056e+02
6.026486982619286437e+02
4.692006347894405849e+02
4.669085310730052356e+02
4.696240835531301627e+02
5.490986362413544839e+02
4.792222290865146306e+02
6.190944686540267412e+02
6.234463594888136413e+02
4.147774639702646482e+02
4.788213698663818150e+02
4.929735921854179423e+02
4.572672139992956204e+02
4.455305180169226560e+02
5.338987174116160759e+02
5.338987174116160759e+02
5.338987174116160759e+02
4.797230248713195238e+02
4.797230248713195238e+02
4.797230248713195238e+02
6.483976513207655898e+02
4.500682678856368852e+02
5.338497488700851363e+02
3.465493914888245399e+02
3.465493914888081122e+02
3.465493914888081122e+02
3.644046843212396425e+02
3.679575516104340522e+02
4.506899883126844770e+02
3.738568433238361308e+02
4.982276769623723567e+02
3.558857414816166624e+02
3.558857414816225742e+02
3.593053389713076058e+02
3.297613417591152256e+02
3.664568613420339034e+02
3.424603009485057328e+02
4.368730355166491677e+02
5.158084951721543803e+02
5.158084951721543803e+02
4.974373394712232539e+02
4.837077048935037737e+02
4.203072232467106915e+02
5.529289982046620935e+02
4.833542318006104210e+02
5.788987202903950902e+02
4.807502379695838499e+02
3.485261535711092620e+02
5.361184795137816081e+02
5.361184795138949539e+02
5.361184795137816081e+02
3.914333389575298838e+02
3.919299361434290745e+02
3.887376488702429924e+02
3.919299361434290745e+02
4.696639011925371960e+02
4.383681082604142603e+02
3.971734464743104809e+02
3.853564694142647227e+02
4.680802754834242592e+02
5.244161903336404293e+02
5.477151214485991204e+02
4.940926046805376473e+02
3.374997251853064881e+02
3.374997251853064881e+02
5.134640958623643883e+02
6.338699668741548976e+02
4.350568711020149522e+02
4.606214802177898946e+02
4.875750103847716446e+02
5.608277670062802827e+02
5.522758278646172130e+02
5.244695519902801379e+02
5.244695519902801379e+02
4.856079974079924568e+02
7.189294655351795882e+02
5.382324091149716878e+02
5.950406816915384525e+02
5.948199723166612785e+02
4.810906202550729063e+02
5.664953668814179082e+02
4.514629169164210225e+02
4.344682824616430707e+02
4.679732740780286235e+02
3.576904671645404505e+02
5.007324661359155584e+02
5.007324661359155584e+02
5.007324661359155584e+02
6.213049105232403235e+02
5.379078037157827339e+02
5.523774113170028386e+02
4.697277508141129374e+02
5.216059207284432659e+02
3.777571305119448652e+02
3.950147814058831273e+02
3.219733679078428281e+02
3.487326584031486618e+02
3.331500582269724191e+02
3.845799164602607334e+02
3.845799164602607334e+02
2.207196690590488117e+02
2.248790272335286602e+02
3.397526607587070089e+02
2.313993085783477568e+02
3.180556947667865870e+02
2.818448939875408996e+02
3.191649100835843456e+02
2.946717255043465684e+02
1.898455934941140413e+02
3.195987164335099351e+02
4.613098795191631893e+02
3.932441279951074193e+02
5.005476756145347963e+02
4.872470544241928110e+02
2.482606254534738923e+02
4.637950817422158707e+02
4.637950817422133696e+02
2.653706476141541657e+02
4.262096019531539923e+02
5.322245260829572544e+02
4.585999374257814907e+02
2.544203142855062652e+02
3.661282148059007113e+02
2.497784012457644565e+02
2.403374327099214440e+02
2.699684267211790711e+02
5.803288421545199753e+02
4.835222920941929488e+02
4.781743417069383213e+02
5.346353890426055386e+02
4.835814007105238375e+02
5.438313338627825715e+02
5.438313338627825715e+02
4.996930693727635457e+02
4.996930693727635457e+02
6.141802913211736268e+02
3.900762129948868164e+02
3.677082170198954145e+02
2.724143538481174573e+02
5.075444741770812698e+02
5.075444741770812698e+02
4.395840763966972418e+02
4.395840763966972418e+02
4.395840763966972418e+02
4.439515331660586526e+02
5.174810522554150793e+02
4.426359680459212882e+02
3.640865113777114743e+02
4.421784739139446287e+02
3.605312216909545668e+02
7.190454008824137873e+02
6.012353476839288078e+02
5.091678583012582067e+02
4.242956585997631578e+02
4.242956585997631578e+02
4.207175893581226092e+02
4.207175893581226092e+02
4.976027287777967558e+02
4.976027287777967558e+02
4.817572903973326106e+02
4.817572903973326106e+02
4.817572903973326106e+02
4.012288707544873319e+02
4.012288707544873319e+02
3.972070726890143533e+02
3.972070726890143533e+02
4.561994859107920206e+02
3.436551636910659795e+02
4.318319920734562061e+02
4.318319920734562061e+02
4.318319920734562061e+02
4.336568697581517426e+02
4.110082749079497830e+02
4.110082749079497830e+02
4.110082749079497830e+02
4.110082749079497830e+02
4.127680604590690336e+02
4.127680604590690336e+02
4.110082749079497830e+02
4.110082749079497830e+02
4.867041168063708483e+02
5.601912227827723427e+02
5.367663371088606254e+02
4.542823662569444423e+02
3.895619888457698607e+02
3.895619888457698607e+02
3.895619888457698607e+02
3.915849062214026617e+02
5.359626918903501291e+02
4.630150951990885346e+02
4.650457277379669563e+02
4.338432143372284600e+02
6.205821997762884621e+02
6.435235200462598186e+02
3.864120918748424174e+02
3.864120918748424174e+02
3.951593583774081822e+02
3.929079701347167202e+02
5.098254987669652110e+02
5.098254987669652110e+02
5.098254987669652110e+02
5.098254987669652110e+02
5.098254987669652110e+02
5.260415287037594680e+02
4.440252467543009516e+02
4.661303497505743394e+02
4.661303497505743394e+02
5.606643717601685921e+02
4.127359358142831525e+02
5.495523321637737126e+02
5.779065279022800041e+02
5.830385403733426983e+02
6.460662635373548710e+02
3.787744527834657902e+02
5.354205164186412276e+02
6.233697961881943002e+02
6.314530413780832987e+02
6.304723590852325970e+02
6.783202951115588348e+02
4.267458469886405510e+02
5.832069536858409720e+02
5.491462043668680053e+02
4.465504646651987173e+02
4.017796096915864723e+02
3.176611944701065795e+02
4.553514552007332554e+02
4.991348341529186996e+02
5.612852035510204587e+02
5.235139620546694914e+02
5.231989466930763228e+02
4.964667073793218606e+02
4.964667073793218606e+02
4.525083227704947717e+02
4.585090733034707000e+02
4.585090733034707000e+02
4.585090733034707000e+02
4.585090733034707000e+02
4.585090733034707000e+02
4.585090733034707000e+02
5.591362227243877214e+02
5.213280538577180323e+02
5.096485408360449583e+02
5.612658187832530530e+02
4.469868367914579039e+02
4.620508727197649250e+02
5.019892360225020411e+02
3.506228101437312716e+02
4.002169787324912704e+02
4.053068525401934039e+02
4.124243189592733643e+02
4.044073513667704560e+02
3.782062844618906752e+02
3.899558223332144848e+02
4.539563433110322990e+02
4.539563433110322990e+02
4.185240735679764725e+02
4.228779224065240783e+02
3.241133663249071901e+02
4.099737390113015749e+02
3.764658606215930945e+02
4.369977772241404637e+02
4.369977772241404637e+02
5.599986904451155851e+02
5.970101413115256719e+02
4.180594188429018914e+02
4.180594188429018914e+02
4.180594188429018914e+02
4.872465300354892861e+02
4.872465300354892861e+02
4.872465300354892861e+02
4.872465300354892861e+02
4.872465300354892861e+02
4.872465300354892861e+02
5.524190662179163382e+02
