7.126499999999999773e+02
5.531499999999999773e+02
3.883899999999999864e+02
5.651499999999999773e+02
5.701499999999999773e+02
3.292300000000000182e+02
4.061499999999999773e+02
4.752500000000000000e+02
5.271499999999999773e+02
3.241499999999999773e+02
3.821499999999999773e+02
5.431499999999999773e+02
4.441499999999999773e+02
3.254499999999999886e+02
4.151499999999999773e+02
5.481499999999999773e+02
3.771499999999999773e+02
3.941499999999999773e+02
3.271499999999999773e+02
4.311499999999999773e+02
4.151499999999999773e+02
4.631499999999999773e+02
4.001499999999999773e+02
5.278499999999999091e+02
3.381499999999999773e+02
4.271499999999999773e+02
3.611499999999999773e+02
5.541499999999999773e+02
4.316499999999999773e+02
5.111499999999999773e+02
3.961499999999999773e+02
3.391499999999999773e+02
5.421499999999999773e+02
5.071499999999999773e+02
5.621499999999999773e+02
5.751499999999999773e+02
4.761499999999999773e+02
5.151499999999999773e+02
5.381499999999999773e+02
5.401499999999999773e+02
5.241499999999999773e+02
5.671499999999999773e+02
4.476499999999999773e+02
4.141499999999999773e+02
5.381499999999999773e+02
4.267500000000000000e+02
6.501499999999999773e+02
3.311499999999999773e+02
3.871499999999999773e+02
5.221499999999999773e+02
5.791499999999999773e+02
3.532300000000000182e+02
5.411499999999999773e+02
5.691499999999999773e+02
5.301499999999999773e+02
5.401499999999999773e+02
5.491499999999999773e+02
5.201499999999999773e+02
5.181499999999999773e+02
4.931499999999999773e+02
5.831499999999999773e+02
5.341499999999999773e+02
5.141499999999999773e+02
5.801499999999999773e+02
6.741499999999999773e+02
6.331499999999999773e+02
7.531499999999999773e+02
6.741499999999999773e+02
5.856499999999999773e+02
5.233499999999999091e+02
4.641499999999999773e+02
5.871499999999999773e+02
5.748499999999999091e+02
6.251499999999999773e+02
4.791499999999999773e+02
6.331499999999999773e+02
4.584499999999999886e+02
6.111499999999999773e+02
4.931499999999999773e+02
4.276499999999999773e+02
5.011499999999999773e+02
4.581499999999999773e+02
5.731499999999999773e+02
5.944500000000000455e+02
6.431499999999999773e+02
5.611499999999999773e+02
4.931499999999999773e+02
5.541499999999999773e+02
5.181499999999999773e+02
5.011499999999999773e+02
5.851499999999999773e+02
5.581499999999999773e+02
4.971499999999999773e+02
5.611499999999999773e+02
5.051499999999999773e+02
3.869499999999999886e+02
3.688399999999999750e+02
4.636100000000000136e+02
5.056499999999999773e+02
7.251499999999999773e+02
5.283499999999999091e+02
5.931499999999999773e+02
5.461499999999999773e+02
5.561499999999999773e+02
5.781499999999999773e+02
4.796499999999999773e+02
5.181499999999999773e+02
6.821499999999999773e+02
4.891499999999999773e+02
4.711499999999999773e+02
5.246499999999999773e+02
3.771499999999999773e+02
2.788500000000000227e+02
6.181499999999999773e+02
5.521499999999999773e+02
6.561499999999999773e+02
5.521499999999999773e+02
5.181499999999999773e+02
5.041499999999999773e+02
5.731499999999999773e+02
5.696499999999999773e+02
3.881499999999999773e+02
5.331499999999999773e+02
4.966499999999999773e+02
5.306499999999999773e+02
4.111499999999999773e+02
2.778500000000000227e+02
5.231499999999999773e+02
4.891499999999999773e+02
4.881499999999999773e+02
5.281499999999999773e+02
5.681499999999999773e+02
5.251499999999999773e+02
5.091499999999999773e+02
5.181499999999999773e+02
5.821499999999999773e+02
3.591499999999999773e+02
3.541499999999999773e+02
3.711499999999999773e+02
3.591499999999999773e+02
6.706499999999999773e+02
4.691499999999999773e+02
4.341499999999999773e+02
3.741499999999999773e+02
3.121499999999999773e+02
5.091499999999999773e+02
4.161499999999999773e+02
3.681499999999999773e+02
3.231499999999999773e+02
4.106499999999999773e+02
5.051499999999999773e+02
3.259499999999999886e+02
4.431499999999999773e+02
5.351499999999999773e+02
4.221499999999999773e+02
4.771499999999999773e+02
4.771499999999999773e+02
4.881499999999999773e+02
5.481499999999999773e+02
4.151499999999999773e+02
4.961499999999999773e+02
4.001499999999999773e+02
4.741499999999999773e+02
4.751499999999999773e+02
4.771499999999999773e+02
4.271499999999999773e+02
4.231499999999999773e+02
2.961499999999999773e+02
3.791499999999999773e+02
4.521499999999999773e+02
6.091499999999999773e+02
4.121499999999999773e+02
5.301499999999999773e+02
5.251499999999999773e+02
4.921499999999999773e+02
2.765499999999999545e+02
3.601499999999999773e+02
5.131499999999999773e+02
3.941499999999999773e+02
3.941499999999999773e+02
4.901499999999999773e+02
4.931499999999999773e+02
4.181499999999999773e+02
4.031499999999999773e+02
3.644499999999999886e+02
4.361499999999999773e+02
3.651499999999999773e+02
5.531499999999999773e+02
4.031499999999999773e+02
5.381499999999999773e+02
4.221499999999999773e+02
6.301499999999999773e+02
4.616499999999999773e+02
4.061499999999999773e+02
3.991499999999999773e+02
3.911499999999999773e+02
6.331499999999999773e+02
5.096499999999999773e+02
5.301499999999999773e+02
5.206499999999999773e+02
3.324900000000000091e+02
4.196499999999999773e+02
4.051499999999999773e+02
3.341499999999999773e+02
3.432500000000000000e+02
3.461499999999999773e+02
4.451499999999999773e+02
5.541499999999999773e+02
4.441499999999999773e+02
4.221499999999999773e+02
4.571499999999999773e+02
3.761499999999999773e+02
2.991499999999999773e+02
2.153199999999999932e+02
4.246499999999999773e+02
4.981499999999999773e+02
4.881499999999999773e+02
2.841499999999999773e+02
2.831499999999999773e+02
4.251499999999999773e+02
2.726600000000000250e+02
4.695699999999999932e+02
5.026499999999999773e+02
5.061499999999999773e+02
5.631499999999999773e+02
4.586499999999999773e+02
4.686499999999999773e+02
6.036499999999999773e+02
4.368500000000000227e+02
3.725500000000000114e+02
4.431499999999999773e+02
3.741499999999999773e+02
3.753500000000000227e+02
2.768700000000000045e+02
4.591499999999999773e+02
4.321499999999999773e+02
3.931499999999999773e+02
4.421499999999999773e+02
4.421499999999999773e+02
3.943500000000000227e+02
3.701499999999999773e+02
3.941499999999999773e+02
4.551499999999999773e+02
2.791499999999999773e+02
4.441499999999999773e+02
5.071499999999999773e+02
5.026499999999999773e+02
5.021499999999999773e+02
3.811499999999999773e+02
4.571499999999999773e+02
3.931499999999999773e+02
3.358600000000000136e+02
4.721499999999999773e+02
5.341499999999999773e+02
5.141499999999999773e+02
4.881499999999999773e+02
4.464499999999999886e+02
5.591499999999999773e+02
5.221499999999999773e+02
5.651499999999999773e+02
4.541499999999999773e+02
4.151499999999999773e+02
5.041499999999999773e+02
4.447500000000000000e+02
4.666499999999999773e+02
4.801499999999999773e+02
5.351499999999999773e+02
3.779499999999999886e+02
3.621499999999999773e+02
3.458500000000000227e+02
5.421499999999999773e+02
3.935500000000000114e+02
4.771499999999999773e+02
5.441499999999999773e+02
4.081499999999999773e+02
3.981499999999999773e+02
4.368500000000000227e+02
4.961499999999999773e+02
4.731499999999999773e+02
4.661499999999999773e+02
3.432500000000000000e+02
5.061499999999999773e+02
3.965500000000000114e+02
5.611499999999999773e+02
3.511499999999999773e+02
3.371499999999999773e+02
5.131499999999999773e+02
4.591499999999999773e+02
5.021499999999999773e+02
5.221499999999999773e+02
5.241499999999999773e+02
5.171499999999999773e+02
5.361499999999999773e+02
4.182500000000000000e+02
3.901499999999999773e+02
6.161499999999999773e+02
4.521499999999999773e+02
3.776499999999999773e+02
3.481499999999999773e+02
3.002500000000000000e+02
5.111499999999999773e+02
4.131499999999999773e+02
3.796499999999999773e+02
4.501499999999999773e+02
4.821499999999999773e+02
6.277500000000000000e+02
3.371499999999999773e+02
2.259499999999999886e+02
1.886500000000000057e+02
4.441499999999999773e+02
5.041499999999999773e+02
5.356499999999999773e+02
4.981499999999999773e+02
3.891499999999999773e+02
5.201499999999999773e+02
2.431500000000000057e+02
5.031499999999999773e+02
4.749499999999999886e+02
4.706499999999999773e+02
5.241499999999999773e+02
5.381499999999999773e+02
5.361499999999999773e+02
5.081499999999999773e+02
4.791499999999999773e+02
5.561499999999999773e+02
4.961499999999999773e+02
4.746499999999999773e+02
4.981499999999999773e+02
5.721499999999999773e+02
5.461499999999999773e+02
5.661499999999999773e+02
3.611499999999999773e+02
3.321499999999999773e+02
4.481499999999999773e+02
4.021499999999999773e+02
3.311499999999999773e+02
3.471499999999999773e+02
3.581499999999999773e+02
3.361499999999999773e+02
3.416499999999999773e+02
4.901499999999999773e+02
4.961499999999999773e+02
5.431499999999999773e+02
4.131499999999999773e+02
4.981499999999999773e+02
4.301499999999999773e+02
2.640299999999999727e+02
2.543499999999999943e+02
4.006499999999999773e+02
5.051499999999999773e+02
4.581499999999999773e+02
5.001499999999999773e+02
3.571499999999999773e+02
5.881499999999999773e+02
2.854499999999999886e+02
2.594399999999999977e+02
4.916499999999999773e+02
4.671499999999999773e+02
4.711499999999999773e+02
4.501499999999999773e+02
4.575500000000000114e+02
3.711499999999999773e+02
3.811499999999999773e+02
4.107500000000000000e+02
4.031499999999999773e+02
3.261700000000000159e+02
4.271499999999999773e+02
2.981499999999999773e+02
4.291499999999999773e+02
4.081499999999999773e+02
3.941499999999999773e+02
5.031499999999999773e+02
3.891499999999999773e+02
4.361499999999999773e+02
4.641499999999999773e+02
2.491699999999999875e+02
3.561499999999999773e+02
3.821499999999999773e+02
5.131499999999999773e+02
4.881499999999999773e+02
5.061499999999999773e+02
5.121499999999999773e+02
3.721499999999999773e+02
3.651499999999999773e+02
3.491499999999999773e+02
5.061499999999999773e+02
4.451499999999999773e+02
5.316499999999999773e+02
4.751499999999999773e+02
4.741499999999999773e+02
3.951499999999999773e+02
5.111499999999999773e+02
5.341499999999999773e+02
5.151499999999999773e+02
3.991499999999999773e+02
4.711499999999999773e+02
5.011499999999999773e+02
5.051499999999999773e+02
3.421499999999999773e+02
3.411499999999999773e+02
4.131499999999999773e+02
5.321499999999999773e+02
5.411499999999999773e+02
5.096499999999999773e+02
3.976499999999999773e+02
4.151499999999999773e+02
5.051499999999999773e+02
6.101499999999999773e+02
4.451499999999999773e+02
3.911100000000000136e+02
3.810500000000000114e+02
5.071499999999999773e+02
4.465500000000000114e+02
4.921499999999999773e+02
6.061499999999999773e+02
5.171499999999999773e+02
6.051499999999999773e+02
3.193500000000000227e+02
4.941499999999999773e+02
4.581499999999999773e+02
4.221499999999999773e+02
4.171499999999999773e+02
3.101499999999999773e+02
3.179499999999999886e+02
4.891499999999999773e+02
3.291499999999999773e+02
4.241499999999999773e+02
5.391499999999999773e+02
5.351499999999999773e+02
4.617500000000000000e+02
5.691499999999999773e+02
2.611899999999999977e+02
3.991499999999999773e+02
4.352500000000000000e+02
5.361499999999999773e+02
2.895000000000000000e+02
2.791899999999999977e+02
1.916699999999999875e+02
3.991499999999999773e+02
3.182500000000000000e+02
4.291499999999999773e+02
5.041499999999999773e+02
7.211499999999999773e+02
5.731499999999999773e+02
5.216499999999999773e+02
4.641499999999999773e+02
4.750500000000000114e+02
3.341499999999999773e+02
3.346499999999999773e+02
2.271500000000000057e+02
3.561499999999999773e+02
4.651499999999999773e+02
3.719499999999999886e+02
4.754499999999999886e+02
5.591499999999999773e+02
6.161499999999999773e+02
3.919499999999999886e+02
4.535500000000000114e+02
3.881499999999999773e+02
3.626499999999999773e+02
5.181499999999999773e+02
4.561499999999999773e+02
5.061499999999999773e+02
5.561499999999999773e+02
4.811499999999999773e+02
5.496499999999999773e+02
4.340500000000000114e+02
4.811499999999999773e+02
4.371499999999999773e+02
5.101499999999999773e+02
4.454499999999999886e+02
4.751499999999999773e+02
4.471499999999999773e+02
4.067500000000000000e+02
5.121499999999999773e+02
4.861499999999999773e+02
4.651499999999999773e+02
4.536499999999999773e+02
4.451499999999999773e+02
4.201499999999999773e+02
5.671499999999999773e+02
4.461499999999999773e+02
4.221499999999999773e+02
4.242500000000000000e+02
4.131499999999999773e+02
4.181499999999999773e+02
4.311499999999999773e+02
3.223500000000000227e+02
4.066499999999999773e+02
4.991499999999999773e+02
4.053500000000000227e+02
4.036499999999999773e+02
3.173500000000000227e+02
4.091499999999999773e+02
4.961499999999999773e+02
2.421500000000000057e+02
3.921499999999999773e+02
4.553500000000000227e+02
2.371500000000000057e+02
4.451499999999999773e+02
3.841499999999999773e+02
4.371499999999999773e+02
4.689499999999999886e+02
4.851499999999999773e+02
5.351499999999999773e+02
5.141499999999999773e+02
5.431499999999999773e+02
4.901499999999999773e+02
4.891499999999999773e+02
4.851499999999999773e+02
4.921499999999999773e+02
4.441499999999999773e+02
4.465500000000000114e+02
4.444499999999999886e+02
5.221499999999999773e+02
5.711499999999999773e+02
5.521499999999999773e+02
4.471499999999999773e+02
4.410500000000000114e+02
3.671499999999999773e+02
4.231499999999999773e+02
5.731499999999999773e+02
5.583499999999999091e+02
5.711499999999999773e+02
4.421499999999999773e+02
4.871499999999999773e+02
6.306499999999999773e+02
4.311499999999999773e+02
4.495500000000000114e+02
4.311499999999999773e+02
3.534499999999999886e+02
3.659499999999999886e+02
4.681499999999999773e+02
3.656499999999999773e+02
4.581499999999999773e+02
4.044499999999999886e+02
3.801499999999999773e+02
5.011499999999999773e+02
3.459499999999999886e+02
3.701499999999999773e+02
4.121499999999999773e+02
5.421499999999999773e+02
5.441499999999999773e+02
4.954499999999999886e+02
5.281499999999999773e+02
4.371499999999999773e+02
4.921499999999999773e+02
4.046499999999999773e+02
4.951499999999999773e+02
4.916499999999999773e+02
4.901499999999999773e+02
4.711499999999999773e+02
4.351499999999999773e+02
5.479500000000000455e+02
5.091499999999999773e+02
4.147500000000000000e+02
3.802500000000000000e+02
5.451499999999999773e+02
4.251499999999999773e+02
5.261499999999999773e+02
5.421499999999999773e+02
5.171499999999999773e+02
5.306499999999999773e+02
6.111499999999999773e+02
5.421499999999999773e+02
4.401499999999999773e+02
5.931499999999999773e+02
5.071499999999999773e+02
3.931499999999999773e+02
3.856499999999999773e+02
3.061499999999999773e+02
5.181499999999999773e+02
5.461499999999999773e+02
4.533500000000000227e+02
4.470500000000000114e+02
5.741499999999999773e+02
6.261499999999999773e+02
5.151499999999999773e+02
5.901499999999999773e+02
3.881499999999999773e+02
4.068500000000000227e+02
3.751499999999999773e+02
3.891499999999999773e+02
4.051499999999999773e+02
4.285500000000000114e+02
5.141499999999999773e+02
4.641499999999999773e+02
3.197400000000000091e+02
2.891999999999999886e+02
2.951499999999999773e+02
3.781499999999999773e+02
4.951499999999999773e+02
3.302999999999999545e+02
4.201499999999999773e+02
3.331499999999999773e+02
4.171499999999999773e+02
3.469200000000000159e+02
2.820099999999999909e+02
3.511499999999999773e+02
3.638500000000000227e+02
3.193999999999999773e+02
4.781499999999999773e+02
5.051499999999999773e+02
4.021499999999999773e+02
3.811499999999999773e+02
4.921499999999999773e+02
5.641499999999999773e+02
5.586499999999999773e+02
4.531499999999999773e+02
5.286499999999999773e+02
5.316499999999999773e+02
4.181499999999999773e+02
5.191499999999999773e+02
3.231499999999999773e+02
4.560500000000000114e+02
4.831499999999999773e+02
4.991499999999999773e+02
5.061499999999999773e+02
3.615500000000000114e+02
3.939499999999999886e+02
4.606499999999999773e+02
4.441499999999999773e+02
3.781499999999999773e+02
3.771499999999999773e+02
3.661499999999999773e+02
4.711499999999999773e+02
2.763199999999999932e+02
4.381499999999999773e+02
4.731499999999999773e+02
4.671499999999999773e+02
5.562500000000000000e+02
3.009700000000000273e+02
5.241499999999999773e+02
4.341499999999999773e+02
7.361499999999999773e+02
4.921499999999999773e+02
4.021499999999999773e+02
3.751499999999999773e+02
3.591499999999999773e+02
3.741499999999999773e+02
4.121499999999999773e+02
5.281499999999999773e+02
3.285499999999999545e+02
4.946499999999999773e+02
4.626499999999999773e+02
5.241499999999999773e+02
4.565500000000000114e+02
4.571499999999999773e+02
5.731499999999999773e+02
4.791499999999999773e+02
4.591499999999999773e+02
4.601499999999999773e+02
4.511499999999999773e+02
5.741499999999999773e+02
5.186499999999999773e+02
5.281499999999999773e+02
4.731499999999999773e+02
5.051499999999999773e+02
5.431499999999999773e+02
4.911499999999999773e+02
4.671499999999999773e+02
4.171499999999999773e+02
3.076000000000000227e+02
4.871499999999999773e+02
4.331499999999999773e+02
3.586499999999999773e+02
4.496499999999999773e+02
4.831499999999999773e+02
4.731499999999999773e+02
4.821499999999999773e+02
4.781499999999999773e+02
5.011499999999999773e+02
5.581499999999999773e+02
4.591499999999999773e+02
4.193500000000000227e+02
5.101499999999999773e+02
5.641499999999999773e+02
4.641499999999999773e+02
5.171499999999999773e+02
5.781499999999999773e+02
3.652500000000000000e+02
5.761499999999999773e+02
4.061499999999999773e+02
3.670500000000000114e+02
3.620500000000000114e+02
3.726499999999999773e+02
2.491299999999999955e+02
1.875800000000000125e+02
2.200500000000000114e+02
3.023999999999999773e+02
2.731499999999999773e+02
5.421499999999999773e+02
5.311499999999999773e+02
5.681499999999999773e+02
4.931499999999999773e+02
6.521499999999999773e+02
5.781499999999999773e+02
4.601499999999999773e+02
5.451499999999999773e+02
3.672500000000000000e+02
5.211499999999999773e+02
5.161499999999999773e+02
6.111499999999999773e+02
4.731499999999999773e+02
4.696499999999999773e+02
3.911499999999999773e+02
4.833500000000000227e+02
5.101499999999999773e+02
3.681499999999999773e+02
3.631499999999999773e+02
3.955500000000000114e+02
5.331499999999999773e+02
5.201499999999999773e+02
5.581499999999999773e+02
4.731499999999999773e+02
4.951499999999999773e+02
3.958500000000000227e+02
5.696499999999999773e+02
6.431499999999999773e+02
4.451499999999999773e+02
4.841499999999999773e+02
3.571499999999999773e+02
4.778500000000000227e+02
4.834499999999999886e+02
4.501499999999999773e+02
3.415499999999999545e+02
3.931499999999999773e+02
4.001499999999999773e+02
4.791499999999999773e+02
4.861499999999999773e+02
3.581499999999999773e+02
3.154499999999999886e+02
5.171499999999999773e+02
3.771499999999999773e+02
5.341499999999999773e+02
3.505499999999999545e+02
5.436499999999999773e+02
3.361499999999999773e+02
2.804499999999999886e+02
5.396499999999999773e+02
4.234499999999999886e+02
3.976499999999999773e+02
4.961499999999999773e+02
4.871499999999999773e+02
5.011499999999999773e+02
4.806499999999999773e+02
4.881499999999999773e+02
4.561499999999999773e+02
6.331499999999999773e+02
5.371499999999999773e+02
4.806499999999999773e+02
4.696499999999999773e+02
4.751499999999999773e+02
5.501499999999999773e+02
6.121499999999999773e+02
4.521499999999999773e+02
5.081499999999999773e+02
5.627500000000000000e+02
3.421499999999999773e+02
3.741499999999999773e+02
3.311499999999999773e+02
3.992500000000000000e+02
4.101499999999999773e+02
3.918500000000000227e+02
4.021499999999999773e+02
3.143899999999999864e+02
3.111499999999999773e+02
4.271499999999999773e+02
3.926499999999999773e+02
3.975500000000000114e+02
4.781499999999999773e+02
4.451499999999999773e+02
4.531499999999999773e+02
3.991499999999999773e+02
3.609499999999999886e+02
3.650500000000000114e+02
3.638500000000000227e+02
3.781499999999999773e+02
2.941499999999999773e+02
5.071499999999999773e+02
6.231499999999999773e+02
3.981499999999999773e+02
3.931499999999999773e+02
2.483700000000000045e+02
4.251499999999999773e+02
3.691499999999999773e+02
4.161499999999999773e+02
4.137500000000000000e+02
4.081499999999999773e+02
4.101499999999999773e+02
4.081499999999999773e+02
5.181499999999999773e+02
4.661499999999999773e+02
4.301499999999999773e+02
3.871499999999999773e+02
3.799499999999999886e+02
3.825500000000000114e+02
3.850500000000000114e+02
4.571499999999999773e+02
5.061499999999999773e+02
3.751499999999999773e+02
3.861499999999999773e+02
3.740500000000000114e+02
4.791499999999999773e+02
3.551499999999999773e+02
4.671499999999999773e+02
5.582500000000000000e+02
4.301499999999999773e+02
4.751499999999999773e+02
4.836499999999999773e+02
4.501499999999999773e+02
4.691499999999999773e+02
5.401499999999999773e+02
5.371499999999999773e+02
5.361499999999999773e+02
5.491499999999999773e+02
5.261499999999999773e+02
5.231499999999999773e+02
5.556499999999999773e+02
5.241499999999999773e+02
5.471499999999999773e+02
5.161499999999999773e+02
5.021499999999999773e+02
4.371499999999999773e+02
4.301499999999999773e+02
4.331499999999999773e+02
4.339499999999999886e+02
5.381499999999999773e+02
4.971499999999999773e+02
4.782500000000000000e+02
4.781499999999999773e+02
4.971499999999999773e+02
4.365500000000000114e+02
3.241499999999999773e+02
3.291499999999999773e+02
3.671499999999999773e+02
3.629499999999999886e+02
3.591499999999999773e+02
4.091499999999999773e+02
4.151499999999999773e+02
3.981499999999999773e+02
3.571499999999999773e+02
3.501499999999999773e+02
3.456499999999999773e+02
3.564499999999999886e+02
3.641499999999999773e+02
3.498500000000000227e+02
3.561499999999999773e+02
5.011499999999999773e+02
4.931499999999999773e+02
4.371499999999999773e+02
4.171499999999999773e+02
4.491499999999999773e+02
4.021499999999999773e+02
3.783500000000000227e+02
4.373500000000000227e+02
3.771499999999999773e+02
4.641499999999999773e+02
4.611499999999999773e+02
5.181499999999999773e+02
4.341499999999999773e+02
4.287500000000000000e+02
5.081499999999999773e+02
4.342500000000000000e+02
4.301499999999999773e+02
4.171499999999999773e+02
4.522500000000000000e+02
4.450500000000000114e+02
4.321499999999999773e+02
4.381499999999999773e+02
4.405799999999999841e+02
5.401499999999999773e+02
5.412500000000000000e+02
5.331499999999999773e+02
5.621499999999999773e+02
4.701499999999999773e+02
3.104700000000000273e+02
5.531499999999999773e+02
5.611499999999999773e+02
4.756499999999999773e+02
4.187500000000000000e+02
4.311499999999999773e+02
4.141499999999999773e+02
4.101499999999999773e+02
4.121499999999999773e+02
4.181499999999999773e+02
5.421499999999999773e+02
5.921499999999999773e+02
5.691499999999999773e+02
5.701499999999999773e+02
5.781499999999999773e+02
4.586499999999999773e+02
4.421499999999999773e+02
6.441499999999999773e+02
4.671499999999999773e+02
4.591499999999999773e+02
5.911499999999999773e+02
6.861499999999999773e+02
5.808499999999999091e+02
5.621499999999999773e+02
6.881499999999999773e+02
6.981499999999999773e+02
3.781499999999999773e+02
3.743500000000000227e+02
3.484499999999999886e+02
4.491499999999999773e+02
4.771499999999999773e+02
4.601499999999999773e+02
6.141499999999999773e+02
5.731499999999999773e+02
5.782500000000000000e+02
6.251499999999999773e+02
5.601499999999999773e+02
5.641499999999999773e+02
5.891499999999999773e+02
5.841499999999999773e+02
6.156499999999999773e+02
6.041499999999999773e+02
5.831499999999999773e+02
5.589500000000000455e+02
5.531499999999999773e+02
6.331499999999999773e+02
5.731499999999999773e+02
5.501499999999999773e+02
5.311499999999999773e+02
6.171499999999999773e+02
5.406499999999999773e+02
5.373499999999999091e+02
5.231499999999999773e+02
5.751499999999999773e+02
6.331499999999999773e+02
5.731499999999999773e+02
5.541499999999999773e+02
6.331499999999999773e+02
5.801499999999999773e+02
6.021499999999999773e+02
5.621499999999999773e+02
6.031499999999999773e+02
5.673499999999999091e+02
4.011499999999999773e+02
6.021499999999999773e+02
4.731499999999999773e+02
4.341499999999999773e+02
4.136499999999999773e+02
5.001499999999999773e+02
3.806499999999999773e+02
4.691499999999999773e+02
3.632500000000000000e+02
4.851499999999999773e+02
5.921499999999999773e+02
5.211499999999999773e+02
4.159499999999999886e+02
4.726499999999999773e+02
7.111499999999999773e+02
3.856499999999999773e+02
3.011499999999999773e+02
3.571499999999999773e+02
6.421499999999999773e+02
6.931499999999999773e+02
6.801499999999999773e+02
6.401499999999999773e+02
4.894499999999999886e+02
5.721499999999999773e+02
6.211499999999999773e+02
5.492500000000000000e+02
5.501499999999999773e+02
5.721499999999999773e+02
5.372500000000000000e+02
5.221499999999999773e+02
5.201499999999999773e+02
4.865500000000000114e+02
5.381499999999999773e+02
5.281499999999999773e+02
6.021499999999999773e+02
6.041499999999999773e+02
4.881499999999999773e+02
4.861499999999999773e+02
7.431499999999999773e+02
6.172500000000000000e+02
6.731499999999999773e+02
6.291499999999999773e+02
3.299499999999999886e+02
4.981499999999999773e+02
4.981499999999999773e+02
3.851399999999999864e+02
3.365499999999999545e+02
5.001499999999999773e+02
4.621499999999999773e+02
1.845699999999999932e+02
3.900500000000000114e+02
4.706499999999999773e+02
4.411499999999999773e+02
4.571499999999999773e+02
5.331499999999999773e+02
4.611499999999999773e+02
4.171499999999999773e+02
3.081499999999999773e+02
3.513899999999999864e+02
4.434499999999999886e+02
4.541499999999999773e+02
4.796499999999999773e+02
5.411499999999999773e+02
3.231499999999999773e+02
5.061499999999999773e+02
5.211499999999999773e+02
5.271499999999999773e+02
4.429499999999999886e+02
5.681499999999999773e+02
5.591499999999999773e+02
4.051499999999999773e+02
3.811499999999999773e+02
4.078500000000000227e+02
4.297500000000000000e+02
4.471499999999999773e+02
3.611499999999999773e+02
4.651499999999999773e+02
4.681499999999999773e+02
3.746499999999999773e+02
5.551499999999999773e+02
5.401499999999999773e+02
5.561499999999999773e+02
4.901499999999999773e+02
5.241499999999999773e+02
5.211499999999999773e+02
5.721499999999999773e+02
4.083500000000000227e+02
4.441499999999999773e+02
4.781499999999999773e+02
3.502500000000000000e+02
4.531499999999999773e+02
4.946499999999999773e+02
4.931499999999999773e+02
4.971499999999999773e+02
4.811499999999999773e+02
3.720500000000000114e+02
2.897500000000000000e+02
4.221499999999999773e+02
5.441499999999999773e+02
5.671499999999999773e+02
5.831499999999999773e+02
4.511499999999999773e+02
4.861499999999999773e+02
4.871499999999999773e+02
4.903500000000000227e+02
4.771499999999999773e+02
4.093500000000000227e+02
5.441499999999999773e+02
5.141499999999999773e+02
4.921499999999999773e+02
4.856499999999999773e+02
5.691499999999999773e+02
4.321499999999999773e+02
5.361499999999999773e+02
4.501499999999999773e+02
4.651499999999999773e+02
4.591499999999999773e+02
4.511499999999999773e+02
4.641499999999999773e+02
4.251499999999999773e+02
4.361499999999999773e+02
3.942500000000000000e+02
4.661499999999999773e+02
4.281499999999999773e+02
4.131499999999999773e+02
3.378500000000000227e+02
4.091499999999999773e+02
4.131499999999999773e+02
3.921499999999999773e+02
4.341499999999999773e+02
4.941499999999999773e+02
4.361499999999999773e+02
4.581499999999999773e+02
4.171499999999999773e+02
5.106499999999999773e+02
4.571499999999999773e+02
4.021499999999999773e+02
3.641499999999999773e+02
4.101499999999999773e+02
4.201499999999999773e+02
4.351499999999999773e+02
4.091499999999999773e+02
5.431499999999999773e+02
4.891499999999999773e+02
4.636499999999999773e+02
3.886499999999999773e+02
3.431499999999999773e+02
4.049499999999999886e+02
4.691499999999999773e+02
4.091499999999999773e+02
4.676499999999999773e+02
4.841499999999999773e+02
3.766499999999999773e+02
4.941499999999999773e+02
3.793500000000000227e+02
3.091499999999999773e+02
5.151499999999999773e+02
4.671499999999999773e+02
4.876499999999999773e+02
4.281499999999999773e+02
4.561499999999999773e+02
4.721499999999999773e+02
5.031499999999999773e+02
3.731499999999999773e+02
4.911499999999999773e+02
3.096499999999999773e+02
4.611499999999999773e+02
4.571499999999999773e+02
4.591499999999999773e+02
4.671499999999999773e+02
4.621499999999999773e+02
4.076499999999999773e+02
4.071499999999999773e+02
4.151499999999999773e+02
3.961499999999999773e+02
3.914499999999999886e+02
4.536499999999999773e+02
4.701499999999999773e+02
5.641499999999999773e+02
5.641499999999999773e+02
4.871499999999999773e+02
5.491499999999999773e+02
1.693799999999999955e+02
3.271499999999999773e+02
4.021499999999999773e+02
4.311499999999999773e+02
4.411499999999999773e+02
4.701499999999999773e+02
4.491499999999999773e+02
3.931499999999999773e+02
4.831499999999999773e+02
3.651499999999999773e+02
4.699499999999999886e+02
3.681499999999999773e+02
4.162500000000000000e+02
4.141499999999999773e+02
4.611499999999999773e+02
4.521499999999999773e+02
6.071499999999999773e+02
4.686499999999999773e+02
4.341499999999999773e+02
3.916499999999999773e+02
5.161499999999999773e+02
4.381499999999999773e+02
5.006499999999999773e+02
4.593500000000000227e+02
4.481499999999999773e+02
4.396499999999999773e+02
4.731499999999999773e+02
4.451499999999999773e+02
4.151499999999999773e+02
5.041499999999999773e+02
6.521499999999999773e+02
3.741499999999999773e+02
5.581499999999999773e+02
3.681499999999999773e+02
4.291499999999999773e+02
5.706499999999999773e+02
4.581499999999999773e+02
4.041499999999999773e+02
5.651499999999999773e+02
4.101499999999999773e+02
4.191499999999999773e+02
4.521499999999999773e+02
3.291499999999999773e+02
3.851499999999999773e+02
3.411499999999999773e+02
4.661499999999999773e+02
3.271499999999999773e+02
3.871499999999999773e+02
3.804499999999999886e+02
4.789499999999999886e+02
4.301499999999999773e+02
3.891499999999999773e+02
4.691499999999999773e+02
5.351499999999999773e+02
5.391499999999999773e+02
5.096499999999999773e+02
4.601499999999999773e+02
3.778500000000000227e+02
3.073500000000000227e+02
5.041499999999999773e+02
4.891499999999999773e+02
4.941499999999999773e+02
4.901499999999999773e+02
4.771499999999999773e+02
5.001499999999999773e+02
5.091499999999999773e+02
4.081499999999999773e+02
4.801499999999999773e+02
3.594499999999999886e+02
4.291499999999999773e+02
4.266499999999999773e+02
4.421499999999999773e+02
4.201499999999999773e+02
3.946499999999999773e+02
4.011499999999999773e+02
3.941499999999999773e+02
3.941499999999999773e+02
3.301499999999999773e+02
3.921499999999999773e+02
2.791499999999999773e+02
4.111499999999999773e+02
4.131499999999999773e+02
4.131499999999999773e+02
4.071499999999999773e+02
4.531499999999999773e+02
4.461499999999999773e+02
3.887500000000000000e+02
3.913500000000000227e+02
4.361499999999999773e+02
3.823500000000000227e+02
5.466499999999999773e+02
3.841499999999999773e+02
4.711499999999999773e+02
4.531499999999999773e+02
3.397500000000000000e+02
5.781499999999999773e+02
5.311499999999999773e+02
5.321499999999999773e+02
2.906499999999999773e+02
5.056499999999999773e+02
5.186499999999999773e+02
5.701499999999999773e+02
4.594499999999999886e+02
4.636499999999999773e+02
4.971499999999999773e+02
4.167500000000000000e+02
6.241499999999999773e+02
6.291499999999999773e+02
6.301499999999999773e+02
6.301499999999999773e+02
4.381499999999999773e+02
4.361499999999999773e+02
4.791499999999999773e+02
4.946499999999999773e+02
4.641499999999999773e+02
5.296499999999999773e+02
4.281499999999999773e+02
3.665500000000000114e+02
4.521499999999999773e+02
4.151499999999999773e+02
4.151499999999999773e+02
3.671499999999999773e+02
3.681499999999999773e+02
3.911499999999999773e+02
4.776499999999999773e+02
4.915500000000000114e+02
4.911200000000000045e+02
5.201499999999999773e+02
5.331499999999999773e+02
5.011499999999999773e+02
4.871499999999999773e+02
5.466499999999999773e+02
5.671499999999999773e+02
5.201499999999999773e+02
5.381499999999999773e+02
4.511499999999999773e+02
3.581499999999999773e+02
3.720500000000000114e+02
3.361499999999999773e+02
4.685500000000000114e+02
4.901499999999999773e+02
3.916499999999999773e+02
3.921499999999999773e+02
4.221499999999999773e+02
4.391499999999999773e+02
4.411499999999999773e+02
5.161499999999999773e+02
4.941499999999999773e+02
4.941499999999999773e+02
4.621499999999999773e+02
4.631499999999999773e+02
5.811499999999999773e+02
3.801499999999999773e+02
3.871499999999999773e+02
4.801499999999999773e+02
4.171499999999999773e+02
4.481499999999999773e+02
4.931499999999999773e+02
4.091499999999999773e+02
4.911499999999999773e+02
4.382500000000000000e+02
4.344499999999999886e+02
4.351499999999999773e+02
4.401499999999999773e+02
3.341499999999999773e+02
4.051499999999999773e+02
4.851499999999999773e+02
4.841499999999999773e+02
4.871499999999999773e+02
5.376499999999999773e+02
3.091499999999999773e+02
4.471499999999999773e+02
4.306499999999999773e+02
4.906499999999999773e+02
4.491499999999999773e+02
6.531499999999999773e+02
5.671499999999999773e+02
6.162500000000000000e+02
4.411499999999999773e+02
3.451499999999999773e+02
4.481499999999999773e+02
4.611499999999999773e+02
4.551499999999999773e+02
3.578500000000000227e+02
5.051499999999999773e+02
5.011499999999999773e+02
4.561499999999999773e+02
4.831499999999999773e+02
4.619499999999999886e+02
4.621499999999999773e+02
5.211499999999999773e+02
5.261499999999999773e+02
3.041499999999999773e+02
2.961499999999999773e+02
3.761499999999999773e+02
3.696499999999999773e+02
4.621499999999999773e+02
5.691499999999999773e+02
2.356100000000000136e+02
3.581499999999999773e+02
2.009499999999999886e+02
3.951499999999999773e+02
3.611499999999999773e+02
4.617500000000000000e+02
4.561499999999999773e+02
1.948400000000000034e+02
4.276499999999999773e+02
4.321499999999999773e+02
4.301499999999999773e+02
4.151499999999999773e+02
2.852500000000000000e+02
4.861499999999999773e+02
4.851499999999999773e+02
4.701499999999999773e+02
4.781499999999999773e+02
4.191499999999999773e+02
3.361499999999999773e+02
4.241499999999999773e+02
4.511499999999999773e+02
4.586499999999999773e+02
4.691499999999999773e+02
2.701499999999999773e+02
2.631499999999999773e+02
3.501499999999999773e+02
2.581499999999999773e+02
2.491500000000000057e+02
2.661499999999999773e+02
3.981499999999999773e+02
3.801499999999999773e+02
3.871499999999999773e+02
3.891499999999999773e+02
3.897500000000000000e+02
3.876499999999999773e+02
3.737500000000000000e+02
3.766499999999999773e+02
6.421499999999999773e+02
7.231499999999999773e+02
3.044499999999999886e+02
4.201499999999999773e+02
4.461499999999999773e+02
5.041499999999999773e+02
4.186499999999999773e+02
4.931499999999999773e+02
4.301499999999999773e+02
4.551499999999999773e+02
4.761499999999999773e+02
4.481499999999999773e+02
5.011499999999999773e+02
5.901499999999999773e+02
4.526499999999999773e+02
5.591499999999999773e+02
4.411499999999999773e+02
4.681499999999999773e+02
5.021499999999999773e+02
5.621499999999999773e+02
5.531499999999999773e+02
5.331499999999999773e+02
5.321499999999999773e+02
6.462500000000000000e+02
6.056499999999999773e+02
7.201499999999999773e+02
8.971499999999999773e+02
8.581499999999999773e+02
3.731499999999999773e+02
3.235499999999999545e+02
6.321499999999999773e+02
7.311499999999999773e+02
5.221499999999999773e+02
9.201499999999999773e+02
7.151499999999999773e+02
6.091499999999999773e+02
5.761499999999999773e+02
6.221499999999999773e+02
6.351499999999999773e+02
5.971499999999999773e+02
5.931499999999999773e+02
5.246499999999999773e+02
5.741499999999999773e+02
6.751499999999999773e+02
4.911499999999999773e+02
3.621499999999999773e+02
3.841499999999999773e+02
3.946499999999999773e+02
3.681499999999999773e+02
3.121499999999999773e+02
3.111499999999999773e+02
3.073299999999999841e+02
2.568100000000000023e+02
4.261499999999999773e+02
4.681499999999999773e+02
4.141499999999999773e+02
4.131499999999999773e+02
3.715299999999999727e+02
4.971499999999999773e+02
6.151499999999999773e+02
5.351499999999999773e+02
4.171499999999999773e+02
4.431499999999999773e+02
4.561499999999999773e+02
4.500500000000000114e+02
4.951499999999999773e+02
4.511499999999999773e+02
4.321499999999999773e+02
4.361499999999999773e+02
4.341499999999999773e+02
4.241499999999999773e+02
4.191499999999999773e+02
4.171499999999999773e+02
3.983500000000000227e+02
4.391499999999999773e+02
3.671499999999999773e+02
3.701499999999999773e+02
3.711499999999999773e+02
3.691499999999999773e+02
4.991499999999999773e+02
4.252500000000000000e+02
4.511499999999999773e+02
4.653500000000000227e+02
4.261499999999999773e+02
5.151499999999999773e+02
4.983500000000000227e+02
5.171499999999999773e+02
4.971499999999999773e+02
5.591499999999999773e+02
5.141499999999999773e+02
3.729499999999999886e+02
3.867500000000000000e+02
3.823500000000000227e+02
4.761499999999999773e+02
5.981499999999999773e+02
4.891499999999999773e+02
5.841499999999999773e+02
5.121499999999999773e+02
4.646999999999999886e+02
4.873500000000000227e+02
6.881499999999999773e+02
5.600499999999999545e+02
6.061499999999999773e+02
6.241499999999999773e+02
5.981499999999999773e+02
5.581499999999999773e+02
5.941499999999999773e+02
6.581499999999999773e+02
6.031499999999999773e+02
5.571499999999999773e+02
4.471499999999999773e+02
3.491499999999999773e+02
3.461499999999999773e+02
3.446499999999999773e+02
3.431499999999999773e+02
3.381499999999999773e+02
3.323500000000000227e+02
3.581499999999999773e+02
3.561499999999999773e+02
3.555499999999999545e+02
3.581499999999999773e+02
3.611499999999999773e+02
4.026499999999999773e+02
5.711499999999999773e+02
3.421499999999999773e+02
3.533500000000000227e+02
2.785499999999999545e+02
2.485500000000000114e+02
2.751499999999999773e+02
1.950600000000000023e+02
2.793199999999999932e+02
2.716600000000000250e+02
3.321499999999999773e+02
2.428100000000000023e+02
4.091499999999999773e+02
4.421499999999999773e+02
5.801499999999999773e+02
5.471499999999999773e+02
5.411499999999999773e+02
6.931499999999999773e+02
5.981499999999999773e+02
4.027500000000000000e+02
5.311499999999999773e+02
3.418700000000000045e+02
4.701499999999999773e+02
5.681499999999999773e+02
6.106499999999999773e+02
5.071499999999999773e+02
4.811499999999999773e+02
5.021499999999999773e+02
4.011499999999999773e+02
4.331499999999999773e+02
4.671499999999999773e+02
4.031499999999999773e+02
5.101499999999999773e+02
4.366499999999999773e+02
4.258500000000000227e+02
4.121499999999999773e+02
4.780500000000000114e+02
4.300500000000000114e+02
4.007500000000000000e+02
3.966499999999999773e+02
4.261499999999999773e+02
7.771499999999999773e+02
3.553500000000000227e+02
3.521499999999999773e+02
4.196499999999999773e+02
3.941499999999999773e+02
3.365499999999999545e+02
3.420499999999999545e+02
3.410000000000000000e+02
3.402099999999999795e+02
4.896499999999999773e+02
4.811499999999999773e+02
4.761499999999999773e+02
4.071499999999999773e+02
4.301499999999999773e+02
4.451499999999999773e+02
4.301499999999999773e+02
4.261499999999999773e+02
4.321499999999999773e+02
4.121499999999999773e+02
4.381499999999999773e+02
4.022500000000000000e+02
4.111499999999999773e+02
4.442500000000000000e+02
4.206499999999999773e+02
4.051499999999999773e+02
4.991499999999999773e+02
6.071499999999999773e+02
5.451499999999999773e+02
4.801499999999999773e+02
4.981499999999999773e+02
4.791499999999999773e+02
5.141499999999999773e+02
4.351499999999999773e+02
5.951499999999999773e+02
5.501499999999999773e+02
4.811499999999999773e+02
4.981499999999999773e+02
4.611499999999999773e+02
5.781499999999999773e+02
3.443500000000000227e+02
3.574499999999999886e+02
3.546499999999999773e+02
4.351499999999999773e+02
4.151499999999999773e+02
4.221499999999999773e+02
4.921499999999999773e+02
5.611499999999999773e+02
5.131499999999999773e+02
5.831499999999999773e+02
5.251499999999999773e+02
5.541499999999999773e+02
5.731499999999999773e+02
5.781499999999999773e+02
4.331499999999999773e+02
4.551499999999999773e+02
3.986499999999999773e+02
5.741499999999999773e+02
4.461499999999999773e+02
4.641499999999999773e+02
5.701499999999999773e+02
4.215500000000000114e+02
5.181499999999999773e+02
4.831499999999999773e+02
4.851499999999999773e+02
4.581499999999999773e+02
4.821499999999999773e+02
4.911499999999999773e+02
5.691499999999999773e+02
5.241499999999999773e+02
4.571499999999999773e+02
4.911499999999999773e+02
4.186499999999999773e+02
4.866499999999999773e+02
6.621499999999999773e+02
5.301499999999999773e+02
5.361499999999999773e+02
4.509499999999999886e+02
4.941499999999999773e+02
5.421499999999999773e+02
4.556499999999999773e+02
5.271499999999999773e+02
4.581499999999999773e+02
3.051499999999999773e+02
4.616499999999999773e+02
6.021499999999999773e+02
5.891499999999999773e+02
5.931499999999999773e+02
4.031499999999999773e+02
4.511499999999999773e+02
4.396499999999999773e+02
5.368499999999999091e+02
5.041499999999999773e+02
5.011499999999999773e+02
5.051499999999999773e+02
4.031499999999999773e+02
5.581499999999999773e+02
3.451499999999999773e+02
4.281499999999999773e+02
3.301499999999999773e+02
4.741499999999999773e+02
6.301499999999999773e+02
4.551499999999999773e+02
3.155499999999999545e+02
5.141499999999999773e+02
5.176499999999999773e+02
5.201499999999999773e+02
4.846499999999999773e+02
4.911499999999999773e+02
4.181499999999999773e+02
3.976499999999999773e+02
3.941499999999999773e+02
3.711499999999999773e+02
5.761499999999999773e+02
5.811499999999999773e+02
5.631499999999999773e+02
5.531499999999999773e+02
5.611499999999999773e+02
5.181499999999999773e+02
6.521499999999999773e+02
4.991499999999999773e+02
4.291499999999999773e+02
4.141499999999999773e+02
3.751499999999999773e+02
3.621499999999999773e+02
4.991499999999999773e+02
3.751499999999999773e+02
4.401499999999999773e+02
4.871499999999999773e+02
5.651499999999999773e+02
3.372500000000000000e+02
2.613999999999999773e+02
2.661499999999999773e+02
3.900500000000000114e+02
4.101499999999999773e+02
3.419499999999999886e+02
4.458500000000000227e+02
5.131499999999999773e+02
4.301499999999999773e+02
4.801499999999999773e+02
4.019499999999999886e+02
4.644499999999999886e+02
4.444499999999999886e+02
4.211499999999999773e+02
3.531499999999999773e+02
4.811499999999999773e+02
5.341499999999999773e+02
4.211499999999999773e+02
3.791499999999999773e+02
4.261499999999999773e+02
4.421499999999999773e+02
3.317500000000000000e+02
3.411499999999999773e+02
4.561499999999999773e+02
5.201499999999999773e+02
4.091499999999999773e+02
4.481499999999999773e+02
4.611499999999999773e+02
3.561499999999999773e+02
4.581499999999999773e+02
4.696499999999999773e+02
4.601499999999999773e+02
5.421499999999999773e+02
3.476499999999999773e+02
5.371499999999999773e+02
3.009800000000000182e+02
4.147500000000000000e+02
4.691499999999999773e+02
4.579499999999999886e+02
4.986499999999999773e+02
4.631499999999999773e+02
4.755500000000000114e+02
3.721499999999999773e+02
4.461499999999999773e+02
5.511499999999999773e+02
4.901499999999999773e+02
4.879499999999999886e+02
3.705500000000000114e+02
4.385500000000000114e+02
4.951499999999999773e+02
5.151499999999999773e+02
4.147500000000000000e+02
3.617500000000000000e+02
3.049499999999999886e+02
4.421499999999999773e+02
4.941499999999999773e+02
5.011499999999999773e+02
4.761499999999999773e+02
4.255500000000000114e+02
5.221499999999999773e+02
4.961499999999999773e+02
4.911499999999999773e+02
5.741499999999999773e+02
4.021499999999999773e+02
4.561499999999999773e+02
4.231499999999999773e+02
3.781499999999999773e+02
4.246499999999999773e+02
4.275500000000000114e+02
4.871499999999999773e+02
3.995500000000000114e+02
3.311499999999999773e+02
4.716499999999999773e+02
4.111499999999999773e+02
4.341499999999999773e+02
3.801499999999999773e+02
5.111499999999999773e+02
3.961499999999999773e+02
4.401499999999999773e+02
4.031499999999999773e+02
3.264499999999999886e+02
5.141499999999999773e+02
4.511499999999999773e+02
4.481499999999999773e+02
4.501499999999999773e+02
5.431499999999999773e+02
4.201499999999999773e+02
4.461499999999999773e+02
5.051499999999999773e+02
4.451499999999999773e+02
4.441499999999999773e+02
4.816499999999999773e+02
4.848500000000000227e+02
4.891499999999999773e+02
4.961499999999999773e+02
4.781499999999999773e+02
4.801499999999999773e+02
4.431499999999999773e+02
4.821499999999999773e+02
5.171499999999999773e+02
3.039499999999999886e+02
4.466499999999999773e+02
6.641499999999999773e+02
5.041499999999999773e+02
5.146499999999999773e+02
5.181499999999999773e+02
3.578500000000000227e+02
5.441499999999999773e+02
5.411499999999999773e+02
3.071499999999999773e+02
4.676499999999999773e+02
4.591499999999999773e+02
4.869900000000000091e+02
5.031499999999999773e+02
5.011499999999999773e+02
5.231499999999999773e+02
3.831499999999999773e+02
3.693500000000000227e+02
4.051499999999999773e+02
4.551499999999999773e+02
4.801499999999999773e+02
4.811499999999999773e+02
4.471499999999999773e+02
3.291499999999999773e+02
5.163499999999999091e+02
3.685500000000000114e+02
2.234499999999999886e+02
5.651499999999999773e+02
4.507500000000000000e+02
4.511499999999999773e+02
4.711499999999999773e+02
4.941499999999999773e+02
5.311499999999999773e+02
4.921499999999999773e+02
5.321499999999999773e+02
4.961499999999999773e+02
4.891499999999999773e+02
4.871499999999999773e+02
4.066499999999999773e+02
4.231499999999999773e+02
4.901499999999999773e+02
4.028500000000000227e+02
5.631499999999999773e+02
4.331499999999999773e+02
4.851499999999999773e+02
2.791499999999999773e+02
3.376499999999999773e+02
3.651499999999999773e+02
4.771499999999999773e+02
3.941499999999999773e+02
3.851499999999999773e+02
4.941499999999999773e+02
5.241499999999999773e+02
5.161499999999999773e+02
5.681499999999999773e+02
5.286499999999999773e+02
5.596499999999999773e+02
6.081499999999999773e+02
5.011499999999999773e+02
5.096499999999999773e+02
5.221499999999999773e+02
5.251499999999999773e+02
5.271499999999999773e+02
4.976499999999999773e+02
5.011499999999999773e+02
4.731499999999999773e+02
5.496499999999999773e+02
5.286499999999999773e+02
5.296499999999999773e+02
5.271499999999999773e+02
5.356499999999999773e+02
5.431499999999999773e+02
5.471499999999999773e+02
3.651499999999999773e+02
3.471499999999999773e+02
4.321499999999999773e+02
4.051499999999999773e+02
3.974499999999999886e+02
3.801499999999999773e+02
5.161499999999999773e+02
4.151499999999999773e+02
3.681499999999999773e+02
4.761499999999999773e+02
3.836499999999999773e+02
3.701499999999999773e+02
3.155499999999999545e+02
5.081499999999999773e+02
5.216499999999999773e+02
5.301499999999999773e+02
3.595499999999999545e+02
4.051499999999999773e+02
3.841499999999999773e+02
4.331499999999999773e+02
4.901499999999999773e+02
5.451499999999999773e+02
5.431499999999999773e+02
6.041499999999999773e+02
4.771499999999999773e+02
5.261499999999999773e+02
5.771499999999999773e+02
5.141499999999999773e+02
5.131499999999999773e+02
5.381499999999999773e+02
6.131499999999999773e+02
6.281499999999999773e+02
5.391499999999999773e+02
5.411499999999999773e+02
3.231499999999999773e+02
3.861499999999999773e+02
4.931499999999999773e+02
4.385500000000000114e+02
4.031499999999999773e+02
3.931499999999999773e+02
3.831499999999999773e+02
3.088500000000000227e+02
3.191499999999999773e+02
5.091499999999999773e+02
4.891499999999999773e+02
4.846499999999999773e+02
3.361499999999999773e+02
4.151499999999999773e+02
4.516499999999999773e+02
4.661499999999999773e+02
5.791499999999999773e+02
4.846499999999999773e+02
4.811499999999999773e+02
5.801499999999999773e+02
3.298500000000000227e+02
4.411499999999999773e+02
4.981499999999999773e+02
3.532500000000000000e+02
3.631499999999999773e+02
2.667500000000000000e+02
5.291499999999999773e+02
5.841499999999999773e+02
4.731499999999999773e+02
4.764499999999999886e+02
4.741499999999999773e+02
4.701499999999999773e+02
4.461499999999999773e+02
4.501499999999999773e+02
4.481499999999999773e+02
6.151499999999999773e+02
6.131499999999999773e+02
4.641499999999999773e+02
5.671499999999999773e+02
4.941499999999999773e+02
4.946499999999999773e+02
4.795500000000000114e+02
5.381499999999999773e+02
5.361499999999999773e+02
5.156499999999999773e+02
5.041499999999999773e+02
5.651499999999999773e+02
5.571499999999999773e+02
5.281499999999999773e+02
5.381499999999999773e+02
5.466499999999999773e+02
5.211499999999999773e+02
5.311499999999999773e+02
5.381499999999999773e+02
5.431499999999999773e+02
5.601499999999999773e+02
5.561499999999999773e+02
4.831499999999999773e+02
4.791499999999999773e+02
5.166499999999999773e+02
5.131499999999999773e+02
4.791499999999999773e+02
4.766499999999999773e+02
4.681499999999999773e+02
4.536499999999999773e+02
4.781499999999999773e+02
4.971499999999999773e+02
4.886499999999999773e+02
4.901499999999999773e+02
4.961499999999999773e+02
5.121499999999999773e+02
4.651499999999999773e+02
4.691499999999999773e+02
4.721499999999999773e+02
4.721499999999999773e+02
4.671499999999999773e+02
4.781499999999999773e+02
4.881499999999999773e+02
4.911499999999999773e+02
5.771499999999999773e+02
5.111499999999999773e+02
7.071499999999999773e+02
4.736499999999999773e+02
6.241499999999999773e+02
4.866499999999999773e+02
4.926499999999999773e+02
4.991499999999999773e+02
6.581499999999999773e+02
4.661499999999999773e+02
3.611499999999999773e+02
5.311499999999999773e+02
5.471499999999999773e+02
5.461499999999999773e+02
4.141499999999999773e+02
5.171499999999999773e+02
4.411499999999999773e+02
4.596499999999999773e+02
3.139499999999999886e+02
3.071499999999999773e+02
3.656499999999999773e+02
4.991499999999999773e+02
3.691499999999999773e+02
3.501499999999999773e+02
3.541499999999999773e+02
4.811499999999999773e+02
3.961499999999999773e+02
4.021499999999999773e+02
3.921499999999999773e+02
3.914499999999999886e+02
3.722500000000000000e+02
3.829499999999999886e+02
3.750500000000000114e+02
4.501499999999999773e+02
4.496499999999999773e+02
4.021499999999999773e+02
4.039499999999999886e+02
3.755500000000000114e+02
4.121499999999999773e+02
3.673500000000000227e+02
3.891499999999999773e+02
3.871499999999999773e+02
3.871499999999999773e+02
4.071499999999999773e+02
3.042500000000000000e+02
2.932500000000000000e+02
3.116499999999999773e+02
4.141499999999999773e+02
3.911499999999999773e+02
3.921499999999999773e+02
4.581499999999999773e+02
4.716499999999999773e+02
4.701499999999999773e+02
4.171499999999999773e+02
4.051499999999999773e+02
3.724499999999999886e+02
3.871499999999999773e+02
3.701499999999999773e+02
4.191499999999999773e+02
3.061499999999999773e+02
5.091499999999999773e+02
4.311499999999999773e+02
5.321499999999999773e+02
4.811499999999999773e+02
4.811499999999999773e+02
3.282500000000000000e+02
3.526499999999999773e+02
3.011499999999999773e+02
3.788500000000000227e+02
4.641499999999999773e+02
6.381499999999999773e+02
4.031499999999999773e+02
5.071499999999999773e+02
5.021499999999999773e+02
4.341499999999999773e+02
3.436499999999999773e+02
3.921499999999999773e+02
4.056499999999999773e+02
5.350499999999999545e+02
4.761499999999999773e+02
3.101499999999999773e+02
4.086499999999999773e+02
3.831499999999999773e+02
3.740500000000000114e+02
4.561499999999999773e+02
4.621499999999999773e+02
4.281499999999999773e+02
4.415500000000000114e+02
4.411499999999999773e+02
4.401499999999999773e+02
4.471499999999999773e+02
4.481499999999999773e+02
4.424499999999999886e+02
4.440500000000000114e+02
3.834499999999999886e+02
3.761499999999999773e+02
4.541499999999999773e+02
4.516499999999999773e+02
4.741499999999999773e+02
6.021499999999999773e+02
3.381499999999999773e+02
3.449499999999999886e+02
4.091499999999999773e+02
4.216499999999999773e+02
4.131499999999999773e+02
3.481499999999999773e+02
3.381499999999999773e+02
3.411499999999999773e+02
4.321499999999999773e+02
4.306499999999999773e+02
2.741499999999999773e+02
3.851499999999999773e+02
3.961499999999999773e+02
4.623500000000000227e+02
4.651499999999999773e+02
4.611499999999999773e+02
5.061499999999999773e+02
4.791499999999999773e+02
4.001499999999999773e+02
5.561499999999999773e+02
4.581499999999999773e+02
4.671499999999999773e+02
4.841499999999999773e+02
3.751499999999999773e+02
5.981499999999999773e+02
5.581499999999999773e+02
3.881499999999999773e+02
3.541499999999999773e+02
3.571499999999999773e+02
5.561499999999999773e+02
5.671499999999999773e+02
6.751499999999999773e+02
6.731499999999999773e+02
5.411499999999999773e+02
6.441499999999999773e+02
3.151499999999999773e+02
3.761499999999999773e+02
3.481499999999999773e+02
3.931499999999999773e+02
4.811499999999999773e+02
4.466499999999999773e+02
3.886499999999999773e+02
4.323899999999999864e+02
3.801499999999999773e+02
3.551499999999999773e+02
4.106499999999999773e+02
4.551499999999999773e+02
4.281499999999999773e+02
3.370499999999999545e+02
3.391499999999999773e+02
4.544499999999999886e+02
4.221499999999999773e+02
4.356499999999999773e+02
4.821499999999999773e+02
3.531499999999999773e+02
4.281499999999999773e+02
3.907500000000000000e+02
3.920500000000000114e+02
3.908500000000000227e+02
4.428500000000000227e+02
4.591499999999999773e+02
4.571499999999999773e+02
4.641499999999999773e+02
4.461499999999999773e+02
4.391499999999999773e+02
4.441499999999999773e+02
4.451499999999999773e+02
4.461499999999999773e+02
4.391499999999999773e+02
4.301499999999999773e+02
4.271499999999999773e+02
4.401499999999999773e+02
4.381499999999999773e+02
4.391499999999999773e+02
4.601499999999999773e+02
4.391499999999999773e+02
4.321499999999999773e+02
4.401499999999999773e+02
4.281499999999999773e+02
3.921499999999999773e+02
3.861499999999999773e+02
3.951499999999999773e+02
4.591499999999999773e+02
5.971499999999999773e+02
3.611499999999999773e+02
4.531499999999999773e+02
4.141499999999999773e+02
4.181499999999999773e+02
4.221499999999999773e+02
4.056499999999999773e+02
3.631499999999999773e+02
3.651499999999999773e+02
4.111499999999999773e+02
4.241499999999999773e+02
4.871499999999999773e+02
4.431499999999999773e+02
4.151499999999999773e+02
4.261499999999999773e+02
4.241499999999999773e+02
4.201499999999999773e+02
4.121499999999999773e+02
4.686499999999999773e+02
3.571499999999999773e+02
3.601499999999999773e+02
3.581499999999999773e+02
3.681499999999999773e+02
3.701499999999999773e+02
3.591499999999999773e+02
3.611499999999999773e+02
3.621499999999999773e+02
3.601499999999999773e+02
3.591499999999999773e+02
3.611499999999999773e+02
3.684499999999999886e+02
3.671499999999999773e+02
3.641499999999999773e+02
3.751499999999999773e+02
3.671499999999999773e+02
3.561499999999999773e+02
3.591499999999999773e+02
4.221499999999999773e+02
5.541499999999999773e+02
3.221499999999999773e+02
5.591499999999999773e+02
5.081499999999999773e+02
5.176499999999999773e+02
4.041499999999999773e+02
4.791499999999999773e+02
5.401499999999999773e+02
5.361499999999999773e+02
4.721499999999999773e+02
4.821499999999999773e+02
4.711499999999999773e+02
5.461499999999999773e+02
5.391499999999999773e+02
5.401499999999999773e+02
5.391499999999999773e+02
5.531499999999999773e+02
5.501499999999999773e+02
3.651499999999999773e+02
3.114499999999999886e+02
3.891499999999999773e+02
5.251499999999999773e+02
5.261499999999999773e+02
4.001499999999999773e+02
3.961499999999999773e+02
4.179499999999999886e+02
3.737500000000000000e+02
4.041499999999999773e+02
5.196499999999999773e+02
5.211499999999999773e+02
5.321499999999999773e+02
5.441499999999999773e+02
4.505500000000000114e+02
5.281499999999999773e+02
4.881499999999999773e+02
4.931499999999999773e+02
4.951499999999999773e+02
4.121499999999999773e+02
4.096499999999999773e+02
3.861499999999999773e+02
4.946499999999999773e+02
5.331499999999999773e+02
6.036499999999999773e+02
4.591499999999999773e+02
4.831499999999999773e+02
5.175499999999999545e+02
5.142500000000000000e+02
5.631499999999999773e+02
5.676499999999999773e+02
2.611499999999999773e+02
5.781499999999999773e+02
5.481499999999999773e+02
4.601499999999999773e+02
4.065500000000000114e+02
4.401499999999999773e+02
4.391499999999999773e+02
4.371499999999999773e+02
4.851499999999999773e+02
4.401499999999999773e+02
3.911499999999999773e+02
6.201499999999999773e+02
6.261499999999999773e+02
6.211499999999999773e+02
6.201499999999999773e+02
4.161499999999999773e+02
4.171499999999999773e+02
4.151499999999999773e+02
4.672500000000000000e+02
4.511499999999999773e+02
4.171499999999999773e+02
4.121499999999999773e+02
4.901499999999999773e+02
4.471499999999999773e+02
3.606499999999999773e+02
3.611499999999999773e+02
3.611499999999999773e+02
3.841499999999999773e+02
3.321499999999999773e+02
3.081499999999999773e+02
4.436499999999999773e+02
4.691499999999999773e+02
4.111499999999999773e+02
5.811499999999999773e+02
3.531499999999999773e+02
3.501499999999999773e+02
3.491499999999999773e+02
2.787599999999999909e+02
3.326499999999999773e+02
3.911499999999999773e+02
3.333600000000000136e+02
3.364499999999999886e+02
5.431499999999999773e+02
4.710500000000000114e+02
4.281499999999999773e+02
3.981499999999999773e+02
4.005099999999999909e+02
4.681499999999999773e+02
4.731499999999999773e+02
4.301499999999999773e+02
4.261499999999999773e+02
4.241499999999999773e+02
3.941499999999999773e+02
4.151499999999999773e+02
4.051499999999999773e+02
4.010500000000000114e+02
4.021499999999999773e+02
4.361499999999999773e+02
3.888500000000000227e+02
3.911499999999999773e+02
4.161499999999999773e+02
4.091499999999999773e+02
3.352500000000000000e+02
3.271499999999999773e+02
3.271499999999999773e+02
3.404499999999999886e+02
3.435499999999999545e+02
3.408199999999999932e+02
3.295499999999999545e+02
3.317300000000000182e+02
4.871499999999999773e+02
4.901499999999999773e+02
4.721499999999999773e+02
4.071499999999999773e+02
4.111499999999999773e+02
5.311499999999999773e+02
4.586499999999999773e+02
3.421499999999999773e+02
3.721499999999999773e+02
4.211499999999999773e+02
4.231499999999999773e+02
3.341499999999999773e+02
3.461499999999999773e+02
3.931499999999999773e+02
4.311499999999999773e+02
6.171499999999999773e+02
6.231499999999999773e+02
5.181499999999999773e+02
5.451499999999999773e+02
5.691499999999999773e+02
5.761499999999999773e+02
5.291499999999999773e+02
4.811499999999999773e+02
4.871499999999999773e+02
4.861499999999999773e+02
4.881499999999999773e+02
5.586499999999999773e+02
5.891499999999999773e+02
5.581499999999999773e+02
5.891499999999999773e+02
5.011499999999999773e+02
5.096499999999999773e+02
5.531499999999999773e+02
4.851499999999999773e+02
4.971499999999999773e+02
6.143499999999999091e+02
5.021499999999999773e+02
5.911499999999999773e+02
5.811499999999999773e+02
5.901499999999999773e+02
5.116499999999999773e+02
4.931499999999999773e+02
5.091499999999999773e+02
5.247500000000000000e+02
4.261499999999999773e+02
3.991499999999999773e+02
4.901499999999999773e+02
4.801499999999999773e+02
4.041499999999999773e+02
4.501499999999999773e+02
4.941499999999999773e+02
3.751499999999999773e+02
3.616499999999999773e+02
3.373500000000000227e+02
3.517500000000000000e+02
4.275500000000000114e+02
3.809900000000000091e+02
3.554499999999999886e+02
3.651499999999999773e+02
3.401499999999999773e+02
3.371499999999999773e+02
4.641499999999999773e+02
3.876499999999999773e+02
3.701499999999999773e+02
4.481499999999999773e+02
4.691499999999999773e+02
4.621499999999999773e+02
4.281499999999999773e+02
3.361499999999999773e+02
4.581499999999999773e+02
4.551499999999999773e+02
4.561499999999999773e+02
4.201499999999999773e+02
3.116499999999999773e+02
5.071499999999999773e+02
3.686499999999999773e+02
3.561499999999999773e+02
4.021499999999999773e+02
4.771499999999999773e+02
4.791499999999999773e+02
6.831499999999999773e+02
6.829500000000000455e+02
4.871499999999999773e+02
4.959499999999999886e+02
5.001499999999999773e+02
4.816499999999999773e+02
4.751499999999999773e+02
4.025500000000000114e+02
4.172500000000000000e+02
4.184499999999999886e+02
4.771499999999999773e+02
4.111499999999999773e+02
4.151499999999999773e+02
4.261499999999999773e+02
4.211499999999999773e+02
4.161499999999999773e+02
5.211499999999999773e+02
5.205499999999999545e+02
5.241499999999999773e+02
5.391499999999999773e+02
5.301499999999999773e+02
5.381499999999999773e+02
5.311499999999999773e+02
5.205499999999999545e+02
5.401499999999999773e+02
5.171499999999999773e+02
4.957500000000000000e+02
4.431499999999999773e+02
4.431499999999999773e+02
4.451499999999999773e+02
5.681499999999999773e+02
3.531499999999999773e+02
4.019200000000000159e+02
4.063500000000000227e+02
3.456499999999999773e+02
5.071499999999999773e+02
5.456499999999999773e+02
4.674499999999999886e+02
4.060500000000000114e+02
3.421499999999999773e+02
4.871499999999999773e+02
3.856499999999999773e+02
3.885500000000000114e+02
3.671499999999999773e+02
4.251499999999999773e+02
3.161499999999999773e+02
2.489199999999999875e+02
5.476499999999999773e+02
4.841499999999999773e+02
4.851499999999999773e+02
5.191499999999999773e+02
4.251499999999999773e+02
5.171499999999999773e+02
3.431499999999999773e+02
2.791499999999999773e+02
4.013500000000000227e+02
4.441499999999999773e+02
5.496499999999999773e+02
4.911499999999999773e+02
5.721499999999999773e+02
5.801499999999999773e+02
5.706499999999999773e+02
5.781499999999999773e+02
5.731499999999999773e+02
5.731499999999999773e+02
5.651499999999999773e+02
5.771499999999999773e+02
5.611499999999999773e+02
5.611499999999999773e+02
5.591499999999999773e+02
5.738499999999999091e+02
5.793499999999999091e+02
7.441499999999999773e+02
2.826499999999999773e+02
4.981499999999999773e+02
5.491499999999999773e+02
5.731499999999999773e+02
5.581499999999999773e+02
5.851499999999999773e+02
6.011499999999999773e+02
5.451499999999999773e+02
5.311499999999999773e+02
5.321499999999999773e+02
5.856499999999999773e+02
4.838500000000000227e+02
5.401499999999999773e+02
5.431499999999999773e+02
5.931499999999999773e+02
5.496499999999999773e+02
5.931499999999999773e+02
6.131499999999999773e+02
4.259499999999999886e+02
4.781499999999999773e+02
4.796499999999999773e+02
3.872500000000000000e+02
4.681499999999999773e+02
3.716499999999999773e+02
5.231499999999999773e+02
4.661499999999999773e+02
3.743399999999999750e+02
5.091499999999999773e+02
5.871499999999999773e+02
4.816499999999999773e+02
4.456499999999999773e+02
4.271499999999999773e+02
4.891499999999999773e+02
5.931499999999999773e+02
4.751499999999999773e+02
4.043500000000000227e+02
3.933500000000000227e+02
4.451499999999999773e+02
4.191499999999999773e+02
4.791499999999999773e+02
3.201499999999999773e+02
4.976499999999999773e+02
4.940500000000000114e+02
5.052500000000000000e+02
5.118100000000000023e+02
4.901499999999999773e+02
4.759499999999999886e+02
5.281499999999999773e+02
7.161499999999999773e+02
4.921499999999999773e+02
6.031499999999999773e+02
6.181499999999999773e+02
6.071499999999999773e+02
6.041499999999999773e+02
6.921499999999999773e+02
4.141499999999999773e+02
4.381499999999999773e+02
4.681499999999999773e+02
4.239499999999999886e+02
6.302500000000000000e+02
4.981499999999999773e+02
4.931499999999999773e+02
5.291499999999999773e+02
4.868500000000000227e+02
4.656499999999999773e+02
4.681499999999999773e+02
4.671499999999999773e+02
4.601499999999999773e+02
4.611499999999999773e+02
4.615500000000000114e+02
4.911499999999999773e+02
4.200500000000000114e+02
4.666499999999999773e+02
4.981499999999999773e+02
4.711499999999999773e+02
5.531499999999999773e+02
5.351499999999999773e+02
6.391499999999999773e+02
5.901499999999999773e+02
6.631499999999999773e+02
5.231499999999999773e+02
3.631499999999999773e+02
3.771499999999999773e+02
5.561499999999999773e+02
9.451499999999999773e+02
7.051499999999999773e+02
6.261499999999999773e+02
5.891499999999999773e+02
6.351499999999999773e+02
6.441499999999999773e+02
6.241499999999999773e+02
5.886499999999999773e+02
6.331499999999999773e+02
6.231499999999999773e+02
3.902500000000000000e+02
4.086499999999999773e+02
4.131499999999999773e+02
5.801499999999999773e+02
4.371499999999999773e+02
5.681499999999999773e+02
4.471499999999999773e+02
5.121499999999999773e+02
3.987699999999999818e+02
4.987500000000000000e+02
6.186499999999999773e+02
4.751499999999999773e+02
4.721499999999999773e+02
5.131499999999999773e+02
4.678500000000000227e+02
4.521499999999999773e+02
4.571499999999999773e+02
4.461499999999999773e+02
4.391499999999999773e+02
4.391499999999999773e+02
4.681499999999999773e+02
4.001499999999999773e+02
3.944499999999999886e+02
3.980500000000000114e+02
3.961499999999999773e+02
3.963500000000000227e+02
3.957500000000000000e+02
3.955500000000000114e+02
4.471499999999999773e+02
4.071499999999999773e+02
4.831499999999999773e+02
5.001499999999999773e+02
4.517500000000000000e+02
5.831499999999999773e+02
5.361499999999999773e+02
5.121499999999999773e+02
5.361499999999999773e+02
5.151499999999999773e+02
4.651499999999999773e+02
4.476499999999999773e+02
5.799500000000000455e+02
5.571499999999999773e+02
4.991499999999999773e+02
3.993500000000000227e+02
4.111499999999999773e+02
4.087500000000000000e+02
4.066499999999999773e+02
4.051499999999999773e+02
3.741499999999999773e+02
4.231499999999999773e+02
3.366499999999999773e+02
4.221499999999999773e+02
3.426499999999999773e+02
3.911499999999999773e+02
4.881499999999999773e+02
3.207500000000000000e+02
4.341499999999999773e+02
3.791499999999999773e+02
2.835499999999999545e+02
3.856499999999999773e+02
5.201499999999999773e+02
4.791499999999999773e+02
4.521499999999999773e+02
3.971499999999999773e+02
5.521499999999999773e+02
4.340600000000000023e+02
4.068000000000000114e+02
4.581499999999999773e+02
5.531499999999999773e+02
5.741499999999999773e+02
8.481499999999999773e+02
6.750499999999999545e+02
3.681499999999999773e+02
4.651499999999999773e+02
4.371499999999999773e+02
5.437500000000000000e+02
6.121499999999999773e+02
5.911499999999999773e+02
5.671499999999999773e+02
5.681499999999999773e+02
5.415499999999999545e+02
5.851499999999999773e+02
6.461499999999999773e+02
6.441499999999999773e+02
5.531499999999999773e+02
3.171499999999999773e+02
3.171499999999999773e+02
3.151499999999999773e+02
2.990499999999999545e+02
3.213500000000000227e+02
3.886499999999999773e+02
3.281499999999999773e+02
5.501499999999999773e+02
4.266499999999999773e+02
4.116499999999999773e+02
3.581499999999999773e+02
4.161499999999999773e+02
4.931499999999999773e+02
4.351499999999999773e+02
2.250600000000000023e+02
4.341499999999999773e+02
4.182500000000000000e+02
2.551100000000000136e+02
3.901499999999999773e+02
3.121499999999999773e+02
5.051499999999999773e+02
4.511499999999999773e+02
4.531499999999999773e+02
4.391499999999999773e+02
4.321499999999999773e+02
5.401499999999999773e+02
3.761499999999999773e+02
4.981499999999999773e+02
3.621499999999999773e+02
3.092099999999999795e+02
4.491499999999999773e+02
4.511499999999999773e+02
5.591499999999999773e+02
5.461499999999999773e+02
4.751499999999999773e+02
5.141499999999999773e+02
4.606499999999999773e+02
4.911499999999999773e+02
5.171499999999999773e+02
3.830500000000000114e+02
4.138500000000000227e+02
4.901499999999999773e+02
4.131499999999999773e+02
3.997500000000000000e+02
3.861499999999999773e+02
3.891499999999999773e+02
4.592500000000000000e+02
4.107500000000000000e+02
3.922500000000000000e+02
3.961499999999999773e+02
3.753500000000000227e+02
3.750500000000000114e+02
4.421499999999999773e+02
3.971499999999999773e+02
7.621499999999999773e+02
3.771499999999999773e+02
3.031499999999999773e+02
3.100499999999999545e+02
3.094499999999999886e+02
4.171499999999999773e+02
4.131499999999999773e+02
4.663500000000000227e+02
4.616499999999999773e+02
3.911499999999999773e+02
4.111499999999999773e+02
4.111499999999999773e+02
4.091499999999999773e+02
3.891499999999999773e+02
3.761499999999999773e+02
3.951499999999999773e+02
4.891499999999999773e+02
3.321499999999999773e+02
3.151499999999999773e+02
3.171499999999999773e+02
3.241499999999999773e+02
4.225500000000000114e+02
3.778500000000000227e+02
5.336499999999999773e+02
4.761499999999999773e+02
5.331499999999999773e+02
4.531499999999999773e+02
4.771499999999999773e+02
4.531499999999999773e+02
5.121499999999999773e+02
4.981499999999999773e+02
3.776499999999999773e+02
5.181499999999999773e+02
4.771499999999999773e+02
5.236499999999999773e+02
4.391499999999999773e+02
5.431499999999999773e+02
3.130499999999999545e+02
3.291499999999999773e+02
4.231499999999999773e+02
4.271499999999999773e+02
2.457500000000000000e+02
2.710499999999999545e+02
2.672500000000000000e+02
3.783500000000000227e+02
2.671700000000000159e+02
3.248500000000000227e+02
4.161499999999999773e+02
4.081499999999999773e+02
3.329499999999999886e+02
3.011499999999999773e+02
3.010400000000000205e+02
3.556499999999999773e+02
3.541499999999999773e+02
4.831499999999999773e+02
3.303500000000000227e+02
4.301499999999999773e+02
3.301499999999999773e+02
2.731499999999999773e+02
2.801499999999999773e+02
3.035600000000000023e+02
3.494499999999999886e+02
3.307500000000000000e+02
3.311499999999999773e+02
4.731499999999999773e+02
3.901499999999999773e+02
5.231499999999999773e+02
3.781499999999999773e+02
2.445500000000000114e+02
3.023500000000000227e+02
4.153500000000000227e+02
2.363600000000000136e+02
3.561499999999999773e+02
5.431499999999999773e+02
3.777500000000000000e+02
4.971499999999999773e+02
5.111499999999999773e+02
3.831499999999999773e+02
5.471499999999999773e+02
4.480500000000000114e+02
4.501499999999999773e+02
6.115499999999999545e+02
6.234500000000000455e+02
6.331499999999999773e+02
6.823499999999999091e+02
4.549499999999999886e+02
6.441499999999999773e+02
4.986499999999999773e+02
5.811499999999999773e+02
6.281499999999999773e+02
5.191499999999999773e+02
5.241499999999999773e+02
5.391499999999999773e+02
5.061499999999999773e+02
5.026499999999999773e+02
4.201499999999999773e+02
4.681499999999999773e+02
5.931499999999999773e+02
4.161499999999999773e+02
6.771499999999999773e+02
6.131499999999999773e+02
6.031499999999999773e+02
6.901499999999999773e+02
5.861499999999999773e+02
6.271499999999999773e+02
5.841499999999999773e+02
5.771499999999999773e+02
5.551499999999999773e+02
5.871499999999999773e+02
6.166499999999999773e+02
6.441499999999999773e+02
5.301499999999999773e+02
5.011499999999999773e+02
5.016499999999999773e+02
5.011499999999999773e+02
5.081499999999999773e+02
4.631499999999999773e+02
5.341499999999999773e+02
5.056499999999999773e+02
5.073500000000000227e+02
5.261499999999999773e+02
5.201499999999999773e+02
5.461499999999999773e+02
5.531499999999999773e+02
5.181499999999999773e+02
5.061499999999999773e+02
5.231499999999999773e+02
5.041499999999999773e+02
5.621499999999999773e+02
5.173499999999999091e+02
5.571499999999999773e+02
5.381499999999999773e+02
5.171499999999999773e+02
6.131499999999999773e+02
4.831499999999999773e+02
4.394499999999999886e+02
4.531499999999999773e+02
5.831499999999999773e+02
5.161499999999999773e+02
4.681499999999999773e+02
4.581499999999999773e+02
5.251499999999999773e+02
4.881499999999999773e+02
6.686499999999999773e+02
6.071499999999999773e+02
6.186499999999999773e+02
5.731499999999999773e+02
4.672500000000000000e+02
5.201499999999999773e+02
5.301499999999999773e+02
4.953500000000000227e+02
4.951499999999999773e+02
4.801499999999999773e+02
4.905500000000000114e+02
4.871499999999999773e+02
5.221499999999999773e+02
5.369500000000000455e+02
5.306499999999999773e+02
5.321499999999999773e+02
5.381499999999999773e+02
5.306499999999999773e+02
4.711499999999999773e+02
4.766499999999999773e+02
4.634499999999999886e+02
5.951499999999999773e+02
5.441499999999999773e+02
5.471499999999999773e+02
5.541499999999999773e+02
5.901499999999999773e+02
5.881499999999999773e+02
5.431499999999999773e+02
6.361499999999999773e+02
7.351499999999999773e+02
5.731499999999999773e+02
5.056499999999999773e+02
5.111499999999999773e+02
4.286499999999999773e+02
4.701499999999999773e+02
5.891499999999999773e+02
7.921499999999999773e+02
4.401499999999999773e+02
4.294499999999999886e+02
4.389499999999999886e+02
4.217799999999999727e+02
3.793399999999999750e+02
4.771499999999999773e+02
5.006499999999999773e+02
4.731499999999999773e+02
5.331499999999999773e+02
5.491499999999999773e+02
3.211499999999999773e+02
4.051499999999999773e+02
4.861499999999999773e+02
2.310399999999999920e+02
3.911499999999999773e+02
4.123500000000000227e+02
4.604499999999999886e+02
4.878500000000000227e+02
4.601499999999999773e+02
4.826499999999999773e+02
3.451499999999999773e+02
4.371499999999999773e+02
4.460500000000000114e+02
3.704499999999999886e+02
3.408500000000000227e+02
3.257500000000000000e+02
4.631499999999999773e+02
4.146499999999999773e+02
3.701899999999999977e+02
3.553600000000000136e+02
4.061499999999999773e+02
3.531499999999999773e+02
3.171499999999999773e+02
3.971499999999999773e+02
3.861499999999999773e+02
2.255300000000000011e+02
3.381499999999999773e+02
2.501500000000000057e+02
3.486499999999999773e+02
4.421499999999999773e+02
4.521499999999999773e+02
5.261499999999999773e+02
4.411499999999999773e+02
5.201499999999999773e+02
4.251499999999999773e+02
4.233500000000000227e+02
3.641499999999999773e+02
3.741499999999999773e+02
3.941499999999999773e+02
3.203600000000000136e+02
4.561499999999999773e+02
5.021499999999999773e+02
4.931499999999999773e+02
4.323500000000000227e+02
5.051499999999999773e+02
5.041499999999999773e+02
5.011499999999999773e+02
4.171499999999999773e+02
4.691499999999999773e+02
4.331499999999999773e+02
4.561499999999999773e+02
3.841499999999999773e+02
4.531499999999999773e+02
5.581499999999999773e+02
4.298500000000000227e+02
4.701499999999999773e+02
4.040500000000000114e+02
4.441499999999999773e+02
4.251499999999999773e+02
4.191499999999999773e+02
3.401499999999999773e+02
4.401499999999999773e+02
4.581499999999999773e+02
5.121499999999999773e+02
4.071499999999999773e+02
3.585499999999999545e+02
4.131499999999999773e+02
4.281499999999999773e+02
5.461499999999999773e+02
3.171499999999999773e+02
4.951499999999999773e+02
4.401499999999999773e+02
4.961499999999999773e+02
4.941499999999999773e+02
5.051499999999999773e+02
4.396499999999999773e+02
5.091499999999999773e+02
4.881499999999999773e+02
3.953500000000000227e+02
4.431499999999999773e+02
4.621499999999999773e+02
4.111499999999999773e+02
4.921499999999999773e+02
4.601499999999999773e+02
3.378500000000000227e+02
3.331499999999999773e+02
3.571499999999999773e+02
2.499499999999999886e+02
4.591499999999999773e+02
4.971499999999999773e+02
3.531499999999999773e+02
4.806499999999999773e+02
4.856499999999999773e+02
3.894499999999999886e+02
4.601499999999999773e+02
6.671499999999999773e+02
4.811499999999999773e+02
5.251499999999999773e+02
5.461499999999999773e+02
3.883500000000000227e+02
4.976499999999999773e+02
4.761499999999999773e+02
4.591499999999999773e+02
5.581499999999999773e+02
4.861499999999999773e+02
4.761499999999999773e+02
4.991499999999999773e+02
5.031499999999999773e+02
5.391499999999999773e+02
5.333499999999999091e+02
5.571499999999999773e+02
6.231499999999999773e+02
5.531499999999999773e+02
4.821499999999999773e+02
4.981499999999999773e+02
4.971499999999999773e+02
5.806499999999999773e+02
4.681499999999999773e+02
3.969499999999999886e+02
5.191499999999999773e+02
4.028899999999999864e+02
3.597500000000000000e+02
5.431499999999999773e+02
5.243499999999999091e+02
4.931499999999999773e+02
3.654499999999999886e+02
5.101499999999999773e+02
5.831499999999999773e+02
5.102500000000000000e+02
6.331499999999999773e+02
5.401499999999999773e+02
5.001499999999999773e+02
6.341499999999999773e+02
5.531499999999999773e+02
5.081499999999999773e+02
5.746499999999999773e+02
4.071499999999999773e+02
3.121499999999999773e+02
4.871499999999999773e+02
6.944500000000000455e+02
5.341499999999999773e+02
5.801499999999999773e+02
4.184499999999999886e+02
7.051499999999999773e+02
5.071499999999999773e+02
5.691499999999999773e+02
5.391499999999999773e+02
4.731499999999999773e+02
6.101499999999999773e+02
6.481499999999999773e+02
6.491499999999999773e+02
4.471499999999999773e+02
4.561499999999999773e+02
4.601499999999999773e+02
6.431499999999999773e+02
5.211499999999999773e+02
4.991499999999999773e+02
4.626499999999999773e+02
5.271499999999999773e+02
5.181499999999999773e+02
5.201499999999999773e+02
3.695699999999999932e+02
3.659900000000000091e+02
3.821499999999999773e+02
4.033500000000000227e+02
4.191299999999999955e+02
3.943500000000000227e+02
3.905000000000000000e+02
3.891000000000000227e+02
3.498600000000000136e+02
5.771499999999999773e+02
4.241499999999999773e+02
4.321499999999999773e+02
4.541499999999999773e+02
4.381499999999999773e+02
4.403500000000000227e+02
5.236499999999999773e+02
5.065500000000000114e+02
7.951499999999999773e+02
6.641499999999999773e+02
4.961499999999999773e+02
5.571499999999999773e+02
5.266499999999999773e+02
6.391499999999999773e+02
5.721499999999999773e+02
5.991499999999999773e+02
5.689500000000000455e+02
5.621499999999999773e+02
5.242500000000000000e+02
5.621499999999999773e+02
6.201499999999999773e+02
6.311499999999999773e+02
4.326499999999999773e+02
5.231499999999999773e+02
5.881499999999999773e+02
5.471499999999999773e+02
6.011499999999999773e+02
6.146499999999999773e+02
4.651499999999999773e+02
4.251499999999999773e+02
4.811499999999999773e+02
3.674499999999999886e+02
3.574499999999999886e+02
3.633500000000000227e+02
3.316499999999999773e+02
2.470800000000000125e+02
2.534600000000000080e+02
1.975699999999999932e+02
2.961499999999999773e+02
1.450999999999999659e+02
3.791499999999999773e+02
6.006499999999999773e+02
4.188500000000000227e+02
5.121499999999999773e+02
4.156499999999999773e+02
3.391499999999999773e+02
4.261499999999999773e+02
4.541499999999999773e+02
4.661499999999999773e+02
4.494499999999999886e+02
5.381499999999999773e+02
4.786499999999999773e+02
5.056499999999999773e+02
5.571499999999999773e+02
4.941499999999999773e+02
5.071499999999999773e+02
5.021499999999999773e+02
4.312500000000000000e+02
5.511499999999999773e+02
4.803500000000000227e+02
5.281499999999999773e+02
5.391499999999999773e+02
5.486499999999999773e+02
4.471499999999999773e+02
3.611499999999999773e+02
4.621499999999999773e+02
5.011499999999999773e+02
4.396499999999999773e+02
3.901499999999999773e+02
5.236499999999999773e+02
4.966499999999999773e+02
5.621499999999999773e+02
3.942500000000000000e+02
5.131499999999999773e+02
4.051499999999999773e+02
4.561499999999999773e+02
4.691499999999999773e+02
4.781499999999999773e+02
4.711499999999999773e+02
4.701499999999999773e+02
4.886499999999999773e+02
5.331499999999999773e+02
3.794700000000000273e+02
4.411499999999999773e+02
5.521499999999999773e+02
3.911499999999999773e+02
3.491499999999999773e+02
3.941499999999999773e+02
4.331499999999999773e+02
4.101499999999999773e+02
4.431499999999999773e+02
4.826499999999999773e+02
3.566499999999999773e+02
3.635500000000000114e+02
5.791499999999999773e+02
4.133500000000000227e+02
4.061499999999999773e+02
3.953500000000000227e+02
4.146499999999999773e+02
4.391499999999999773e+02
5.351499999999999773e+02
5.231499999999999773e+02
5.211499999999999773e+02
4.616499999999999773e+02
4.261499999999999773e+02
4.781499999999999773e+02
4.171499999999999773e+02
4.661499999999999773e+02
4.502500000000000000e+02
3.987500000000000000e+02
6.331499999999999773e+02
6.931499999999999773e+02
7.041499999999999773e+02
3.911499999999999773e+02
4.148799999999999955e+02
3.671499999999999773e+02
4.771499999999999773e+02
6.394500000000000455e+02
3.913500000000000227e+02
4.376499999999999773e+02
4.881499999999999773e+02
4.281499999999999773e+02
3.681499999999999773e+02
3.280499999999999545e+02
5.196499999999999773e+02
3.661499999999999773e+02
5.051499999999999773e+02
4.351499999999999773e+02
4.481499999999999773e+02
3.572500000000000000e+02
4.661499999999999773e+02
4.771499999999999773e+02
5.531499999999999773e+02
5.351499999999999773e+02
6.821499999999999773e+02
4.801499999999999773e+02
6.141499999999999773e+02
6.461499999999999773e+02
4.941499999999999773e+02
5.061499999999999773e+02
3.837500000000000000e+02
5.241499999999999773e+02
5.326499999999999773e+02
7.241499999999999773e+02
4.301499999999999773e+02
3.861499999999999773e+02
4.771499999999999773e+02
4.771499999999999773e+02
6.581499999999999773e+02
4.461499999999999773e+02
5.731499999999999773e+02
5.481499999999999773e+02
5.461499999999999773e+02
4.921499999999999773e+02
4.869499999999999886e+02
4.921499999999999773e+02
4.881499999999999773e+02
4.821499999999999773e+02
4.316499999999999773e+02
4.620799999999999841e+02
4.371499999999999773e+02
3.811499999999999773e+02
4.223500000000000227e+02
5.711499999999999773e+02
5.591499999999999773e+02
4.721499999999999773e+02
4.636499999999999773e+02
4.952500000000000000e+02
5.331499999999999773e+02
4.801499999999999773e+02
5.501499999999999773e+02
5.806499999999999773e+02
3.711499999999999773e+02
5.131499999999999773e+02
4.713500000000000227e+02
3.588500000000000227e+02
3.913500000000000227e+02
5.651499999999999773e+02
5.431499999999999773e+02
5.351499999999999773e+02
4.921499999999999773e+02
4.866499999999999773e+02
4.821499999999999773e+02
5.331499999999999773e+02
4.391499999999999773e+02
5.461499999999999773e+02
3.476999999999999886e+02
3.450099999999999909e+02
3.463399999999999750e+02
3.472200000000000273e+02
3.867500000000000000e+02
4.241499999999999773e+02
3.598600000000000136e+02
3.886499999999999773e+02
3.596499999999999773e+02
3.611499999999999773e+02
3.826999999999999886e+02
2.968600000000000136e+02
3.701499999999999773e+02
3.343099999999999454e+02
4.221499999999999773e+02
5.271499999999999773e+02
5.141499999999999773e+02
5.021499999999999773e+02
4.941499999999999773e+02
4.221499999999999773e+02
5.381499999999999773e+02
4.421499999999999773e+02
5.611499999999999773e+02
3.851499999999999773e+02
3.468500000000000227e+02
5.351499999999999773e+02
5.221499999999999773e+02
5.481499999999999773e+02
4.061499999999999773e+02
4.191499999999999773e+02
3.961499999999999773e+02
4.311499999999999773e+02
4.321499999999999773e+02
4.221499999999999773e+02
4.151499999999999773e+02
3.851499999999999773e+02
4.311499999999999773e+02
4.856499999999999773e+02
4.651499999999999773e+02
4.721499999999999773e+02
3.184499999999999886e+02
3.207400000000000091e+02
5.191499999999999773e+02
6.541499999999999773e+02
4.256499999999999773e+02
4.501499999999999773e+02
5.085500000000000114e+02
5.751499999999999773e+02
5.601499999999999773e+02
5.411499999999999773e+02
5.391499999999999773e+02
5.059499999999999886e+02
6.791499999999999773e+02
5.461499999999999773e+02
6.131499999999999773e+02
6.051499999999999773e+02
5.071499999999999773e+02
6.231499999999999773e+02
4.181499999999999773e+02
4.181499999999999773e+02
4.441499999999999773e+02
3.619499999999999886e+02
4.451499999999999773e+02
4.901499999999999773e+02
4.889499999999999886e+02
5.671499999999999773e+02
5.617500000000000000e+02
5.501499999999999773e+02
4.911499999999999773e+02
5.291499999999999773e+02
4.356499999999999773e+02
3.451499999999999773e+02
2.951499999999999773e+02
2.043499999999999943e+02
2.461500000000000057e+02
3.631499999999999773e+02
3.501499999999999773e+02
2.259099999999999966e+02
2.768100000000000023e+02
3.469499999999999886e+02
2.140600000000000023e+02
3.091499999999999773e+02
3.049499999999999886e+02
3.276499999999999773e+02
2.512899999999999920e+02
1.911299999999999955e+02
2.724499999999999886e+02
4.601499999999999773e+02
3.751499999999999773e+02
4.621499999999999773e+02
4.591499999999999773e+02
2.381100000000000136e+02
4.206499999999999773e+02
4.511499999999999773e+02
2.711700000000000159e+02
3.801499999999999773e+02
4.971499999999999773e+02
4.261499999999999773e+02
2.601499999999999773e+02
3.493500000000000227e+02
2.477299999999999898e+02
2.248499999999999943e+02
2.457500000000000000e+02
5.348499999999999091e+02
4.911499999999999773e+02
4.671499999999999773e+02
5.081499999999999773e+02
4.401499999999999773e+02
5.171499999999999773e+02
5.221499999999999773e+02
5.081499999999999773e+02
5.286499999999999773e+02
5.731499999999999773e+02
3.821499999999999773e+02
3.731499999999999773e+02
2.759499999999999886e+02
5.076499999999999773e+02
5.056499999999999773e+02
4.491499999999999773e+02
4.425500000000000114e+02
4.378500000000000227e+02
4.341499999999999773e+02
5.011499999999999773e+02
4.191499999999999773e+02
3.539499999999999886e+02
4.014499999999999886e+02
3.509499999999999886e+02
6.731499999999999773e+02
5.581499999999999773e+02
4.831499999999999773e+02
4.191499999999999773e+02
4.097500000000000000e+02
4.171499999999999773e+02
4.141499999999999773e+02
4.751499999999999773e+02
4.623500000000000227e+02
4.516499999999999773e+02
4.631499999999999773e+02
4.621499999999999773e+02
3.868500000000000227e+02
3.780500000000000114e+02
3.898500000000000227e+02
3.831499999999999773e+02
4.311499999999999773e+02
3.261499999999999773e+02
4.221499999999999773e+02
4.261499999999999773e+02
4.301499999999999773e+02
4.356499999999999773e+02
4.071499999999999773e+02
4.001499999999999773e+02
3.971499999999999773e+02
4.101499999999999773e+02
4.121499999999999773e+02
4.041499999999999773e+02
4.037500000000000000e+02
4.121499999999999773e+02
4.661499999999999773e+02
5.281499999999999773e+02
4.985500000000000114e+02
4.431499999999999773e+02
3.829499999999999886e+02
3.723500000000000227e+02
3.878500000000000227e+02
3.865500000000000114e+02
5.032500000000000000e+02
4.191499999999999773e+02
4.241499999999999773e+02
4.191499999999999773e+02
5.231499999999999773e+02
5.501499999999999773e+02
3.811499999999999773e+02
3.744499999999999886e+02
3.891499999999999773e+02
3.780500000000000114e+02
5.091499999999999773e+02
5.081499999999999773e+02
5.061499999999999773e+02
4.941499999999999773e+02
5.221499999999999773e+02
5.141499999999999773e+02
4.211499999999999773e+02
4.431499999999999773e+02
4.431499999999999773e+02
5.921499999999999773e+02
5.056499999999999773e+02
5.881499999999999773e+02
3.594499999999999886e+02
6.231499999999999773e+02
6.521499999999999773e+02
3.891499999999999773e+02
5.156499999999999773e+02
6.351499999999999773e+02
6.981499999999999773e+02
6.321499999999999773e+02
6.531499999999999773e+02
4.261499999999999773e+02
5.351499999999999773e+02
5.144500000000000455e+02
4.511499999999999773e+02
4.028500000000000227e+02
3.351499999999999773e+02
4.690500000000000114e+02
5.305499999999999545e+02
5.531499999999999773e+02
5.191499999999999773e+02
5.041499999999999773e+02
5.062500000000000000e+02
5.005500000000000114e+02
4.658500000000000227e+02
4.692500000000000000e+02
4.656499999999999773e+02
4.657500000000000000e+02
4.661499999999999773e+02
4.654499999999999886e+02
4.651499999999999773e+02
5.481499999999999773e+02
5.231499999999999773e+02
5.021499999999999773e+02
5.851499999999999773e+02
4.691499999999999773e+02
4.791499999999999773e+02
5.006499999999999773e+02
3.457500000000000000e+02
3.898500000000000227e+02
4.001499999999999773e+02
4.171499999999999773e+02
4.031499999999999773e+02
3.721499999999999773e+02
3.741499999999999773e+02
4.881499999999999773e+02
4.811499999999999773e+02
4.138500000000000227e+02
4.421499999999999773e+02
3.411499999999999773e+02
4.121499999999999773e+02
3.679499999999999886e+02
4.326499999999999773e+02
4.351499999999999773e+02
5.841499999999999773e+02
6.241499999999999773e+02
4.175500000000000114e+02
4.122500000000000000e+02
4.114499999999999886e+02
4.900299999999999727e+02
4.840899999999999750e+02
4.842900000000000205e+02
4.741800000000000068e+02
5.004599999999999795e+02
4.948600000000000136e+02
6.531499999999999773e+02
