4.879999999999999716e+01
4.829999999999999716e+01
4.879999999999999716e+01
5.300000000000000000e+01
4.429999999999999716e+01
4.500000000000000000e+01
4.200000000000000000e+01
3.850000000000000000e+01
3.900000000000000000e+01
3.110000000000000142e+01
3.200000000000000000e+01
5.339999999999999858e+01
4.029999999999999716e+01
4.110000000000000142e+01
4.060000000000000142e+01
3.839999999999999858e+01
3.270000000000000284e+01
3.600000000000000000e+01
2.000000000000000000e+01
6.709999999999999432e+01
5.600000000000000000e+01
2.900000000000000000e+01
3.600000000000000000e+01
2.989999999999999858e+01
3.400000000000000000e+01
5.070000000000000284e+01
4.550000000000000000e+01
5.070000000000000284e+01
3.600000000000000000e+01
4.600000000000000000e+01
3.300000000000000000e+01
5.200000000000000000e+01
3.120000000000000284e+01
4.620000000000000284e+01
4.629999999999999716e+01
4.679999999999999716e+01
3.910000000000000142e+01
4.220000000000000284e+01
6.000000000000000000e+01
2.800000000000000000e+01
2.850000000000000000e+01
2.819999999999999929e+01
6.800000000000000000e+01
3.579999999999999716e+01
3.600000000000000000e+01
5.400000000000000000e+01
4.700000000000000000e+01
5.700000000000000000e+01
4.260000000000000142e+01
4.770000000000000284e+01
6.490000000000000568e+01
5.629999999999999716e+01
5.690000000000000568e+01
4.750000000000000000e+01
3.100000000000000000e+01
3.610000000000000142e+01
4.079999999999999716e+01
