4.877417220565124012e+01
5.072250630415988581e+01
4.683226839048217016e+01
5.093911745100083976e+01
4.652213086248114848e+01
4.568951766800361725e+01
4.247321890239864217e+01
4.348566553830246306e+01
4.326830123437680697e+01
2.707348296190436798e+01
2.748028344830811776e+01
5.137341830844810175e+01
4.118657274455044615e+01
4.118657274455044615e+01
4.118657274455044615e+01
4.118657274455044615e+01
3.474921321133173535e+01
3.258894205542642908e+01
2.153784343679187430e+01
5.943791740553136549e+01
5.464006174584008591e+01
3.119773938100251343e+01
3.641632343220788215e+01
3.131528113340903019e+01
3.414894632561032495e+01
3.466046971184206171e+01
4.845875081121577921e+01
4.487858800586467822e+01
4.411761889936106940e+01
4.411761889936106940e+01
4.411761889936106940e+01
4.256000572317093145e+01
3.317679308027663154e+01
4.727299849873554649e+01
4.727299849873554649e+01
4.727299849873554649e+01
3.928699750073231911e+01
3.928699750073231911e+01
5.891372399119198633e+01
2.988057790252017654e+01
2.612946948281118154e+01
2.821669310230912942e+01
6.590627378871923270e+01
3.459673291001682571e+01
4.599228327963995611e+01
5.798185637434482942e+01
4.895441519083182413e+01
5.184779907903005380e+01
4.314175940728868852e+01
4.794727174707767858e+01
6.343063708263522926e+01
5.493521512420053199e+01
5.390011513386031794e+01
4.487858800586467822e+01
3.208314714889552022e+01
4.225065236688262615e+01
4.442300603239974777e+01
