8.330238965999299694e+00
8.330238965885977009e+00
8.330238964928705414e+00
8.330238965473629520e+00
8.330238964897555221e+00
8.330238964862513029e+00
8.330238964926280687e+00
8.330238964924646439e+00
8.330238964758565956e+00
8.330238967980040599e+00
8.330238967833837549e+00
8.330238966305875792e+00
8.330238964823802661e+00
8.330238964823802661e+00
8.330238964823802661e+00
8.330238964823802661e+00
8.330238966503266340e+00
8.330238966038258752e+00
8.330238972780135143e+00
8.330238968215336826e+00
8.330238967054043542e+00
8.330238966479395657e+00
8.330238965370149629e+00
8.330238966358001207e+00
8.330238965689579445e+00
8.330238965687685848e+00
8.330238965500264214e+00
8.330238965042401134e+00
8.330238964790241951e+00
8.330238964790241951e+00
8.330238964790241951e+00
8.330238964783296396e+00
8.330238966276724000e+00
8.330238964965765547e+00
8.330238964965765547e+00
8.330238964965765547e+00
8.330238965469638046e+00
8.330238965469638046e+00
8.330238968005176048e+00
8.330238967355581892e+00
8.330238968268671940e+00
8.330238967578297959e+00
8.330238970887238636e+00
8.330238965645655469e+00
8.330238964964957304e+00
8.330238967338081224e+00
8.330238965201218093e+00
8.330238965801802564e+00
8.330238965244364024e+00
8.330238965439052734e+00
8.330238969551242434e+00
8.330238966473366702e+00
8.330238966305863357e+00
8.330238965042401134e+00
8.330238966163028280e+00
8.330238964769256071e+00
8.330238965180789990e+00
