1.715000000000000000e+02
1.735000000000000000e+02
1.095000000000000000e+02
1.655000000000000000e+02
2.135000000000000000e+02
5.205000000000000000e+02
3.425000000000000000e+02
3.375000000000000000e+02
3.995000000000000000e+02
5.065000000000000000e+02
5.675000000000000000e+02
4.505000000000000000e+02
5.535000000000000000e+02
3.385000000000000000e+02
4.775000000000000000e+02
3.525000000000000000e+02
1.311500000000000000e+03
2.275000000000000000e+02
2.095000000000000000e+02
3.435000000000000000e+02
2.655000000000000000e+02
4.245000000000000000e+02
4.245000000000000000e+02
2.765000000000000000e+02
3.175000000000000000e+02
2.915000000000000000e+02
2.855000000000000000e+02
2.835000000000000000e+02
2.725000000000000000e+02
2.405000000000000000e+02
2.395000000000000000e+02
5.275000000000000000e+02
3.975000000000000000e+02
3.865000000000000000e+02
2.885000000000000000e+02
2.775000000000000000e+02
4.815000000000000000e+02
5.695000000000000000e+02
5.285000000000000000e+02
3.785000000000000000e+02
4.535000000000000000e+02
2.435000000000000000e+02
2.215000000000000000e+02
1.705000000000000000e+02
1.775000000000000000e+02
3.305000000000000000e+02
4.765000000000000000e+02
1.405000000000000000e+02
2.975000000000000000e+02
3.265000000000000000e+02
2.645000000000000000e+02
2.525000000000000000e+02
2.515000000000000000e+02
2.395000000000000000e+02
1.835000000000000000e+02
2.855000000000000000e+02
1.995000000000000000e+02
3.055000000000000000e+02
3.125000000000000000e+02
3.335000000000000000e+02
2.575000000000000000e+02
2.645000000000000000e+02
1.615000000000000000e+02
4.775000000000000000e+02
6.125000000000000000e+02
6.535000000000000000e+02
6.195000000000000000e+02
6.085000000000000000e+02
6.085000000000000000e+02
6.015000000000000000e+02
5.765000000000000000e+02
4.865000000000000000e+02
4.835000000000000000e+02
6.895000000000000000e+02
8.755000000000000000e+02
3.615000000000000000e+02
2.395000000000000000e+02
2.255000000000000000e+02
2.525000000000000000e+02
3.765000000000000000e+02
2.955000000000000000e+02
2.955000000000000000e+02
2.825000000000000000e+02
1.547500000000000000e+03
4.075000000000000000e+02
2.945000000000000000e+02
3.155000000000000000e+02
4.255000000000000000e+02
6.575000000000000000e+02
5.455000000000000000e+02
4.825000000000000000e+02
4.235000000000000000e+02
5.355000000000000000e+02
2.995000000000000000e+02
2.995000000000000000e+02
1.655000000000000000e+02
2.945000000000000000e+02
1.099500000000000000e+03
5.065000000000000000e+02
5.875000000000000000e+02
2.955000000000000000e+02
3.405000000000000000e+02
3.935000000000000000e+02
3.595000000000000000e+02
3.475000000000000000e+02
3.535000000000000000e+02
4.155000000000000000e+02
1.655000000000000000e+02
5.285000000000000000e+02
4.725000000000000000e+02
4.715000000000000000e+02
4.725000000000000000e+02
5.355000000000000000e+02
5.215000000000000000e+02
3.115000000000000000e+02
4.165000000000000000e+02
4.155000000000000000e+02
4.035000000000000000e+02
5.395000000000000000e+02
3.685000000000000000e+02
3.685000000000000000e+02
3.685000000000000000e+02
7.595000000000000000e+02
2.015000000000000000e+02
1.323500000000000000e+03
9.875000000000000000e+02
4.065000000000000000e+02
7.635000000000000000e+02
1.267500000000000000e+03
1.286500000000000000e+03
7.655000000000000000e+02
7.615000000000000000e+02
7.265000000000000000e+02
6.885000000000000000e+02
1.179500000000000000e+03
3.375000000000000000e+02
2.055000000000000000e+02
4.175000000000000000e+02
1.665000000000000000e+02
3.935000000000000000e+02
4.155000000000000000e+02
4.345000000000000000e+02
2.855000000000000000e+02
1.765000000000000000e+02
3.755000000000000000e+02
4.575000000000000000e+02
3.975000000000000000e+02
3.775000000000000000e+02
4.165000000000000000e+02
3.685000000000000000e+02
4.425000000000000000e+02
1.295000000000000000e+02
4.715000000000000000e+02
5.655000000000000000e+02
4.775000000000000000e+02
5.095000000000000000e+02
5.015000000000000000e+02
4.965000000000000000e+02
6.155000000000000000e+02
4.475000000000000000e+02
2.215000000000000000e+02
4.715000000000000000e+02
4.725000000000000000e+02
3.915000000000000000e+02
2.575000000000000000e+02
6.775000000000000000e+02
6.215000000000000000e+02
4.215000000000000000e+02
4.535000000000000000e+02
3.415000000000000000e+02
3.415000000000000000e+02
3.415000000000000000e+02
3.415000000000000000e+02
3.335000000000000000e+02
3.195000000000000000e+02
4.315000000000000000e+02
2.585000000000000000e+02
2.815000000000000000e+02
1.655000000000000000e+02
1.095000000000000000e+02
3.375000000000000000e+02
3.375000000000000000e+02
3.375000000000000000e+02
1.945000000000000000e+02
2.545000000000000000e+02
1.211500000000000000e+03
9.875000000000000000e+02
1.011500000000000000e+03
1.006500000000000000e+03
9.685000000000000000e+02
3.705000000000000000e+02
3.015000000000000000e+02
4.445000000000000000e+02
4.505000000000000000e+02
4.275000000000000000e+02
4.755000000000000000e+02
4.515000000000000000e+02
4.465000000000000000e+02
4.405000000000000000e+02
4.405000000000000000e+02
4.405000000000000000e+02
4.335000000000000000e+02
4.335000000000000000e+02
4.335000000000000000e+02
4.085000000000000000e+02
4.075000000000000000e+02
4.075000000000000000e+02
4.075000000000000000e+02
6.555000000000000000e+02
1.491500000000000000e+03
9.315000000000000000e+02
9.555000000000000000e+02
9.505000000000000000e+02
9.125000000000000000e+02
4.135000000000000000e+02
3.715000000000000000e+02
2.335000000000000000e+02
2.885000000000000000e+02
2.895000000000000000e+02
5.995000000000000000e+02
1.679500000000000000e+03
3.885000000000000000e+02
3.715000000000000000e+02
4.295000000000000000e+02
4.195000000000000000e+02
4.095000000000000000e+02
3.975000000000000000e+02
3.955000000000000000e+02
3.905000000000000000e+02
3.775000000000000000e+02
3.775000000000000000e+02
2.051500000000000000e+03
3.525000000000000000e+02
3.515000000000000000e+02
3.515000000000000000e+02
3.515000000000000000e+02
3.585000000000000000e+02
5.095000000000000000e+02
4.005000000000000000e+02
5.995000000000000000e+02
6.815000000000000000e+02
3.895000000000000000e+02
2.705000000000000000e+02
2.535000000000000000e+02
2.415000000000000000e+02
3.915000000000000000e+02
4.815000000000000000e+02
5.035000000000000000e+02
5.225000000000000000e+02
4.975000000000000000e+02
5.535000000000000000e+02
4.475000000000000000e+02
3.095000000000000000e+02
4.475000000000000000e+02
5.595000000000000000e+02
5.035000000000000000e+02
3.355000000000000000e+02
2.265000000000000000e+02
4.255000000000000000e+02
4.665000000000000000e+02
4.815000000000000000e+02
2.715000000000000000e+02
4.025000000000000000e+02
4.965000000000000000e+02
5.395000000000000000e+02
3.585000000000000000e+02
1.455000000000000000e+02
1.105000000000000000e+02
2.405000000000000000e+02
3.595000000000000000e+02
3.785000000000000000e+02
2.905000000000000000e+02
2.595000000000000000e+02
2.295000000000000000e+02
1.205000000000000000e+02
3.485000000000000000e+02
3.485000000000000000e+02
3.485000000000000000e+02
3.545000000000000000e+02
3.935000000000000000e+02
3.935000000000000000e+02
3.935000000000000000e+02
3.885000000000000000e+02
4.015000000000000000e+02
3.415000000000000000e+02
3.335000000000000000e+02
3.285000000000000000e+02
3.285000000000000000e+02
3.235000000000000000e+02
3.155000000000000000e+02
2.905000000000000000e+02
2.965000000000000000e+02
3.225000000000000000e+02
3.605000000000000000e+02
3.125000000000000000e+02
3.195000000000000000e+02
4.495000000000000000e+02
7.895000000000000000e+02
2.505000000000000000e+02
4.775000000000000000e+02
4.775000000000000000e+02
4.775000000000000000e+02
5.095000000000000000e+02
4.905000000000000000e+02
4.905000000000000000e+02
4.835000000000000000e+02
4.655000000000000000e+02
4.645000000000000000e+02
4.215000000000000000e+02
4.215000000000000000e+02
4.275000000000000000e+02
4.025000000000000000e+02
3.355000000000000000e+02
3.235000000000000000e+02
4.655000000000000000e+02
4.655000000000000000e+02
5.335000000000000000e+02
2.895000000000000000e+02
3.655000000000000000e+02
3.655000000000000000e+02
3.975000000000000000e+02
3.845000000000000000e+02
3.845000000000000000e+02
3.795000000000000000e+02
3.785000000000000000e+02
3.785000000000000000e+02
3.795000000000000000e+02
3.715000000000000000e+02
3.525000000000000000e+02
3.455000000000000000e+02
3.895000000000000000e+02
2.915000000000000000e+02
2.775000000000000000e+02
2.725000000000000000e+02
2.675000000000000000e+02
2.775000000000000000e+02
4.585000000000000000e+02
3.675000000000000000e+02
2.775000000000000000e+02
3.735000000000000000e+02
2.085000000000000000e+02
4.095000000000000000e+02
3.045000000000000000e+02
1.735000000000000000e+02
1.099500000000000000e+03
1.080500000000000000e+03
5.565000000000000000e+02
5.395000000000000000e+02
5.875000000000000000e+02
5.635000000000000000e+02
5.585000000000000000e+02
5.525000000000000000e+02
5.455000000000000000e+02
5.455000000000000000e+02
5.455000000000000000e+02
5.455000000000000000e+02
5.205000000000000000e+02
1.603500000000000000e+03
1.043500000000000000e+03
1.067500000000000000e+03
1.062500000000000000e+03
1.024500000000000000e+03
5.005000000000000000e+02
4.835000000000000000e+02
5.415000000000000000e+02
5.315000000000000000e+02
5.095000000000000000e+02
5.075000000000000000e+02
5.025000000000000000e+02
4.965000000000000000e+02
4.965000000000000000e+02
4.895000000000000000e+02
4.895000000000000000e+02
4.895000000000000000e+02
4.645000000000000000e+02
4.635000000000000000e+02
4.635000000000000000e+02
5.125000000000000000e+02
7.115000000000000000e+02
1.875000000000000000e+02
1.265000000000000000e+02
3.655000000000000000e+02
8.475000000000000000e+02
6.255000000000000000e+02
8.755000000000000000e+02
8.995000000000000000e+02
8.945000000000000000e+02
8.565000000000000000e+02
3.535000000000000000e+02
2.205000000000000000e+02
2.715000000000000000e+02
3.325000000000000000e+02
3.155000000000000000e+02
3.635000000000000000e+02
3.415000000000000000e+02
3.395000000000000000e+02
3.345000000000000000e+02
3.285000000000000000e+02
3.285000000000000000e+02
3.215000000000000000e+02
3.215000000000000000e+02
2.965000000000000000e+02
2.955000000000000000e+02
5.435000000000000000e+02
6.255000000000000000e+02
2.955000000000000000e+02
3.955000000000000000e+02
3.415000000000000000e+02
5.035000000000000000e+02
4.595000000000000000e+02
8.815000000000000000e+02
5.575000000000000000e+02
3.455000000000000000e+02
3.885000000000000000e+02
6.385000000000000000e+02
6.065000000000000000e+02
5.575000000000000000e+02
5.255000000000000000e+02
3.955000000000000000e+02
3.705000000000000000e+02
5.845000000000000000e+02
5.575000000000000000e+02
5.575000000000000000e+02
5.535000000000000000e+02
8.005000000000000000e+02
7.195000000000000000e+02
2.735000000000000000e+02
4.765000000000000000e+02
4.575000000000000000e+02
3.145000000000000000e+02
4.525000000000000000e+02
2.295000000000000000e+02
4.015000000000000000e+02
2.675000000000000000e+02
2.865000000000000000e+02
2.205000000000000000e+02
2.035000000000000000e+02
2.615000000000000000e+02
2.355000000000000000e+02
2.415000000000000000e+02
2.295000000000000000e+02
2.575000000000000000e+02
2.275000000000000000e+02
2.225000000000000000e+02
2.165000000000000000e+02
1.845000000000000000e+02
3.525000000000000000e+02
4.025000000000000000e+02
3.415000000000000000e+02
2.325000000000000000e+02
4.315000000000000000e+02
5.135000000000000000e+02
4.535000000000000000e+02
4.725000000000000000e+02
4.095000000000000000e+02
4.475000000000000000e+02
5.035000000000000000e+02
3.975000000000000000e+02
1.655000000000000000e+02
2.495000000000000000e+02
2.565000000000000000e+02
2.105000000000000000e+02
2.385000000000000000e+02
4.025000000000000000e+02
1.955000000000000000e+02
3.565000000000000000e+02
3.075000000000000000e+02
7.195000000000000000e+02
7.195000000000000000e+02
7.195000000000000000e+02
2.765000000000000000e+02
1.379500000000000000e+03
8.195000000000000000e+02
8.435000000000000000e+02
8.385000000000000000e+02
8.255000000000000000e+02
8.005000000000000000e+02
5.755000000000000000e+02
3.355000000000000000e+02
3.355000000000000000e+02
3.355000000000000000e+02
2.085000000000000000e+02
2.075000000000000000e+02
2.015000000000000000e+02
3.065000000000000000e+02
1.525000000000000000e+02
2.225000000000000000e+02
4.375000000000000000e+02
2.705000000000000000e+02
2.475000000000000000e+02
4.875000000000000000e+02
5.735000000000000000e+02
5.735000000000000000e+02
5.175000000000000000e+02
5.165000000000000000e+02
5.175000000000000000e+02
5.165000000000000000e+02
2.955000000000000000e+02
2.195000000000000000e+02
4.475000000000000000e+02
3.195000000000000000e+02
1.715500000000000000e+03
2.715000000000000000e+02
3.385000000000000000e+02
2.455000000000000000e+02
2.325000000000000000e+02
4.645000000000000000e+02
3.265000000000000000e+02
1.323500000000000000e+03
7.635000000000000000e+02
7.825000000000000000e+02
7.695000000000000000e+02
7.695000000000000000e+02
7.445000000000000000e+02
9.915000000000000000e+02
3.895000000000000000e+02
5.995000000000000000e+02
4.455000000000000000e+02
2.165000000000000000e+02
3.175000000000000000e+02
3.175000000000000000e+02
1.905000000000000000e+02
2.095000000000000000e+02
2.645000000000000000e+02
2.225000000000000000e+02
1.395000000000000000e+02
2.385000000000000000e+02
3.195000000000000000e+02
2.275000000000000000e+02
2.215000000000000000e+02
4.315000000000000000e+02
4.315000000000000000e+02
4.315000000000000000e+02
4.105000000000000000e+02
4.705000000000000000e+02
5.785000000000000000e+02
5.225000000000000000e+02
4.665000000000000000e+02
4.665000000000000000e+02
4.665000000000000000e+02
4.655000000000000000e+02
1.079500000000000000e+03
6.515000000000000000e+02
6.755000000000000000e+02
6.705000000000000000e+02
6.575000000000000000e+02
6.575000000000000000e+02
8.795000000000000000e+02
2.665000000000000000e+02
3.755000000000000000e+02
3.755000000000000000e+02
3.755000000000000000e+02
3.415000000000000000e+02
3.415000000000000000e+02
3.415000000000000000e+02
3.415000000000000000e+02
3.415000000000000000e+02
3.415000000000000000e+02
