3.107789493147982185e+01
2.997746801869626410e+01
3.493563263557227572e+01
3.026338306094850594e+01
3.005093885561147715e+01
3.278196832932657401e+01
2.806679091681262150e+01
2.862921891477186520e+01
3.035254528568240318e+01
3.280480963446260034e+01
3.148772569155816115e+01
3.083359979863962508e+01
3.388831213041365942e+01
2.852776511919149982e+01
2.967984635753127876e+01
2.864134251294103706e+01
3.463031304367644481e+01
3.666158073271076745e+01
3.310822788528093952e+01
3.405069209289398202e+01
3.471325423984467307e+01
3.224216591075618510e+01
3.224216591075618510e+01
2.857219486571310796e+01
2.869997467634302879e+01
2.865711724744372546e+01
3.040686955768059718e+01
2.862227397979315668e+01
2.828719780812839701e+01
2.950148936783369180e+01
2.940378948977538087e+01
3.211241450209778492e+01
2.815523493697120117e+01
2.898479313467656127e+01
2.929355041852056374e+01
2.839033807886890415e+01
2.864752940744178034e+01
3.186277840158102137e+01
3.085452107815401135e+01
2.776728689753848300e+01
2.840489461377497449e+01
3.099351408963956800e+01
3.066535502724607909e+01
3.361518318996400012e+01
3.045804889379687452e+01
3.256670090703869391e+01
2.921021583560662194e+01
3.315224410600838922e+01
3.016500989633622964e+01
3.155284413454851489e+01
3.377523548608515114e+01
2.885262374791892270e+01
3.146597056099729528e+01
3.124670217782333026e+01
3.461770188372656065e+01
3.317563229827450044e+01
3.369527232872245293e+01
3.078159541596383875e+01
3.075502135922378955e+01
2.967669231821498599e+01
3.066292468445365316e+01
2.956035342180265957e+01
3.019027795056670982e+01
2.967984635753127876e+01
3.143924773900799252e+01
3.045574846653853029e+01
3.060064129724469240e+01
2.966544632619439525e+01
2.966544632619439525e+01
3.166520111905466806e+01
3.136636348496806903e+01
3.539429220835457102e+01
3.726103876684040728e+01
3.340243015251130743e+01
3.620621104971340287e+01
3.408232681147227794e+01
3.301047077273029373e+01
2.946086161417710159e+01
3.185228160752914306e+01
3.479844719873713643e+01
3.038606392953008850e+01
3.216091130349990124e+01
2.967800585336631869e+01
3.737181441397901693e+01
2.917332847541076646e+01
2.962997126167567430e+01
3.147610191812014691e+01
3.144957746408425336e+01
3.564103681680650482e+01
3.145013931456034939e+01
3.224817136567811104e+01
3.072031964240436253e+01
2.993783151656141683e+01
2.994471005530185082e+01
2.994471005530185082e+01
3.236853368453413538e+01
3.100255882801105756e+01
3.724163242514207894e+01
2.847232391881005498e+01
3.194663439869584565e+01
2.900529442764162624e+01
2.811980562771098846e+01
2.836683466520189612e+01
2.904600236774690103e+01
2.823515318471787694e+01
2.822643157625409671e+01
3.049581229990866760e+01
2.954953850896905010e+01
2.914207882069900890e+01
2.772193294492321058e+01
2.770586826988703066e+01
2.772193294492321058e+01
2.993783151656141683e+01
3.245950280075614813e+01
3.147968636366739048e+01
2.829642387871102827e+01
2.826894791658445172e+01
2.831764429573583897e+01
3.626183924572843154e+01
2.861823513100122796e+01
2.861823513100091887e+01
2.861823513100122796e+01
3.626601479599938926e+01
3.091463682964555559e+01
3.459041047642322297e+01
3.718970846210938674e+01
2.904633859376006555e+01
3.697648584265787974e+01
3.676263767824749351e+01
3.643325715083526717e+01
3.014812324006319599e+01
3.290545929419852911e+01
3.381251172391257143e+01
3.556576976492321052e+01
3.690707804718338991e+01
3.130279259629800848e+01
3.026749210096784282e+01
3.098918733484158494e+01
2.952126750639281028e+01
2.853682138682263059e+01
3.006203856439044486e+01
2.805491331278811984e+01
2.859382331634090946e+01
3.042673373175743734e+01
2.838936165224131969e+01
3.139911499310550269e+01
2.815523493697120117e+01
3.117175795775908753e+01
3.041287760973322918e+01
2.939224028553594081e+01
2.890808409909957533e+01
3.411061779365989821e+01
3.081461555076881353e+01
3.043051893658854468e+01
2.825469867744860863e+01
2.853620857260037269e+01
2.847184427286173403e+01
2.815179062325143633e+01
3.116331554027380335e+01
2.816666054887012649e+01
2.870795734957120970e+01
2.770586826988703066e+01
2.772193294492321058e+01
2.827319110159726279e+01
2.872882685379256174e+01
3.159796534369258225e+01
3.082581809680110396e+01
2.878560437654261150e+01
2.840489461377497449e+01
2.812790380059960071e+01
2.812790380059960071e+01
2.812790380059960071e+01
2.808637726036911531e+01
2.867161901241235000e+01
3.031789991789208827e+01
2.855904106303265877e+01
2.900360418137466922e+01
3.318912135239535388e+01
3.075312341767657287e+01
3.247147431166092701e+01
2.924947712988467075e+01
2.924947712988467075e+01
2.924947712988467075e+01
3.123844551165263894e+01
3.249795278467968274e+01
3.690691677260294767e+01
3.526932850987525825e+01
3.624564803193660367e+01
3.381465834664832215e+01
3.408232754799318798e+01
3.208156236133941519e+01
3.074002695901729609e+01
2.890389002109539973e+01
2.909824792512250724e+01
3.092841020526984153e+01
3.513047080007608258e+01
2.818774331842769598e+01
2.893055603178544644e+01
2.821050145361079586e+01
2.821050145361079586e+01
2.821050145361079586e+01
2.851470714568698739e+01
2.851470714568698739e+01
2.851470714568698739e+01
2.833886783100901141e+01
2.828727946838302287e+01
2.828727946838302287e+01
2.828727946838302287e+01
3.328026372666664656e+01
3.728167947951108374e+01
3.526733673626268484e+01
3.618813602828931408e+01
3.512759621115530706e+01
3.406692108843319744e+01
3.633877007489026312e+01
3.598117433989874314e+01
3.292521422427706312e+01
2.932840394854802213e+01
2.946830763992925029e+01
2.966306492252134674e+01
3.657555319729218724e+01
2.843371657753628767e+01
3.152129964593113343e+01
2.843364106629018551e+01
3.058762614690319026e+01
2.941897496236428466e+01
2.990873983629587585e+01
2.810609056227519886e+01
2.850500599369945931e+01
2.828654613869832701e+01
2.828654613869832701e+01
3.757406052650163275e+01
2.815761658898146180e+01
2.811790731092572315e+01
2.811790731092572315e+01
2.811790731092572315e+01
2.949345201392604565e+01
2.853620857260037269e+01
2.892937767350011313e+01
2.966306492252134674e+01
3.571899101640256191e+01
2.855776073557946404e+01
2.856612928880639402e+01
3.337128644932565891e+01
2.963288725091787157e+01
2.827319110159726279e+01
2.864752940744178034e+01
2.824360832831107615e+01
3.096926321855129771e+01
2.929240611249512938e+01
3.047023164551993446e+01
2.816666054887012649e+01
3.009935811895917723e+01
2.816666054887012649e+01
2.978844946208038280e+01
2.824360832831107615e+01
2.817705792492911954e+01
2.870184612494384169e+01
2.906955407472981889e+01
3.006556707130252448e+01
2.864752940744178034e+01
2.824856354716042972e+01
2.989860026396309323e+01
3.119496354007969430e+01
3.187583054239437885e+01
2.949345201392604565e+01
3.149390833218557262e+01
3.102986645098568630e+01
2.915957218565936415e+01
3.270824583895372228e+01
2.776728689753848300e+01
2.864203626720322760e+01
2.891685877095660118e+01
2.940586360056405368e+01
3.127428956501300306e+01
2.841640840600993201e+01
2.841640840600993201e+01
2.841640840600993201e+01
2.880928841826120745e+01
2.853682138682263059e+01
2.853682138682263059e+01
2.853682138682263059e+01
2.892652643687489444e+01
3.007444723634342054e+01
2.808637726036817739e+01
2.834278235143218438e+01
2.803982006334039667e+01
2.803982006334039667e+01
2.803950034211552378e+01
2.879960264536710923e+01
2.886685138494647518e+01
2.893460879781993711e+01
2.810621631852231062e+01
2.931079636739822547e+01
3.004271180711308631e+01
2.999826520232614513e+01
3.029159333982152091e+01
3.596076514457905660e+01
2.976445874147201565e+01
2.825469867744860863e+01
2.825469867744860863e+01
2.825469867744860863e+01
2.853620857260037269e+01
2.812119186088732903e+01
2.812119186088732903e+01
2.889586759839501795e+01
2.844278440754267123e+01
2.847755105240846518e+01
2.878560437654261150e+01
2.878560437654261150e+01
2.884262360289180904e+01
2.838224262341505266e+01
2.817705792492911954e+01
2.938498327966814117e+01
2.973986317799004553e+01
2.973986317799004553e+01
3.004056479409732461e+01
3.027843249947283866e+01
2.944982139716102765e+01
2.944982139716102765e+01
2.815523493697120117e+01
2.786777367274464368e+01
2.786777367274464368e+01
2.773464502859169301e+01
2.776728689753848300e+01
2.776728689753848300e+01
2.773464502859169301e+01
2.853292063766009434e+01
2.815761658898146180e+01
2.843439431122156336e+01
2.837704996229599885e+01
2.865711724744495470e+01
2.899555883831323300e+01
2.828719780812839701e+01
2.820661330983680060e+01
2.868833702155205501e+01
3.075422740336845706e+01
3.463719258846858651e+01
2.889346483011490108e+01
3.255727107163706080e+01
2.908200795653007376e+01
3.035166091903901275e+01
2.937398088421837272e+01
3.018156508303403385e+01
3.562665448290263015e+01
3.409407264744856292e+01
2.955990225508686819e+01
3.233076488375876067e+01
3.476632323102469257e+01
3.004039017294567770e+01
3.001125209681373462e+01
2.915251423743010761e+01
2.872863220212593660e+01
2.872863220212593660e+01
2.872863220212593660e+01
2.872863220212593660e+01
2.966426752906519937e+01
3.724966821706341591e+01
3.526803563337180947e+01
3.667790244355066420e+01
3.513204577826238761e+01
3.406693932533449498e+01
2.856384787784609713e+01
3.049355467456410906e+01
2.948825059563239748e+01
3.050167669279352012e+01
3.122920983942285389e+01
2.827388052480024427e+01
2.856904237037273120e+01
2.815179062325143633e+01
2.815179062325143633e+01
2.848313581463665756e+01
2.848313581463665756e+01
2.848313581463665756e+01
2.847755105240846518e+01
2.854637722492617513e+01
2.854637722492617513e+01
2.856012714118882911e+01
3.392848424257643813e+01
3.245277016207180054e+01
3.480760426408344443e+01
3.182381595465125557e+01
3.627932063966338916e+01
3.678515803529922579e+01
3.525181089294388670e+01
3.624222886088038109e+01
3.381419463695905847e+01
3.405337114485645600e+01
3.375554420595853600e+01
3.381920032060185832e+01
3.472790236502309114e+01
2.862782625457608532e+01
3.225866945619842596e+01
3.186770737111413965e+01
2.984581696867415346e+01
2.804563345720476519e+01
2.887213194721610421e+01
2.803982006334039667e+01
2.803982006334039667e+01
2.844213333939919863e+01
2.844213333939919863e+01
2.893460879781993711e+01
2.886403777206009380e+01
3.230162178024063735e+01
3.605233323759121333e+01
3.228934902981946209e+01
3.242376728469335490e+01
3.573827091686597157e+01
3.548411518049067581e+01
3.331257750071269896e+01
3.744277434665896465e+01
2.984606977399276673e+01
3.406527708974876134e+01
3.410378684250907355e+01
3.704265450858908082e+01
3.576467316904027172e+01
2.984606977399276673e+01
3.581481049186362497e+01
3.242376728469335490e+01
3.208156236133941519e+01
3.540733029939959664e+01
2.984606977399276673e+01
2.984606977399276673e+01
3.710805899208788361e+01
3.737119978444351176e+01
3.736537034359565723e+01
3.481319475390463225e+01
3.669297932145165930e+01
3.333269536323489035e+01
3.279948390722165641e+01
3.398703003957562174e+01
3.065750320740973933e+01
3.007444723634342054e+01
2.899539247857299173e+01
3.037468770576608179e+01
2.866539974246264322e+01
3.460030045460336368e+01
2.838709819843659332e+01
2.940321140551415979e+01
2.914244410634219662e+01
3.071925625607212496e+01
2.872882685379256174e+01
2.972250371239842437e+01
2.875989131063166582e+01
2.879900759236991092e+01
3.171848617585761332e+01
2.848094725855514753e+01
2.854742857924487609e+01
2.808637726036911531e+01
2.959417690555444480e+01
2.855904106303265877e+01
3.299061496834497120e+01
2.840489461377497449e+01
2.978390714230236824e+01
2.949834944573741780e+01
2.816666054887012649e+01
2.824360832831107615e+01
2.815523493697089208e+01
3.026338306094850594e+01
2.929522777804826461e+01
2.914737509636764301e+01
3.193882912315724809e+01
3.124725777119881087e+01
2.989860026396309323e+01
3.358991970779555913e+01
2.878320406639618767e+01
3.118258499644787918e+01
3.073463649494972572e+01
3.073463649494972572e+01
3.073463649494972572e+01
3.060813600800246803e+01
3.709894608635708124e+01
3.517206158484676592e+01
3.616118417792926465e+01
3.336020011787933015e+01
3.391686005406581472e+01
3.399350368152357760e+01
3.520150918590720579e+01
3.050709003313883727e+01
3.050709003313883727e+01
3.050709003313883727e+01
2.938385809844035279e+01
2.938334058288196715e+01
3.059646721290317828e+01
3.186976337853257846e+01
3.534161708733848428e+01
3.089204863961136027e+01
2.985354526241353312e+01
2.884222947029835282e+01
3.076995220522723784e+01
2.881810233977249780e+01
2.953283353064139050e+01
2.953283353064139050e+01
2.823998403596344886e+01
2.822622279899103503e+01
2.823998403596344886e+01
2.822622279899103503e+01
3.278360333618089584e+01
3.404174945381464568e+01
3.084011415279810109e+01
3.061903683224206318e+01
3.671312470352214063e+01
3.732427795072123899e+01
3.137182665868863296e+01
3.059899294894749744e+01
3.120263774709606253e+01
3.453102134658200839e+01
3.112830332153243518e+01
3.648982538961408295e+01
3.516279588518202104e+01
3.272480081069168989e+01
3.043141736321872415e+01
3.043141736321872415e+01
3.417985432287460412e+01
3.462104246248547668e+01
2.820348904174145943e+01
2.966306492252134674e+01
3.115266677273098139e+01
3.135314204731361798e+01
3.149539785321196916e+01
3.149539785321196916e+01
3.436930076939582790e+01
2.903997772279873146e+01
3.339434604831119913e+01
3.715925932859574488e+01
3.619566347969207953e+01
3.121676619223218552e+01
3.056963777508516600e+01
2.957771650247972417e+01
2.841838661341293815e+01
2.855904106303265877e+01
2.855904106303265877e+01
2.855904106303265877e+01
2.825898819516451255e+01
2.980782154202546153e+01
3.061624734155630634e+01
2.850190616767160634e+01
2.791367518073754184e+01
2.791367518073754184e+01
2.791367518073754184e+01
2.799981942036369276e+01
3.757421950644567232e+01
3.622566185740682698e+01
3.184239612467644420e+01
3.239300671877119697e+01
3.050888401543279116e+01
3.050888401543279116e+01
3.462036794837185738e+01
2.906638014644712698e+01
2.838936165224131969e+01
2.838936165224131969e+01
2.838936165224131969e+01
2.812790380059960071e+01
2.812790380059960071e+01
2.812790380059960071e+01
2.812790380059960071e+01
2.812790380059897544e+01
2.812790380059897544e+01
