1.667146954400035952e+02
1.743529063619074009e+02
1.172372010228509680e+02
1.661209093668252876e+02
2.073924870563640752e+02
5.440278027351873789e+02
3.476288495090303172e+02
3.380250498477433894e+02
3.975090588293559222e+02
5.036664993709476903e+02
5.614495315058710503e+02
4.575537322766681996e+02
5.574958446993339294e+02
3.389705697617087026e+02
4.903294341452232743e+02
3.552265839590004930e+02
1.492764103928692748e+03
2.278254889507215921e+02
2.334954368797162942e+02
3.283756658970788180e+02
2.680036661642668605e+02
4.126098372457948358e+02
4.126098372457948358e+02
2.776154426511500333e+02
3.226839716756616099e+02
3.003025188643013053e+02
2.826648744939882931e+02
2.932798864135662598e+02
2.774979304096036117e+02
2.368722224833963708e+02
2.356954880324709052e+02
5.420477073015075575e+02
4.077870213895182019e+02
3.925159057414105064e+02
2.936334694855340786e+02
2.806634965868753966e+02
4.932544192460099453e+02
5.640137779304923242e+02
5.479852091154413074e+02
3.842445759722713206e+02
4.686554635717603787e+02
2.535911493700772326e+02
2.219982213636453423e+02
1.642206178404700267e+02
1.747131585199307438e+02
3.303451960826450886e+02
4.886675304273270513e+02
1.396210497775811064e+02
3.063607439025697659e+02
3.107914030604251252e+02
2.590958140135289227e+02
2.562024883184939199e+02
2.478902716061109857e+02
2.366185201696335696e+02
1.940814536249905018e+02
3.102789843610160005e+02
1.692450528429282031e+02
3.112249318694840667e+02
3.260494456809722692e+02
3.425825971017979441e+02
2.625385012730883432e+02
2.715113874841985080e+02
1.639718178874713885e+02
4.903294341452232743e+02
6.294326146724737328e+02
6.763359872724456636e+02
6.449143464310193394e+02
6.280164379889258726e+02
6.280164379889258726e+02
6.221879724231805540e+02
5.881864741109519628e+02
4.917142012596684140e+02
4.528891667388996325e+02
7.294070356967376938e+02
9.380197927525450723e+02
3.730012752743622286e+02
2.488156278911105233e+02
2.331372815402409344e+02
2.551197108665764688e+02
3.750476294234576926e+02
2.993408177781025188e+02
2.968014160426064336e+02
2.767611882631254048e+02
1.809082833373952326e+03
4.191064693645870420e+02
3.007810625350490454e+02
3.197736650510355503e+02
4.438296276691941102e+02
6.341351139418665070e+02
5.443443766803711696e+02
4.929481432967206729e+02
4.594610509510034149e+02
5.458727970713675859e+02
2.980421231537488893e+02
2.980421231537488893e+02
1.601528543669285227e+02
2.854817890029740965e+02
1.069772359426582625e+03
5.069045493457039129e+02
6.048052579464946348e+02
3.047117320937606451e+02
3.461233543099881445e+02
4.059985063754188559e+02
3.618977029526862452e+02
3.456120603062463488e+02
3.540464497146282952e+02
4.274943562536335548e+02
1.675467836992614821e+02
5.404985271098523754e+02
4.664196399345510144e+02
4.654586404976798235e+02
4.664196399345510144e+02
5.458727970713675859e+02
5.193333360373443384e+02
3.154210834686742260e+02
4.132052994775336856e+02
4.125067457371565638e+02
4.015127679696984728e+02
5.564527311620987575e+02
3.639516231877586847e+02
3.639516231877743166e+02
3.639516231877586847e+02
7.120092417516433443e+02
2.053960804987680149e+02
1.510089566909334735e+03
9.651090411800162201e+02
4.070486913132330073e+02
8.089322691876469662e+02
1.424794222659191973e+03
1.276706929955179476e+03
7.790395926188180056e+02
7.515128240739065859e+02
7.854754899066517737e+02
7.155653467999225086e+02
1.337676802447507271e+03
3.305923491111038857e+02
2.057397200752719755e+02
4.534284373872168317e+02
1.683107240630423007e+02
4.049716537293780334e+02
4.276622830667834023e+02
4.396975191985641231e+02
2.952809331054605764e+02
1.756603785023399382e+02
3.747189714403301650e+02
4.787985407394569961e+02
4.077870213895182019e+02
3.775876650296556818e+02
4.283177024594424438e+02
3.715886728397802017e+02
4.556670674656659230e+02
1.358110962224314449e+02
4.807071212151652162e+02
5.927206631415424454e+02
4.717697190951875541e+02
5.277115832940452265e+02
5.232115463456208317e+02
5.016300645040360564e+02
6.397657787050225124e+02
4.614249080102262610e+02
2.279018881532369676e+02
4.654586404976798235e+02
4.664196399345510144e+02
3.995548224721194401e+02
2.649175629992840868e+02
7.268925841966702137e+02
6.471969850602458791e+02
4.169924184552552902e+02
4.686554635717603787e+02
3.899702183480699205e+02
3.899702183480699205e+02
3.899702183480699205e+02
3.479196776651712639e+02
3.353311658581902179e+02
3.262435054695191070e+02
4.366875447878270506e+02
2.650590891658205237e+02
2.800112089024262332e+02
1.653700238704134335e+02
1.163653966383167813e+02
3.365494358554333303e+02
3.365494358554333303e+02
3.365494358554333303e+02
2.035001652406400012e+02
2.638213143459357752e+02
1.368247221851078166e+03
1.079655861542531284e+03
1.125376282615155560e+03
1.097172341071604933e+03
1.051526625802356193e+03
3.690173291726648017e+02
3.048481681948071582e+02
4.449310275782943904e+02
4.487498992804814293e+02
4.226039230219708429e+02
4.696250182220592819e+02
4.662384495852413124e+02
4.464536852767882351e+02
4.430566642580080838e+02
4.430566642580080838e+02
4.430566642580080838e+02
4.388293051955091073e+02
4.388293051955091073e+02
4.388293051955091073e+02
4.061513846396259737e+02
4.052640434547307109e+02
4.052640434547307109e+02
4.052640434547307109e+02
6.806831372445305988e+02
1.740164199214761084e+03
1.009207805708344949e+03
1.054996913963916995e+03
1.025482430334896662e+03
9.850028777067880128e+02
3.310983436878229327e+02
3.439241887598512903e+02
2.247360639589531672e+02
2.812011792227485216e+02
2.818707426774633404e+02
6.151434513748896507e+02
2.052652533910459624e+03
3.914797015128788189e+02
3.711564906684081961e+02
4.366979721825989600e+02
4.555649743403104708e+02
4.206823262794864604e+02
3.942167981792511000e+02
4.051083345685048016e+02
3.956495627595092515e+02
3.824061361875119474e+02
3.824061361875119474e+02
2.699577355176529181e+03
3.527086898521788498e+02
3.513369252406345709e+02
3.513369252406345709e+02
3.513369252406345709e+02
3.612397156186491429e+02
5.277115832940452265e+02
4.024361539024517924e+02
6.151434513748896507e+02
6.582771325994556264e+02
3.994287566933476796e+02
2.723749308067417587e+02
2.535731618371023899e+02
2.380538871664709575e+02
3.995548224721194401e+02
4.932544192460099453e+02
5.244425678268352158e+02
5.427237037682493792e+02
5.202020440318021883e+02
5.779575631476570834e+02
4.614249080102262610e+02
3.120695827597313610e+02
4.614249080102262610e+02
5.861306154358787808e+02
5.244425678268352158e+02
3.434707091297374291e+02
2.302925427023490670e+02
4.311193473722025828e+02
4.825204887056963230e+02
4.932544192460099453e+02
2.765865541608269496e+02
3.968681794403814820e+02
5.085866741994597078e+02
5.499562927240332328e+02
3.612397156186491429e+02
1.473939857311111155e+02
1.184458497434100082e+02
2.482725054100563682e+02
3.761246251307904345e+02
3.842445759722713206e+02
2.991762118864222657e+02
2.655707991955075045e+02
2.357483587643787075e+02
1.300605953467972427e+02
3.484219088708862841e+02
3.484219088708862841e+02
3.484219088708862841e+02
3.523312181108017285e+02
4.049716537293780334e+02
4.049716537293780334e+02
4.049716537293780334e+02
3.995456289356715729e+02
4.016673778757850641e+02
3.479196776651771188e+02
3.418488217266298079e+02
3.310680200255484920e+02
3.310680200255484920e+02
3.271666011001023548e+02
3.191287271224363167e+02
2.914159173999158270e+02
2.994315547946083029e+02
3.264105078773031892e+02
3.632630790831166792e+02
3.154743819240286484e+02
3.326268405632933991e+02
4.578878840594189228e+02
8.324837023452364519e+02
2.514282590403267363e+02
4.717697190951875541e+02
4.717697190951875541e+02
4.717697190951875541e+02
5.277115832940452265e+02
4.986963840931173877e+02
4.986963840931173877e+02
4.939613151069507353e+02
4.639979769900077713e+02
4.631509045914965554e+02
4.169924184552552902e+02
4.169924184552552902e+02
4.357437920094857304e+02
4.005363690386073472e+02
3.434707091297437955e+02
3.347846881495535172e+02
4.703990266394894206e+02
4.703990266394894206e+02
5.471729765627651432e+02
2.828457784086979245e+02
3.669368475828619012e+02
3.669368475828619012e+02
4.077870213895182019e+02
3.904601702176298090e+02
3.904601702176298090e+02
3.853647542025161101e+02
3.842445759722713206e+02
3.842445759722713206e+02
3.853647542025161101e+02
3.760805536872864536e+02
3.527086898521788498e+02
3.426961643633735548e+02
3.948296835170500572e+02
3.003025188643233037e+02
2.870622738029147740e+02
2.774979304096036117e+02
2.731498066579586066e+02
2.824052354852429403e+02
4.629928196289746438e+02
4.149339873744672218e+02
2.880952029207456917e+02
3.849352106603244579e+02
2.016857757134225153e+02
4.095871938624434279e+02
3.090945296243135090e+02
1.692804258803215021e+02
1.219417764223053382e+03
1.192326889760989161e+03
5.637870997705394984e+02
5.535016916161093832e+02
5.955302153666368667e+02
5.906857613752017642e+02
5.660043324136236151e+02
5.615511539779147370e+02
5.576112642353272122e+02
5.576112642353272122e+02
5.576112642353272122e+02
5.576112642353272122e+02
5.246555779287988344e+02
1.915464298286462963e+03
1.160537591380795220e+03
1.237977735505381816e+03
1.167877085714945451e+03
1.124179606294821951e+03
5.005034099772465197e+02
4.791729910607307943e+02
5.541729099805398846e+02
5.440175873294538178e+02
5.046954193196422693e+02
5.266344427758483562e+02
5.051981400871134724e+02
5.016300645040360564e+02
5.016300645040360564e+02
4.961641887240458573e+02
4.961641887240458573e+02
4.961641887240458573e+02
4.631509045914965554e+02
4.623024554447404739e+02
4.623024554447404739e+02
5.144404993233749792e+02
7.540979333716065867e+02
1.930312888152752748e+02
1.344226848182573804e+02
3.730653372704711614e+02
8.239926879455030075e+02
6.375088937665417461e+02
9.416003619747471021e+02
9.959240640986924973e+02
9.624912089864121754e+02
9.253446330563981519e+02
3.413725766801375130e+02
2.209439873903764635e+02
2.707151295686079493e+02
3.306490018998265441e+02
3.149159985448014822e+02
3.718963669822354632e+02
3.355725306103282151e+02
3.464977050871306119e+02
3.362463008429100455e+02
3.310680200255484920e+02
3.310680200255484920e+02
3.228327524170904326e+02
3.228327524170865672e+02
2.994315547946083029e+02
2.981796168498029260e+02
5.536190708036184560e+02
6.555497403743286213e+02
3.117674690929141548e+02
3.878400717026107714e+02
3.245081477419282692e+02
4.318373871501131589e+02
4.591369231056872309e+02
8.954789738414945077e+02
5.420950875290873228e+02
3.535842897365484419e+02
3.908564446007169408e+02
6.073787080981715008e+02
5.629155947162628308e+02
5.420950875290873228e+02
4.596275824106827486e+02
3.878400717026107714e+02
3.690173291726648017e+02
5.574561589719040740e+02
5.420950875290873228e+02
5.420950875290873228e+02
4.699435377533689007e+02
8.450703605684835793e+02
7.375473719810734110e+02
2.778820195215008653e+02
4.589929249328829997e+02
4.673421041384401065e+02
3.108403614484917625e+02
4.274305086296330387e+02
2.468456858050726055e+02
4.016673778757850641e+02
2.766177615914953094e+02
2.967687904857954209e+02
2.210164142841904606e+02
1.933997645645490024e+02
2.685369098341820973e+02
2.419913819456444344e+02
2.494414158829413282e+02
2.212670118328396995e+02
2.649175629992840868e+02
2.329336901917198475e+02
2.289131592293925053e+02
2.221311519751379535e+02
1.838817064353715978e+02
3.545010680557129490e+02
4.147317834156021377e+02
3.479196776651712639e+02
2.354559054692001894e+02
4.366875447878270506e+02
5.302779520663561925e+02
4.686554635717603787e+02
4.868133355879102737e+02
4.146366582444470623e+02
4.614249080102262610e+02
5.244425678268352158e+02
4.077870213895188272e+02
1.661209093668252876e+02
2.506800388366227708e+02
2.599770605617771366e+02
2.218081525691391960e+02
2.501966578966481620e+02
3.968681794403814820e+02
2.500253934656310264e+02
3.574016393966189753e+02
3.078396210860807969e+02
7.293270684069359504e+02
7.293270684069359504e+02
7.293270684069359504e+02
2.716926715055836894e+02
1.585009135048668213e+03
8.724520568310892941e+02
9.151941022471264660e+02
8.985071512354166998e+02
8.893615356177740523e+02
8.556012894959183086e+02
6.006363446386958458e+02
3.145931606674741943e+02
3.145931606674741943e+02
3.145931606674741943e+02
2.053178887191315880e+02
2.041593293336545116e+02
1.914520193576346969e+02
3.155584206844803248e+02
1.411177715899203235e+02
2.284146726990185527e+02
4.506354382881588663e+02
2.802100499465810799e+02
2.609005133568791166e+02
4.981483701534899637e+02
5.831129778980233596e+02
5.831129778980233596e+02
5.214149295096773358e+02
5.196190830218235988e+02
5.214149295096773358e+02
5.196190830218235988e+02
3.025250197662760456e+02
2.282728266967925492e+02
4.810829432504808096e+02
3.283033942184260354e+02
2.060399178174330245e+03
2.606227191510483294e+02
3.261317083700687363e+02
2.400907296179951800e+02
2.285821719670070991e+02
4.397413673200677522e+02
3.243568728005598700e+02
1.506569059696081240e+03
8.185066068828605239e+02
8.259426777480432520e+02
8.077573184115526601e+02
8.077573184115526601e+02
7.863820015265141592e+02
1.082824406667064750e+03
3.937776679324340421e+02
6.151434513748896507e+02
4.810303324761611634e+02
2.183979642693812480e+02
3.011550000148404251e+02
3.011550000148404251e+02
1.928896114274331808e+02
2.032080594931413771e+02
2.774750608278891377e+02
2.291809913301960080e+02
1.321537960334759987e+02
2.303725571600390367e+02
3.136331090994420947e+02
2.388105044244817918e+02
2.253947693654469333e+02
4.366875447878270506e+02
4.366875447878270506e+02
4.366875447878270506e+02
4.090501432856709698e+02
4.855531854612833627e+02
5.899643716458004974e+02
5.305457674872826601e+02
4.611250298973566260e+02
4.611250298973566260e+02
4.611250298973566260e+02
4.603308047433456522e+02
1.197298566993745226e+03
6.806022651572586710e+02
7.245151372434902441e+02
7.018405171304110581e+02
6.841233380672681506e+02
6.841233380672681506e+02
9.496314160251012026e+02
2.753984513656928357e+02
3.747189714403301650e+02
3.747189714403301650e+02
3.747189714403301650e+02
3.899702183480675330e+02
3.899702183480675330e+02
3.899702183480675330e+02
3.899702183480675330e+02
3.899702183480675330e+02
3.899702183480675330e+02
