7.055615466341591002e+01
8.740557326412273653e+01
6.730162686730004395e+01
7.652383635882246438e+01
6.710770532035108715e+01
6.689240349081673287e+01
6.934883212801909735e+01
8.324216988193938960e+01
8.056514902750795670e+01
7.271091610833524044e+01
7.035655479647257948e+01
6.986658719559579822e+01
6.644995042861562240e+01
6.644995042861575030e+01
6.644995042861562240e+01
7.697580903501237515e+01
7.112697493238368907e+01
8.521013376826904562e+01
6.875190215821376682e+01
6.804886994094412955e+01
7.395019753450925748e+01
7.017870395131774330e+01
6.678334879892847198e+01
6.750855384003608606e+01
6.940798422609552176e+01
7.510456334584243621e+01
7.034757979556881935e+01
7.211784877726840648e+01
8.145295364425388129e+01
6.787632438310166094e+01
6.787632438310166094e+01
6.787632438310166094e+01
6.685405881486805413e+01
7.292446886645333848e+01
6.731742242092992967e+01
6.731742242092992967e+01
6.731742242092992967e+01
7.158646439928449468e+01
7.158646439928449468e+01
6.803268373342186237e+01
7.800849435384797914e+01
6.839900931870280942e+01
7.216060543818470308e+01
6.695225593859117907e+01
6.752364841268899909e+01
6.724888474381552328e+01
6.788100698825263635e+01
6.764949165084493643e+01
6.821825175020917698e+01
6.971486925919657551e+01
7.046760154749527771e+01
7.026815208200370932e+01
6.798059110363053037e+01
6.728256399981529512e+01
6.768811342588284674e+01
7.211784877726840648e+01
8.121033549928260697e+01
8.644651370158847214e+01
8.916317516487984562e+01
