5.653142687777475430e+02
8.251175745349161161e+02
6.757804718101638173e+02
7.069692634753027960e+02
6.866837561944998924e+02
5.956425912727631840e+02
5.371743686281789678e+02
4.689147654148259790e+02
7.405314991742485518e+02
4.867976177277872125e+02
5.663877851765556670e+02
6.519350306982863685e+02
6.757770832578643194e+02
6.757770832578640920e+02
6.757770832578643194e+02
7.952980874428857305e+02
5.578753510926837862e+02
7.620886057604869848e+02
5.990946445210298634e+02
5.972789851837793549e+02
4.547905023888885125e+02
6.349951304132652012e+02
6.894718977101497330e+02
6.415376607200005310e+02
6.005863097487309687e+02
5.826971988773384510e+02
4.960894909884804065e+02
7.745025828647696926e+02
4.354347488522408867e+02
6.868790548199392560e+02
6.868790548199392560e+02
6.868790548199392560e+02
6.663589397867281150e+02
6.746238034077904331e+02
6.413822103132636130e+02
6.413822103132636130e+02
6.413822103132636130e+02
7.871615391031426725e+02
7.871615391031426725e+02
5.970392829171635185e+02
7.251464877085509215e+02
6.898987553786295166e+02
6.546767235447438225e+02
5.992910322782815911e+02
6.179370161895133151e+02
6.935198821608986464e+02
6.267566434003249469e+02
6.162153807130039240e+02
6.132303110291437633e+02
5.634080223276434936e+02
4.897740865345750194e+02
5.944443466982706923e+02
6.186248444345854978e+02
5.763151240866230864e+02
5.709002188432704088e+02
7.745025828647696926e+02
5.255721591808261337e+02
4.424723896585373950e+02
5.695460362076287311e+02
