5.577183595744412514e+02
8.332584703141052387e+02
6.837900983193507045e+02
7.049329344444911385e+02
6.848993273917096758e+02
5.960761951915851569e+02
5.367655947272660342e+02
4.833966292204222555e+02
7.372233410537943428e+02
4.929935382426996284e+02
5.575177731516052972e+02
6.532247331756955191e+02
6.743566052220342044e+02
6.743566052220342044e+02
6.743566052220342044e+02
7.870869210220953391e+02
5.511906245156927753e+02
7.680190372468638316e+02
6.020516807945791697e+02
6.018798743988589877e+02
4.592849525917911251e+02
6.305115199150238823e+02
6.856928634427729321e+02
6.345693248390933832e+02
5.888339586811595154e+02
5.933263054089348998e+02
4.958027541213839413e+02
7.774943835513215618e+02
4.355692801429611336e+02
6.924149047545912481e+02
6.924149047545912481e+02
6.924149047545912481e+02
6.666696886307951218e+02
6.678862205142087305e+02
6.441563620834081121e+02
6.441563620834081121e+02
6.441563620834081121e+02
7.831387283465296605e+02
7.831387283465296605e+02
6.017042499702959049e+02
7.163915502246748019e+02
6.847856802369558409e+02
6.533016392033973716e+02
5.986448637867410980e+02
6.082245955866321765e+02
6.882878533360006941e+02
6.336065355914121255e+02
6.041498013361511994e+02
6.106435008517153165e+02
5.592077128355222158e+02
4.905478957135439941e+02
6.170682428094676197e+02
6.164289303246025611e+02
5.828098320356812110e+02
5.735565886388816352e+02
7.774943835513215618e+02
5.218072983201226407e+02
4.279249640719683612e+02
5.730264143266856536e+02
