5.400000000000000000e+02
8.380000000000000000e+02
7.390000000000000000e+02
6.910000000000000000e+02
7.420000000000000000e+02
5.853999999999999773e+02
5.142999999999999545e+02
3.970000000000000000e+02
7.360000000000000000e+02
4.995000000000000000e+02
5.231000000000000227e+02
6.877000000000000455e+02
6.471000000000000227e+02
6.237999999999999545e+02
6.672999999999999545e+02
7.860000000000000000e+02
5.557999999999999545e+02
7.670000000000000000e+02
6.131000000000000227e+02
6.710000000000000000e+02
4.565000000000000000e+02
5.980000000000000000e+02
6.850000000000000000e+02
6.337999999999999545e+02
5.922999999999999545e+02
6.260000000000000000e+02
4.721999999999999886e+02
8.030000000000000000e+02
4.306000000000000227e+02
7.100000000000000000e+02
7.090000000000000000e+02
6.670000000000000000e+02
7.020000000000000000e+02
6.680000000000000000e+02
6.220000000000000000e+02
6.447999999999999545e+02
6.457999999999999545e+02
7.780000000000000000e+02
7.870000000000000000e+02
5.880000000000000000e+02
7.120000000000000000e+02
6.743999999999999773e+02
6.410000000000000000e+02
5.510000000000000000e+02
6.102999999999999545e+02
6.570000000000000000e+02
6.600000000000000000e+02
5.941399999999999864e+02
6.320000000000000000e+02
5.612999999999999545e+02
4.991999999999999886e+02
6.270000000000000000e+02
6.190000000000000000e+02
6.397000000000000455e+02
5.686000000000000227e+02
7.820000000000000000e+02
5.356000000000000227e+02
4.330000000000000000e+02
5.660000000000000000e+02
