7.158569100419826725e+01
8.103969083757752401e+01
6.785315035513376358e+01
7.692559929301802413e+01
6.835326004783395604e+01
6.784969185927680257e+01
7.249567585629583277e+01
8.048530443739042539e+01
7.961958107067182766e+01
7.574558200728750990e+01
7.138826441241793930e+01
7.134180681585596062e+01
6.705744918949616817e+01
6.705744918949616817e+01
6.705744918949616817e+01
7.723216338714536278e+01
7.217344403465411062e+01
8.115106695766422717e+01
6.910855074441526824e+01
6.808856455691119436e+01
7.597879842554054619e+01
7.270032497505525271e+01
6.768903832696410916e+01
7.052894287090555281e+01
7.268947268781131754e+01
7.637590604593101773e+01
7.113349774313073226e+01
7.250863517147007542e+01
7.914768883974893754e+01
6.779056401874386495e+01
6.779056401874386495e+01
6.779056401874386495e+01
6.993531014571409798e+01
7.452333870087021239e+01
6.793414352559530300e+01
6.793414352559530300e+01
6.793414352559530300e+01
7.200350535255046225e+01
7.200350535255046225e+01
6.807041707147935483e+01
7.850077964667308095e+01
7.017232982698489252e+01
7.297867350252344920e+01
6.799357383806515998e+01
6.922402108517728436e+01
6.863949919309752090e+01
6.952557227005546281e+01
6.997700958933393167e+01
7.033812729002156061e+01
7.056436618576368858e+01
7.129892030510333711e+01
7.552233215097403729e+01
6.971614176363617332e+01
6.833766018091857575e+01
6.948174696399013328e+01
7.250863517147007542e+01
7.904938738521356356e+01
8.073648418010508010e+01
8.214750186811957633e+01
