5.789999999999999858e+01
4.879999999999999716e+01
6.240000000000000568e+01
6.500000000000000000e+01
4.829999999999999716e+01
4.879999999999999716e+01
5.300000000000000000e+01
4.900000000000000000e+01
3.200000000000000000e+01
4.000000000000000000e+01
3.500000000000000000e+01
4.220000000000000284e+01
4.679999999999999716e+01
3.270000000000000284e+01
4.429999999999999716e+01
1.100000000000000000e+01
4.310000000000000142e+01
6.200000000000000000e+01
4.200000000000000000e+01
4.329999999999999716e+01
3.300000000000000000e+01
3.200000000000000000e+01
3.800000000000000000e+01
5.400000000000000000e+01
5.500000000000000000e+01
4.010000000000000142e+01
4.429999999999999716e+01
4.179999999999999716e+01
4.229999999999999716e+01
3.300000000000000000e+01
2.700000000000000000e+01
3.010000000000000142e+01
2.760000000000000142e+01
4.000000000000000000e+01
2.889999999999999858e+01
3.000000000000000000e+01
2.400000000000000000e+01
2.819999999999999929e+01
3.370000000000000284e+01
3.120000000000000284e+01
4.500000000000000000e+01
4.060000000000000142e+01
4.990000000000000568e+01
5.589999999999999858e+01
4.200000000000000000e+01
3.100000000000000000e+01
6.690000000000000568e+01
3.700000000000000000e+01
2.889999999999999858e+01
3.130000000000000071e+01
4.560000000000000142e+01
3.620000000000000284e+01
4.010000000000000142e+01
3.879999999999999716e+01
4.400000000000000000e+01
6.200000000000000000e+01
4.070000000000000284e+01
4.610000000000000142e+01
3.900000000000000000e+01
4.510000000000000142e+01
4.589999999999999858e+01
5.579999999999999716e+01
3.200000000000000000e+01
2.600000000000000000e+01
2.400000000000000000e+01
2.300000000000000000e+01
2.300000000000000000e+01
2.200000000000000000e+01
2.200000000000000000e+01
1.719999999999999929e+01
3.900000000000000000e+01
2.400000000000000000e+01
2.230000000000000071e+01
1.600000000000000000e+01
3.539999999999999858e+01
5.060000000000000142e+01
5.400000000000000000e+01
4.210000000000000142e+01
2.630000000000000071e+01
4.629999999999999716e+01
3.289999999999999858e+01
3.760000000000000142e+01
9.400000000000000355e+00
2.139999999999999858e+01
3.750000000000000000e+01
4.800000000000000000e+01
3.000000000000000000e+01
2.150000000000000000e+01
2.500000000000000000e+01
3.050000000000000000e+01
2.139999999999999858e+01
2.260000000000000142e+01
4.279999999999999716e+01
4.279999999999999716e+01
4.470000000000000284e+01
3.430000000000000426e+01
1.300000000000000000e+01
3.200000000000000000e+01
2.300000000000000000e+01
3.910000000000000142e+01
5.339999999999999858e+01
3.100000000000000000e+01
3.670000000000000284e+01
3.180000000000000071e+01
2.880000000000000071e+01
5.100000000000000000e+01
2.800000000000000000e+01
2.400000000000000000e+01
2.630000000000000071e+01
2.489999999999999858e+01
2.689999999999999858e+01
3.500000000000000000e+01
2.300000000000000000e+01
4.400000000000000000e+01
2.919999999999999929e+01
2.939999999999999858e+01
2.910000000000000142e+01
4.029999999999999716e+01
4.110000000000000142e+01
4.060000000000000142e+01
3.270000000000000284e+01
3.500000000000000000e+01
1.000000000000000000e+01
5.200000000000000000e+01
3.019999999999999929e+01
2.919999999999999929e+01
8.900000000000000355e+00
1.109999999999999964e+01
2.000000000000000000e+01
1.810000000000000142e+01
2.019999999999999929e+01
1.080000000000000071e+01
1.100000000000000000e+01
4.870000000000000284e+01
8.100000000000000000e+01
5.529999999999999716e+01
8.000000000000000000e+01
3.450000000000000000e+01
3.069999999999999929e+01
2.830000000000000071e+01
3.879999999999999716e+01
5.600000000000000000e+01
3.610000000000000142e+01
3.010000000000000142e+01
3.200000000000000000e+01
3.270000000000000284e+01
3.400000000000000000e+01
2.880000000000000071e+01
5.039999999999999858e+01
2.700000000000000000e+01
2.300000000000000000e+01
2.610000000000000142e+01
2.600000000000000000e+01
2.750000000000000000e+01
3.000000000000000000e+01
2.019999999999999929e+01
4.389999999999999858e+01
2.700000000000000000e+01
2.769999999999999929e+01
3.100000000000000000e+01
4.620000000000000284e+01
2.000000000000000000e+01
2.900000000000000000e+01
2.800000000000000000e+01
3.700000000000000000e+01
3.800000000000000000e+01
3.100000000000000000e+01
3.370000000000000284e+01
3.370000000000000284e+01
4.100000000000000000e+01
3.229999999999999716e+01
4.060000000000000142e+01
4.550000000000000000e+01
5.050000000000000000e+01
5.900000000000000000e+01
3.900000000000000000e+01
3.900000000000000000e+01
3.850000000000000000e+01
5.429999999999999716e+01
7.600000000000000000e+01
1.000000000000000000e+01
1.330000000000000071e+01
1.400000000000000000e+01
1.400000000000000000e+01
1.340000000000000036e+01
2.480000000000000071e+01
2.930000000000000071e+01
3.200000000000000000e+01
2.900000000000000000e+01
2.739999999999999858e+01
3.300000000000000000e+01
3.000000000000000000e+01
3.100000000000000000e+01
3.000000000000000000e+01
3.100000000000000000e+01
3.100000000000000000e+01
2.980000000000000071e+01
3.000000000000000000e+01
3.000000000000000000e+01
2.850000000000000000e+01
3.000000000000000000e+01
3.000000000000000000e+01
3.000000000000000000e+01
2.100000000000000000e+01
8.000000000000000000e+00
1.400000000000000000e+01
1.500000000000000000e+01
1.469999999999999929e+01
1.400000000000000000e+01
2.900000000000000000e+01
3.279999999999999716e+01
3.050000000000000000e+01
3.420000000000000284e+01
3.200000000000000000e+01
2.600000000000000000e+01
6.000000000000000000e+00
3.400000000000000000e+01
3.030000000000000071e+01
3.600000000000000000e+01
3.800000000000000000e+01
4.100000000000000000e+01
2.989999999999999858e+01
3.400000000000000000e+01
3.310000000000000142e+01
3.320000000000000284e+01
4.699999999999999289e+00
3.200000000000000000e+01
3.339999999999999858e+01
3.160000000000000142e+01
3.180000000000000071e+01
3.509999999999999432e+01
2.500000000000000000e+01
3.400000000000000000e+01
2.400000000000000000e+01
2.000000000000000000e+01
3.950000000000000000e+01
5.120000000000000284e+01
3.629999999999999716e+01
4.000000000000000000e+01
2.970000000000000284e+01
3.000000000000000000e+01
2.500000000000000000e+01
2.610000000000000142e+01
3.350000000000000000e+01
2.760000000000000142e+01
5.070000000000000284e+01
3.310000000000000142e+01
4.550000000000000000e+01
3.200000000000000000e+01
3.100000000000000000e+01
2.800000000000000000e+01
3.760000000000000142e+01
5.070000000000000284e+01
2.810000000000000142e+01
2.700000000000000000e+01
3.850000000000000000e+01
7.240000000000000568e+01
8.009999999999999432e+01
5.279999999999999716e+01
3.600000000000000000e+01
3.229999999999999716e+01
4.110000000000000142e+01
4.200000000000000000e+01
4.729999999999999716e+01
7.610000000000000853e+01
3.600000000000000000e+01
4.600000000000000000e+01
3.300000000000000000e+01
5.200000000000000000e+01
3.600000000000000000e+01
3.600000000000000000e+01
3.600000000000000000e+01
3.800000000000000000e+01
3.800000000000000000e+01
3.490000000000000568e+01
3.400000000000000000e+01
3.900000000000000000e+01
3.900000000000000000e+01
3.710000000000000142e+01
3.829999999999999716e+01
3.509999999999999432e+01
3.400000000000000000e+01
3.410000000000000142e+01
3.479999999999999716e+01
3.789999999999999858e+01
4.000000000000000000e+01
3.120000000000000284e+01
1.400000000000000000e+01
4.770000000000000284e+01
2.500000000000000000e+01
2.539999999999999858e+01
2.539999999999999858e+01
2.600000000000000000e+01
2.800000000000000000e+01
2.800000000000000000e+01
2.700000000000000000e+01
2.600000000000000000e+01
2.600000000000000000e+01
2.730000000000000071e+01
2.819999999999999929e+01
2.900000000000000000e+01
2.900000000000000000e+01
3.430000000000000426e+01
2.970000000000000284e+01
3.560000000000000142e+01
3.370000000000000284e+01
2.300000000000000000e+01
5.440000000000000568e+01
2.889999999999999858e+01
3.030000000000000071e+01
3.120000000000000284e+01
3.200000000000000000e+01
3.400000000000000000e+01
3.400000000000000000e+01
3.600000000000000000e+01
3.500000000000000000e+01
3.500000000000000000e+01
3.400000000000000000e+01
3.180000000000000071e+01
3.259999999999999432e+01
3.240000000000000568e+01
3.039999999999999858e+01
5.400000000000000000e+01
4.000000000000000000e+01
3.700000000000000000e+01
4.300000000000000000e+01
3.979999999999999716e+01
3.800000000000000000e+01
4.620000000000000284e+01
4.629999999999999716e+01
4.679999999999999716e+01
3.910000000000000142e+01
4.220000000000000284e+01
4.400000000000000000e+01
3.740000000000000568e+01
4.100000000000000000e+01
3.639999999999999858e+01
4.060000000000000142e+01
3.200000000000000000e+01
6.000000000000000000e+01
1.159999999999999964e+01
1.200000000000000000e+01
2.700000000000000000e+01
2.289999999999999858e+01
2.700000000000000000e+01
2.539999999999999858e+01
2.500000000000000000e+01
2.500000000000000000e+01
2.400000000000000000e+01
2.400000000000000000e+01
2.350000000000000000e+01
2.380000000000000071e+01
8.000000000000000000e+00
1.300000000000000000e+01
1.300000000000000000e+01
1.280000000000000071e+01
1.300000000000000000e+01
3.000000000000000000e+01
2.480000000000000071e+01
2.800000000000000000e+01
3.000000000000000000e+01
2.850000000000000000e+01
2.900000000000000000e+01
2.800000000000000000e+01
2.750000000000000000e+01
2.800000000000000000e+01
2.700000000000000000e+01
2.700000000000000000e+01
2.700000000000000000e+01
2.680000000000000071e+01
2.580000000000000071e+01
2.550000000000000000e+01
2.819999999999999929e+01
2.000000000000000000e+01
6.800000000000000000e+01
7.200000000000000000e+01
1.700000000000000000e+01
1.540000000000000036e+01
1.600000000000000000e+01
1.600000000000000000e+01
1.559999999999999964e+01
3.529999999999999716e+01
3.620000000000000284e+01
3.139999999999999858e+01
3.100000000000000000e+01
3.370000000000000284e+01
4.300000000000000000e+01
3.579999999999999716e+01
3.600000000000000000e+01
3.900000000000000000e+01
4.200000000000000000e+01
4.900000000000000000e+01
3.700000000000000000e+01
3.729999999999999716e+01
3.550000000000000000e+01
3.689999999999999858e+01
2.789999999999999858e+01
2.600000000000000000e+01
2.200000000000000000e+01
2.850000000000000000e+01
2.330000000000000071e+01
2.780000000000000071e+01
2.239999999999999858e+01
2.600000000000000000e+01
1.450000000000000000e+01
1.950000000000000000e+01
2.530000000000000071e+01
2.330000000000000071e+01
1.629999999999999716e+01
1.700000000000000000e+01
1.880000000000000071e+01
2.539999999999999858e+01
2.019999999999999929e+01
1.870000000000000284e+01
1.689999999999999858e+01
2.900000000000000000e+01
1.559999999999999964e+01
1.659999999999999787e+01
3.100000000000000000e+01
2.039999999999999858e+01
2.100000000000000000e+01
2.639999999999999858e+01
2.700000000000000000e+01
5.500000000000000000e+01
3.600000000000000000e+01
3.600000000000000000e+01
5.400000000000000000e+01
4.700000000000000000e+01
5.039999999999999858e+01
4.250000000000000000e+01
5.700000000000000000e+01
5.900000000000000000e+01
6.700000000000000000e+01
4.260000000000000142e+01
4.700000000000000000e+01
4.500000000000000000e+01
5.100000000000000000e+01
4.700000000000000000e+01
4.560000000000000142e+01
3.650000000000000000e+01
3.100000000000000000e+01
3.370000000000000284e+01
4.770000000000000284e+01
3.200000000000000000e+01
2.600000000000000000e+01
2.720000000000000284e+01
2.870000000000000284e+01
3.100000000000000000e+01
3.100000000000000000e+01
5.629999999999999716e+01
6.490000000000000568e+01
5.629999999999999716e+01
8.000000000000000000e+01
5.690000000000000568e+01
4.750000000000000000e+01
6.300000000000000000e+01
3.900000000000000000e+01
2.900000000000000000e+01
2.200000000000000000e+01
2.500000000000000000e+01
4.570000000000000284e+01
9.000000000000000000e+00
1.559999999999999964e+01
1.900000000000000000e+01
1.600000000000000000e+01
1.700000000000000000e+01
1.580000000000000071e+01
2.800000000000000000e+01
3.790999999999999659e+01
3.750000000000000000e+01
3.800000000000000000e+01
4.060000000000000142e+01
4.610000000000000142e+01
3.960000000000000142e+01
3.050000000000000000e+01
3.750000000000000000e+01
5.289999999999999858e+01
3.600000000000000000e+01
4.800000000000000000e+01
5.400000000000000000e+01
2.900000000000000000e+01
2.510000000000000142e+01
2.189999999999999858e+01
2.739999999999999858e+01
2.600000000000000000e+01
2.489999999999999858e+01
2.720000000000000284e+01
6.500000000000000000e+01
5.700000000000000000e+01
4.129999999999999716e+01
6.000000000000000000e+00
5.800000000000000000e+01
4.210000000000000142e+01
4.410000000000000142e+01
5.450000000000000000e+01
3.300000000000000000e+01
3.389999999999999858e+01
9.000000000000000000e+00
1.680000000000000071e+01
1.800000000000000000e+01
1.800000000000000000e+01
1.700000000000000000e+01
1.739999999999999858e+01
1.500000000000000000e+01
3.100000000000000000e+01
2.319999999999999929e+01
3.300000000000000000e+01
3.610000000000000142e+01
4.100000000000000000e+01
3.800000000000000000e+01
3.760000000000000142e+01
4.810000000000000142e+01
3.509999999999999432e+01
3.950000000000000000e+01
4.829999999999999716e+01
3.360000000000000142e+01
2.650000000000000000e+01
3.520000000000000284e+01
4.079999999999999716e+01
3.450000000000000000e+01
3.300000000000000000e+01
3.130000000000000071e+01
2.960000000000000142e+01
2.600000000000000000e+01
2.319999999999999929e+01
2.460000000000000142e+01
2.730000000000000071e+01
2.569999999999999929e+01
2.819999999999999929e+01
2.720000000000000284e+01
1.240000000000000036e+01
2.010000000000000142e+01
2.100000000000000000e+01
2.150000000000000000e+01
2.080000000000000071e+01
2.019999999999999929e+01
1.600000000000000000e+01
4.170000000000000284e+01
3.740000000000000568e+01
3.539999999999999858e+01
3.550000000000000000e+01
4.100000000000000000e+01
3.500000000000000000e+01
3.900000000000000000e+01
3.800000000000000000e+01
4.900000000000000000e+01
3.800000000000000000e+01
