6.186412200361826308e+01
4.965776845932946060e+01
7.030114516322967688e+01
5.531628314511633704e+01
5.235339232373729601e+01
4.559059383120522568e+01
5.100376749200071913e+01
4.817728332845136663e+01
3.121809351187400949e+01
3.971810045640540920e+01
3.471444879613814294e+01
3.918536633698224847e+01
4.349846811061682672e+01
3.013485001950920861e+01
4.534833861831860702e+01
1.093506385465160236e+01
4.752779830467854794e+01
5.530395302113764444e+01
4.131144887957791667e+01
4.668297098046172522e+01
3.210075556962872412e+01
3.210075556962872412e+01
3.793392663567900058e+01
5.083897442216823492e+01
5.016854770135167740e+01
4.179468922831757993e+01
4.365853005053352121e+01
4.178531220181209704e+01
4.086719243220574782e+01
3.350188302124633566e+01
3.053934369874766475e+01
3.146740292773956327e+01
2.954766497641688261e+01
4.191454306138551544e+01
2.937490546210337428e+01
2.990758236804473569e+01
2.587258940723064171e+01
2.655017897812838257e+01
3.359961550670875852e+01
3.183229087409813829e+01
4.340017893721765319e+01
4.276595524267754200e+01
4.910865719608929680e+01
5.242860324855290344e+01
3.953142544310340867e+01
2.726400799592338231e+01
5.873089271920828480e+01
3.755558487347531837e+01
3.312249829840727955e+01
3.551827640338014902e+01
4.156441648515925635e+01
3.756026271283021600e+01
3.984241842781507614e+01
4.582087563477853820e+01
4.968070697495383570e+01
4.743807791788873374e+01
4.080775838309423165e+01
4.264846929844624412e+01
4.198840664796679789e+01
4.543909442682057431e+01
4.784491624943290589e+01
6.002070750774655750e+01
3.013485001950920861e+01
2.310677642261163101e+01
2.370379977394464532e+01
2.344594228120843837e+01
2.360817596868552215e+01
2.288942067738284791e+01
2.288942067738284791e+01
1.742282284570445583e+01
3.412040056106158659e+01
2.653012692422277397e+01
2.081631889890667964e+01
1.716009088936794313e+01
3.907788891242024221e+01
4.545062364983964898e+01
4.869746646834430237e+01
4.263979669913089765e+01
2.822260941156266156e+01
3.956804792088009037e+01
3.499790814527354144e+01
3.714045758292853350e+01
8.997516094199625059e+00
3.003567295383129832e+01
3.894036347795979225e+01
4.795670744732194635e+01
2.943091139506226739e+01
2.066835831535178158e+01
2.464495288762519465e+01
2.956692098311492600e+01
3.096730006205767438e+01
2.551844919458348215e+01
3.973195279389011603e+01
3.973195279389011603e+01
4.801346026403700762e+01
3.277656137720632046e+01
1.347945007374706705e+01
2.655749115736919208e+01
2.438645491621420547e+01
3.682645359181643130e+01
5.357763311624488267e+01
3.146192644477864775e+01
3.381161185056478757e+01
3.287838352702260636e+01
3.045889281411407623e+01
5.354987900116557853e+01
2.806051329253503468e+01
2.328890617371734351e+01
2.624970812674465392e+01
2.624970812674465392e+01
2.624970812674465392e+01
3.435721234858407769e+01
2.134125633186589965e+01
4.932722723736053894e+01
2.865329781602573789e+01
2.873718846778781000e+01
2.993186878253622396e+01
3.965326822066494117e+01
3.965326822066494117e+01
3.965326822066494117e+01
3.236313347206701252e+01
3.096730006205767438e+01
9.810040635128547848e+00
5.343884226144596283e+01
2.982147960509690421e+01
3.051237246954921289e+01
8.398028247102963917e+00
1.049428718996833609e+01
1.992989050796232320e+01
1.914882200312900906e+01
1.972008466783314873e+01
1.098199444794720137e+01
1.164391038649481658e+01
5.214806466758867032e+01
7.348172180303490109e+01
5.876761246414508122e+01
6.928306306511871071e+01
3.514113165868221955e+01
3.056926056822766924e+01
2.835366639921951304e+01
3.864617539844898886e+01
5.867608261241371537e+01
3.600224848085192519e+01
3.199927283839729242e+01
3.121725700131826997e+01
3.147793019877520493e+01
3.387688596309182998e+01
2.889394728046520555e+01
5.585683774504204280e+01
2.776065389415811779e+01
2.362905888140630495e+01
2.605614063987985674e+01
2.587258940723064171e+01
2.812133346601737927e+01
2.835614267571002500e+01
2.177474929311129870e+01
4.269854656742823806e+01
2.624970812674465392e+01
2.632279363656252968e+01
3.146740292773956327e+01
4.510059597460844572e+01
1.986285755320320945e+01
2.843136021452184536e+01
2.838302832181434354e+01
4.261575238822948108e+01
4.261575238822948108e+01
4.261575238822948108e+01
3.452346628964806996e+01
3.359961550670875852e+01
4.243129179143933527e+01
3.191924244385820586e+01
3.957258335193877485e+01
4.348238429834350427e+01
4.784975711502078610e+01
5.817990968284570386e+01
3.747345108176015316e+01
3.747345108176015316e+01
3.747345108176015316e+01
6.069105704308600480e+01
6.925957771659486184e+01
1.044244474657914878e+01
1.294496444129503843e+01
1.378176214981580472e+01
1.377997548421200236e+01
1.330110954458852035e+01
2.706289777403949159e+01
3.054952372341394096e+01
3.039831815507091051e+01
3.012991460278970735e+01
2.821195224900895937e+01
3.272001474635315788e+01
3.074154121225538105e+01
3.093937519314109252e+01
3.118605005611913938e+01
3.118605005611913938e+01
3.118605005611913938e+01
3.007181492412002655e+01
3.007181492412002655e+01
3.007181492412002655e+01
2.937190299739383903e+01
2.966457079872909119e+01
2.966457079872909119e+01
2.966457079872909119e+01
2.227629090193838479e+01
8.160595466638621787e+00
1.377096740628401150e+01
1.464884666280210723e+01
1.466881955172157603e+01
1.416966546004985616e+01
2.845041692744177908e+01
2.914123291273104499e+01
3.586297839528204889e+01
3.209834305249444952e+01
3.218979948536054536e+01
2.284602074956661255e+01
6.957514516329180054e+00
3.352080954963172132e+01
3.084264426682736371e+01
3.493045896639010550e+01
3.653750672628781615e+01
3.771006083026694711e+01
3.022239209739946020e+01
3.418548952703332588e+01
3.312825080614136652e+01
3.312825080614136652e+01
5.924027716652460640e+00
3.220600469887733652e+01
3.255668900103110275e+01
3.255668900103110275e+01
3.255668900103110275e+01
3.466912271805448853e+01
2.587258940723064171e+01
3.292249537937694726e+01
2.436537567932599302e+01
2.193594744114535899e+01
3.801437885229989888e+01
4.299486386717831721e+01
3.836066887803378478e+01
4.055698391233426747e+01
3.146740292773956327e+01
2.959757908337196852e+01
2.605887052981522345e+01
2.628721363971276048e+01
3.426442107510997204e+01
2.859664403894034379e+01
3.330395084893429214e+01
3.482919494243666492e+01
4.909877745890312184e+01
3.266801511809413228e+01
2.884104568097094656e+01
2.918194719905636347e+01
3.783108622977564295e+01
4.230185359919263277e+01
2.780741298855641475e+01
2.669443253824644202e+01
3.525694422507778825e+01
7.206918663186260687e+01
7.744481067305575550e+01
4.964709707490987967e+01
3.381734364627535427e+01
3.110364262990191264e+01
4.292891612912539046e+01
3.984914735132687724e+01
4.427289032819351888e+01
7.251535626889349828e+01
4.262417277046692021e+01
4.262417277046692021e+01
4.262417277046692021e+01
4.103012630275135564e+01
3.458769803043232827e+01
3.458769803043232827e+01
3.458769803043232827e+01
4.010044703546057576e+01
3.562377636833186756e+01
3.452346628964806996e+01
3.838791217016534318e+01
3.859689143019416946e+01
3.859689143019416946e+01
3.914715373122496089e+01
3.720860968386575962e+01
3.600619266198773971e+01
3.632453900677879233e+01
3.432133539953770196e+01
3.482416341619767053e+01
3.780273081930828738e+01
3.949558666114925387e+01
3.166543583616881463e+01
1.695968340729050894e+01
4.894872541797077048e+01
2.605614063987985674e+01
2.605614063987985674e+01
2.605614063987985674e+01
2.587258940723064171e+01
2.856947250164368768e+01
2.856947250164368768e+01
2.761253992562004811e+01
2.701129107319345479e+01
2.726617758882285969e+01
2.843136021452184536e+01
2.843136021452184536e+01
3.030874463871319691e+01
2.960567693616459550e+01
3.482919494243666492e+01
3.640392640895120735e+01
3.325724176570277990e+01
3.325724176570277990e+01
2.389712634979094474e+01
5.460771793280446218e+01
3.312579321284012224e+01
3.110080087757149414e+01
3.110080087757149414e+01
3.121725700131826997e+01
3.448562137024559604e+01
3.448562137024559604e+01
3.490639794633380433e+01
3.479068937785287119e+01
3.490639794633380433e+01
3.341292328538927592e+01
3.248599228788144444e+01
3.273468187700783005e+01
3.284234790893399492e+01
3.051237246954921289e+01
5.083897442216823492e+01
3.864617539844898886e+01
4.384450442087872091e+01
4.420355423557091257e+01
4.497625077678241468e+01
3.744002369444542921e+01
4.663849243016096580e+01
4.663849243016096580e+01
4.663849243016096580e+01
3.665962901581961830e+01
3.665962901581961830e+01
4.103544758829255557e+01
4.249292330005918217e+01
4.065444726935086095e+01
4.135579300493674992e+01
3.777324177464307553e+01
3.471440275790715901e+01
6.413126333167969051e+01
1.156866234260649762e+01
1.185908097718712639e+01
2.527404330137844113e+01
2.372777018196609333e+01
2.679460449390722587e+01
2.566457669781177131e+01
2.584896449206338076e+01
2.502746705540899796e+01
2.502746705540899796e+01
2.502746705540899796e+01
2.502746705540899796e+01
2.463771903347756620e+01
7.412879532266792637e+00
1.221721226853783904e+01
1.300734422831425974e+01
1.299315450788418147e+01
1.253751249264291445e+01
2.768967334874275110e+01
2.586447986474546568e+01
2.856319444783165196e+01
2.953239627612250118e+01
2.529269325859845452e+01
2.791612313698778536e+01
2.814495633311584299e+01
2.835614267571002500e+01
2.835614267571002500e+01
2.740824566734649181e+01
2.740824566734649181e+01
2.740824566734649181e+01
2.688507260388782427e+01
2.713832304863496958e+01
2.713832304863496958e+01
2.725095623035889503e+01
2.043542867029272259e+01
7.215474016886838626e+01
7.163604479281018200e+01
1.709304826612712347e+01
1.471493436314840153e+01
1.563218290081113082e+01
1.568314999739097715e+01
1.516349123243521291e+01
3.137183783164379136e+01
3.775185339283689245e+01
3.413722894839565214e+01
3.734685847794386149e+01
3.394457558114493878e+01
4.137125487004232838e+01
3.322498952599372757e+01
3.801791600621348977e+01
3.820688191601091432e+01
3.859689143019416946e+01
3.859689143019416946e+01
3.684511890159544123e+01
3.684511890159544123e+01
3.564956682342749161e+01
3.609653924384363677e+01
2.838302832181434354e+01
2.672104972466558337e+01
2.395613886645185886e+01
3.364228446896198221e+01
2.408612367951350564e+01
3.067011322600434298e+01
2.237948601159239104e+01
2.401528236569045305e+01
1.409829447112011991e+01
1.851201642974863404e+01
2.988969363857159678e+01
2.559670861999809688e+01
1.682093412733706117e+01
1.791746512454952267e+01
1.851201642974863404e+01
2.706289777403949159e+01
2.000882454931714705e+01
1.851201642974863404e+01
1.851201642974863404e+01
2.179004449117046960e+01
1.467725679798488869e+01
1.554019150426540108e+01
3.758772454699327881e+01
2.076208592336541514e+01
2.421394173226368451e+01
2.904886091471945875e+01
2.414663203552121473e+01
6.105011730720707419e+01
3.562377636833186756e+01
4.396098999009144848e+01
6.039234327922549994e+01
4.899938490294683646e+01
4.992717728255711052e+01
4.360127022853605894e+01
5.328073781219345051e+01
6.138767760546519980e+01
6.048978505613074219e+01
4.207407682509152380e+01
4.871846859278149111e+01
5.094363328522818790e+01
5.160309936024631128e+01
5.238927488890265494e+01
4.698142605509090686e+01
3.737084046528359238e+01
3.378162339743010278e+01
3.452346628964806996e+01
4.839240997276960599e+01
3.240440616493818737e+01
2.893445891938371162e+01
2.838302832181434354e+01
2.862387578552262468e+01
3.080553883828859796e+01
3.121725700131826997e+01
5.819354220333585204e+01
6.774485557346851294e+01
5.711453415843860171e+01
6.482000047499296613e+01
5.627132672874784447e+01
4.230185359919263277e+01
7.191107871349822744e+01
3.781587849186419703e+01
2.440334024357975196e+01
2.440334024357975196e+01
2.440334024357975196e+01
4.377255917956529885e+01
9.006976973170889522e+00
1.579599403166118421e+01
1.773685630116060707e+01
1.675780738527928548e+01
1.684746538922215109e+01
1.630211058776815491e+01
2.778819417620673349e+01
3.384059034447162162e+01
3.384059034447162162e+01
3.384059034447162162e+01
3.984594900370735360e+01
3.969509741596033336e+01
4.219762895714933393e+01
3.108935299987520295e+01
4.587516101798794921e+01
5.278879399468196709e+01
3.485405368071612742e+01
4.635618850465935026e+01
5.225530894896132850e+01
2.816383908913140743e+01
2.250495901424038792e+01
2.250495901424038792e+01
2.454620866506336796e+01
2.448028891774205107e+01
2.454620866506336796e+01
2.448028891774205107e+01
4.599048467112203298e+01
5.963665014746640480e+01
4.059770013683379375e+01
6.797141105589105337e+00
5.845977481014701027e+01
3.976782325212376179e+01
4.472653006984860724e+01
4.830978997384158191e+01
2.788487249806416202e+01
3.434791984586168923e+01
9.461499767067333977e+00
1.703133093954755495e+01
1.818580084626653104e+01
1.779907391727777366e+01
1.779907391727777366e+01
1.760285223553462686e+01
1.421622005251598608e+01
3.097076539288391217e+01
2.374320940298788685e+01
3.534397352170616102e+01
4.100103342842317034e+01
3.659008532718963380e+01
3.659008532718963380e+01
4.257385567758885259e+01
4.837989797193934294e+01
3.656832240066837159e+01
3.948555016477471469e+01
4.894503820196956667e+01
3.657912515565102751e+01
2.954535444897453900e+01
3.946590533822091373e+01
4.372870268040284003e+01
3.144543176588918598e+01
3.144543176588918598e+01
3.144543176588918598e+01
2.896270061156467079e+01
2.691408421454427469e+01
2.229192549265619050e+01
2.430561209842314696e+01
2.651903240110542370e+01
2.651903240110542370e+01
2.651903240110542370e+01
2.644521252575659886e+01
1.219670941146822329e+01
2.001604440411755803e+01
2.125537085044201646e+01
2.146868351722734758e+01
2.097909866217177921e+01
2.097909866217177921e+01
1.620503289479085751e+01
4.085796337470785744e+01
3.540233528009469666e+01
3.540233528009469666e+01
3.540233528009469666e+01
4.181235294389304613e+01
4.181235294389304613e+01
4.181235294389304613e+01
4.181235294389372825e+01
4.181235294389372825e+01
4.181235294389372825e+01
