5.730524383094724072e+01
4.856195898942561939e+01
6.161140944724709101e+01
5.235810430153242834e+01
5.051400526052851347e+01
4.627701420704337210e+01
5.058588572850757004e+01
4.769390433747442870e+01
3.235655369052380337e+01
4.093379817754542671e+01
3.620244988999999691e+01
3.985562697683909050e+01
4.583940896499656503e+01
3.025605090762100957e+01
4.596380350474002086e+01
9.888849333491556592e+00
5.462662971721432115e+01
5.560866182760091903e+01
4.730109416891031771e+01
4.842687711050384536e+01
3.805694917989178094e+01
3.805694917989178094e+01
3.896502655076908894e+01
5.029928072028569375e+01
4.973332988515578990e+01
4.227536141206471143e+01
4.385772553835358423e+01
4.222044051963229094e+01
4.162330905306971829e+01
3.384139418422104484e+01
3.062553575546612450e+01
3.152623881567270558e+01
2.944078119346448830e+01
4.233038953694362760e+01
2.931340100234242385e+01
2.992592734463654836e+01
2.548185551736957066e+01
2.619092767218176832e+01
3.399943900925634210e+01
3.195540559238772005e+01
4.444444444444444287e+01
4.339667512033899044e+01
4.869760685350639307e+01
5.065791973252617453e+01
4.109138724999999681e+01
2.693001347308574722e+01
5.478848631000000324e+01
3.810394756896815238e+01
3.598560431884828148e+01
3.745380073679117316e+01
4.200182371918589297e+01
3.906250000000000000e+01
4.093379817754544092e+01
4.646647977848500233e+01
5.029928072028569375e+01
4.691311690748733554e+01
4.130292556882388055e+01
4.322565390999999835e+01
4.260714845693951247e+01
4.534684669364803966e+01
4.756242568370988266e+01
5.544315994963542948e+01
3.025605090762100957e+01
2.258959938700862935e+01
2.347364942010695543e+01
2.298113065324324111e+01
2.315841933598327174e+01
2.235523587568253134e+01
2.235523587568253134e+01
1.703307943257361856e+01
3.759170967471516889e+01
3.272782493493707534e+01
2.051170972484771937e+01
1.696299894965110511e+01
4.151610160484642620e+01
4.590154302627036742e+01
4.876564401860115083e+01
4.385772553835358423e+01
3.110566001700236072e+01
4.046643228509086754e+01
3.782325646000000319e+01
3.945607434155702720e+01
7.802503042976185021e+00
2.992592734463654836e+01
3.960519952901496055e+01
4.856195898942564071e+01
2.937698753681303998e+01
2.053030180159557361e+01
2.462917695447912081e+01
2.979538910394538576e+01
3.142029801524261146e+01
2.561097542985460507e+01
4.067315701790920457e+01
4.067315701790920457e+01
4.736622475557842904e+01
3.376278470046163704e+01
1.264647143212689251e+01
2.611069000370510551e+01
2.407640502676814265e+01
3.736228262623966856e+01
5.123977190103138923e+01
3.173973417972624489e+01
3.411870032317231960e+01
3.329682891000000211e+01
3.038963154395129607e+01
5.281571119524065239e+01
2.829334540516070717e+01
2.329273564794799967e+01
2.576721894405936908e+01
2.576721894405936908e+01
2.576721894405936908e+01
3.509579749000000248e+01
2.127558175950762731e+01
4.849434749885553231e+01
2.847480947504980975e+01
2.856619687651490480e+01
2.989321247706816109e+01
4.041499735887992983e+01
4.041499735887992983e+01
4.041499735887992983e+01
3.352859268090939082e+01
3.142029801524261146e+01
8.711906318432021123e+00
5.235810430153242834e+01
3.072747921593305165e+01
3.049039842108519949e+01
7.028402618389224088e+00
9.520109374632584220e+00
1.964815653000000140e+01
1.880534884298210230e+01
1.927048124558224274e+01
1.015533189452590790e+01
1.077805019898436356e+01
5.029928072028569375e+01
6.653023532999999645e+01
5.519628904309505657e+01
6.288829592213423325e+01
3.577070122021014953e+01
3.065946046707847472e+01
2.805407928756104141e+01
3.920939739469236684e+01
5.462662971721430694e+01
3.650934182784020265e+01
3.280284571247123893e+01
3.124491293761234445e+01
3.152623881567268782e+01
3.419855682090214088e+01
2.871948984995790255e+01
5.266251124344616130e+01
2.764260543718990704e+01
2.318072457845271828e+01
2.555920995459661071e+01
2.548185551736957066e+01
2.802438457750857737e+01
2.811361047355689635e+01
2.133458496231779122e+01
4.311220079593744003e+01
2.576721894405936908e+01
2.584587741455417031e+01
3.152623881567270558e+01
4.510353742533673227e+01
1.942365735425312678e+01
2.823324272344635943e+01
2.814344715012418163e+01
4.409101090106153009e+01
4.409101090106153009e+01
4.409101090106153009e+01
3.488880414786014228e+01
3.399943900925634210e+01
4.316887144482760164e+01
3.206406657013243944e+01
4.021023519368667110e+01
4.397413617206902359e+01
4.723609782999999851e+01
5.414534016999999722e+01
3.815103307274905120e+01
3.815103307274905120e+01
3.815103307274905120e+01
5.687389238094588251e+01
6.696649800038036915e+01
9.561366571703171502e+00
1.231148045552477654e+01
1.311798671436541674e+01
1.314654027758131249e+01
1.268252692754117206e+01
2.838385991543312414e+01
3.173973417972624489e+01
3.032273088940208083e+01
3.002439482079189759e+01
2.799473698944598254e+01
3.411870032317233381e+01
3.082993253485863860e+01
3.093289911791744728e+01
3.121001217190474009e+01
3.121001217190474009e+01
3.121001217190474009e+01
2.995869594589938956e+01
2.995869594589938956e+01
2.995869594589938956e+01
2.928168512584095851e+01
2.960117741643291112e+01
2.960117741643291112e+01
2.960117741643291112e+01
2.193836416587596716e+01
7.249635995776651853e+00
1.318475694427963063e+01
1.408009461823583131e+01
1.411184825134443521e+01
1.359629658635062377e+01
3.072747921593305165e+01
3.059166731999999911e+01
3.708973193025349246e+01
3.299153008448141122e+01
3.310552319306743385e+01
2.237639058079264132e+01
6.096631611034903919e+00
3.380205516495401952e+01
3.107099224592316844e+01
3.543083900226755389e+01
3.829281442995785056e+01
3.857875853555032108e+01
3.022279336585507181e+01
3.452080292625941382e+01
3.337381577186460646e+01
3.337381577186460646e+01
4.577439193755493463e+00
3.257855340797731714e+01
3.295366320000000115e+01
3.295366320000000115e+01
3.295366320000000115e+01
3.505425171266310969e+01
2.548185551736957066e+01
3.314365221172561604e+01
2.405279492274361886e+01
2.204148206925432874e+01
3.891642657999999955e+01
4.328254847645428072e+01
3.935712497776324170e+01
4.135606538393937370e+01
3.152623881567270558e+01
2.956899348033261177e+01
2.568891900771926018e+01
2.589851666245816020e+01
3.501277966457757884e+01
2.838385991543313125e+01
3.360638520999999912e+01
3.522087893703388062e+01
4.815839875250483715e+01
3.291586146240562982e+01
2.862736644546300369e+01
2.909246633128870485e+01
3.853087922457376635e+01
4.414962307259302321e+01
2.755561066677688942e+01
2.659771828813892824e+01
3.568527868061533326e+01
6.400000000000000000e+01
6.696649800038035494e+01
4.883382387000000335e+01
3.419855682090215510e+01
3.114038584183672498e+01
4.333955544884393873e+01
4.046643228509086754e+01
4.438524438999999688e+01
6.328917647490681730e+01
4.345390778820043920e+01
4.345390778820043920e+01
4.345390778820043920e+01
4.183897350588841846e+01
3.513741716999999909e+01
3.513741716999999909e+01
3.513741716999999909e+01
4.135606538393935949e+01
3.673094582185490964e+01
3.488880414786014228e+01
3.901371761000000049e+01
3.916033966112208731e+01
3.916033966112208731e+01
3.970508649951618452e+01
3.777677627346456291e+01
3.682015270053727818e+01
3.713494952060636933e+01
3.476548593805624421e+01
3.522087893703385220e+01
3.838777487566199653e+01
4.010843717073480974e+01
3.199156446428206735e+01
1.651112907888868264e+01
4.842687711050384536e+01
2.555920995459661071e+01
2.555920995459661071e+01
2.555920995459661071e+01
2.548185551736957066e+01
2.835364021045205263e+01
2.835364021045205263e+01
2.726857501244128912e+01
2.659771828813892824e+01
2.687419998865908255e+01
2.823324272344635943e+01
2.823324272344635943e+01
3.022279336585507181e+01
2.953686200378070836e+01
3.522087893703388062e+01
3.690968495369310887e+01
3.407887692379518541e+01
3.407887692379518541e+01
2.324783399930628391e+01
5.213152783999999684e+01
3.419855682090215510e+01
3.134996720793430569e+01
3.134996720793430569e+01
3.124491293761234445e+01
3.484762527372808449e+01
3.484762527372808449e+01
3.530463842931074225e+01
3.517911092536539286e+01
3.530463842931074225e+01
3.368444879999999841e+01
3.287812473999999696e+01
3.314365221172563025e+01
3.325843533695451271e+01
3.049039842108519949e+01
5.029928072028569375e+01
3.920939739469236684e+01
4.414962307259302321e+01
4.432616254226500274e+01
4.498261646786598789e+01
3.815103307274905120e+01
4.678485143938274149e+01
4.678485143938274149e+01
4.678485143938274149e+01
3.829281442995785056e+01
3.829281442995785056e+01
4.438524438999999688e+01
4.288663047892787006e+01
4.205631845717236672e+01
4.200182371918587876e+01
3.896502655076908894e+01
3.547305626275034740e+01
5.898995047203760578e+01
1.080641347672147035e+01
1.111111111111111072e+01
2.480119363184710934e+01
2.306951953573052805e+01
2.758456323705952684e+01
2.525188758000000178e+01
2.545614872907631465e+01
2.453168401915336005e+01
2.453168401915336005e+01
2.453168401915336005e+01
2.453168401915336005e+01
2.402921953094963214e+01
6.554438941337508595e+00
1.152217627178324832e+01
1.225122509188112474e+01
1.227699453280879638e+01
1.185787248897692336e+01
2.735421298646732069e+01
2.535370960266680029e+01
2.853568558696762736e+01
3.059166731999999911e+01
2.472725222613269125e+01
2.778851495119364046e+01
2.787661586803878677e+01
2.811361047355689635e+01
2.811361047355689635e+01
2.704216332979892456e+01
2.704216332979892456e+01
2.704216332979892456e+01
2.646107470067232015e+01
2.673542304529300750e+01
2.673542304529300750e+01
2.687419998865908255e+01
2.009096788438692371e+01
6.620582995297398554e+01
6.338999553734431913e+01
1.675533309685973293e+01
1.415435379430100227e+01
1.515206383988753203e+01
1.518751416235695828e+01
1.461249987999999966e+01
3.272782493493707534e+01
3.867478527759213591e+01
3.488880414786014228e+01
3.791647455652889676e+01
3.468363667999999933e+01
4.328254847645429493e+01
3.368444879999999841e+01
3.862672714582092226e+01
3.877117099792342003e+01
3.916033966112208731e+01
3.916033966112208731e+01
3.740799969999999774e+01
3.740799969999999774e+01
3.646526173306261143e+01
3.690968495369310887e+01
2.814344715012418163e+01
2.648831904862433362e+01
2.417119393128999150e+01
3.564268211182891122e+01
2.561097542985460862e+01
3.356745514380968842e+01
2.441062975519067990e+01
2.624462510077935917e+01
1.127588435633418484e+01
1.874027848053822254e+01
3.065946046707847827e+01
2.707031025823992820e+01
1.629851313554218706e+01
1.790905032067049518e+01
1.874027848053822254e+01
2.838385991543312414e+01
2.083124586890354379e+01
1.874027848053822254e+01
1.874027848053822254e+01
2.306951953573053160e+01
1.265547087779991209e+01
1.430464546222314404e+01
4.103875659133728959e+01
2.177487436441863977e+01
2.662517399551206054e+01
3.055785503414687909e+01
2.563691716071141968e+01
5.926273600643828843e+01
3.673094582185490964e+01
4.534684669364803966e+01
5.791742828084854722e+01
4.856195898942564071e+01
4.876564401860115083e+01
4.409101090106153009e+01
5.160853481305324664e+01
5.791742828084854722e+01
5.721858184889257615e+01
4.266282587466258747e+01
4.809162801702828460e+01
4.980354989742959049e+01
5.001510455999999749e+01
5.058588572850757004e+01
4.665711129027441473e+01
3.796321289000000121e+01
3.415859356773187727e+01
3.488880414786014228e+01
4.762809695746952343e+01
3.261577540255203900e+01
2.947275597000000147e+01
2.814344715012418163e+01
2.838385991543312059e+01
3.093289911791744728e+01
3.124491293761234445e+01
5.422511230020757012e+01
6.359235772481805782e+01
5.478848631000000324e+01
5.990664148990212823e+01
5.374910776481112151e+01
4.414962307259302321e+01
7.561436672967865036e+01
3.843538761511879187e+01
2.581961795227708478e+01
2.581961795227708478e+01
2.581961795227708478e+01
4.802499604994407179e+01
8.061600950000000765e+00
1.523497511519163972e+01
1.759492815638934715e+01
1.635128044424466509e+01
1.639102427510695037e+01
1.574703955656336340e+01
2.912387519953495030e+01
3.509579749000000248e+01
3.509579749000000248e+01
3.509579749000000248e+01
4.051796546329659066e+01
4.036366043505567092e+01
4.283051451440474722e+01
3.235655369052380337e+01
4.596380350474000664e+01
5.116649372391787409e+01
3.568527868061533326e+01
4.634004043631927772e+01
5.138680130008605573e+01
2.793558278095373026e+01
2.183596820683029094e+01
2.183596820683029094e+01
2.393526372830986304e+01
2.386515804000000074e+01
2.393526372830986304e+01
2.386515804000000074e+01
4.652989359543931869e+01
5.713211629999999985e+01
4.114411920932522548e+01
5.954647971930265626e+00
8.279509621204155678e+01
4.590154302627038163e+01
4.749689014111800844e+01
4.980354989742959049e+01
3.142029801524261146e+01
3.819820590666497395e+01
8.519719230999999837e+00
1.644424185138483097e+01
1.774347058026117097e+01
1.731778957811959785e+01
1.731778957811959785e+01
1.701902863553682010e+01
1.360632890225090819e+01
3.100183034806374494e+01
2.336033242687456379e+01
3.699954416561587323e+01
4.156965348783941039e+01
3.773038171072568758e+01
3.773038171072568758e+01
4.294285679931428490e+01
4.862971198000000328e+01
3.722563312426176196e+01
4.743148995590769346e+01
4.815839875250483715e+01
3.786982248520709504e+01
3.114038584183672498e+01
4.005768306000000223e+01
4.397413617206902359e+01
3.152623881567268782e+01
3.152623881567268782e+01
3.152623881567268782e+01
2.881205865328404059e+01
2.648831904862433362e+01
2.161320532264084449e+01
2.367970826599416156e+01
2.605740289999999959e+01
2.605740289999999959e+01
2.605740289999999959e+01
2.597777756995555976e+01
8.862984551552038681e+00
1.933833500029780694e+01
2.094580795835973319e+01
2.100344372463309028e+01
2.045608477492476851e+01
2.045608477492476851e+01
1.575954465002070037e+01
4.135606538393937370e+01
3.585643085087309601e+01
3.585643085087309601e+01
3.585643085087309601e+01
4.322565390688588138e+01
4.322565390688588138e+01
4.322565390688588138e+01
4.322565390688588138e+01
4.322565390688588138e+01
4.322565390688588138e+01
