6.232514863871299937e+00
6.264003593810930859e+00
6.488609043923500685e+00
6.265980181174088948e+00
6.207072009840008064e+00
6.185926801565441835e+00
6.202055440657676222e+00
6.184232763153040047e+00
6.188979703917289577e+00
6.178540418816665714e+00
6.185345993788449626e+00
6.172255901134278133e+00
6.211886879138006634e+00
6.173316730682524067e+00
6.183752907180152469e+00
6.377026702003488978e+00
6.669438159911689645e+00
6.302840404721971268e+00
6.398097344238372841e+00
6.219337376088103220e+00
6.444233291962035537e+00
6.444233291962035537e+00
6.236799935331892364e+00
6.197862316284584061e+00
6.194551500548458378e+00
6.174340789463175661e+00
6.182004981193067294e+00
6.185176958827703686e+00
6.226422896104311100e+00
6.170000404582317799e+00
6.171338279823705975e+00
6.168552731937939626e+00
6.169657049782087732e+00
6.183803389548485185e+00
6.171188104741951008e+00
6.171534363332746409e+00
6.176020258500718896e+00
6.174079923781299328e+00
6.181038443676064809e+00
6.173459929366625687e+00
6.182924088530962869e+00
6.176228522840433222e+00
6.188014799042968583e+00
6.199756495901648456e+00
6.183254732094802364e+00
6.172264100020783850e+00
6.232985595857281957e+00
6.172463121776393002e+00
6.223601838081144422e+00
6.191713540639260493e+00
6.178928023255905622e+00
6.182193452442201753e+00
6.177080383339291991e+00
6.186363734776403334e+00
6.216523258946145880e+00
6.220099555169398720e+00
6.175657228553656175e+00
6.175559777858762089e+00
6.174778997341559439e+00
6.185683294091095519e+00
6.183635949475735138e+00
6.265621470916594937e+00
6.173316730682524067e+00
6.188070481415811841e+00
6.187787409594805332e+00
6.185480574841661472e+00
6.184668142447648620e+00
6.189799710191889126e+00
6.189799710191889126e+00
6.214303741367553258e+00
6.241745311351944991e+00
7.633835334544179396e+00
6.198790619205256647e+00
6.268767933905461831e+00
6.200164477512016603e+00
6.181889324128873042e+00
6.193330025904203673e+00
6.183317156196777020e+00
6.268843341841111361e+00
6.174679854666269563e+00
6.214925309646483598e+00
6.197467428583344429e+00
6.478597710753114747e+00
6.168921375510097782e+00
6.188466884098947851e+00
6.199197748586834145e+00
6.171202496393301651e+00
6.206093572574167716e+00
6.190314164249930862e+00
6.177459787379432576e+00
6.177838482160044720e+00
6.189716164634186057e+00
6.175257744728448017e+00
6.175257744728448017e+00
6.193282548290802048e+00
6.181880187238829372e+00
6.311824714243766010e+00
6.175709201073967591e+00
6.182972669536240140e+00
6.173779968679755648e+00
6.241690808368644205e+00
6.196413631705169678e+00
6.170789957194164899e+00
6.191016464307328881e+00
6.169648617189923634e+00
6.222548081679462051e+00
6.182780786332063627e+00
6.197734040580566095e+00
6.194732348045761228e+00
6.194732348045761228e+00
6.194732348045761228e+00
6.175145661448713241e+00
6.205765606254473710e+00
6.187888728727658716e+00
6.191896377163664589e+00
6.191009754806873211e+00
6.184264998563448579e+00
6.173327939673369791e+00
6.173327939673369791e+00
6.173327939673369791e+00
6.185792777603190018e+00
6.177838482160044720e+00
6.416568579744719614e+00
6.210752657251193298e+00
6.190003497945340882e+00
6.175869733424735664e+00
6.609608474765754416e+00
6.358673454732085339e+00
6.203670723800447817e+00
6.205955153807384939e+00
6.204492609738774256e+00
6.322077865696356547e+00
6.305395727827212582e+00
6.338653746038644066e+00
6.431312546273280084e+00
6.217734628362201477e+00
6.306003713933491461e+00
6.172514073038111171e+00
6.171348985391066577e+00
6.173749040406993238e+00
6.174072168989151344e+00
6.249338458825439702e+00
6.170257097785844635e+00
6.181014994464742784e+00
6.168541987795375547e+00
6.168760126344527528e+00
6.171609628619469490e+00
6.170087657301274398e+00
6.354417638793078638e+00
6.175014386501351815e+00
6.184571504393584718e+00
6.197606729402988179e+00
6.176020258500718896e+00
6.174324868261203747e+00
6.170420178188337879e+00
6.193347529253086847e+00
6.206438465274524141e+00
6.194732348045761228e+00
6.193703618078520101e+00
6.168552731937939626e+00
6.180982035796626306e+00
6.203334187525381793e+00
6.194387972242870077e+00
6.170390827969015390e+00
6.187488879146740395e+00
6.187488879146740395e+00
6.187488879146740395e+00
6.170029752646687626e+00
6.181038443676064809e+00
6.176617270374982205e+00
6.169172679768669454e+00
6.188727179354704511e+00
6.176543893840270805e+00
6.233944659480873618e+00
6.307248729401498721e+00
6.171776523410485993e+00
6.171776523410485993e+00
6.171776523410485993e+00
6.228604118397614187e+00
6.524597039032236978e+00
6.345586133852200383e+00
6.275320208428206925e+00
6.253127981652343514e+00
6.247266274060399027e+00
6.266178985516169142e+00
6.216696570357056473e+00
6.192484052812861961e+00
6.169199001072428246e+00
6.169294709288325684e+00
6.197070346877506353e+00
6.188673776482218614e+00
6.170830347906318458e+00
6.168580386363667678e+00
6.168543161783789586e+00
6.168543161783789586e+00
6.168543161783789586e+00
6.169642325380106485e+00
6.169642325380106485e+00
6.169642325380106485e+00
6.188767231143095238e+00
6.186284460397717844e+00
6.186284460397717844e+00
6.186284460397717844e+00
6.191496920655789715e+00
6.461263424824441159e+00
6.269131189045337393e+00
6.238561629842546807e+00
6.235002520949872284e+00
6.259827562841016046e+00
6.237287683394470150e+00
6.205267620994673550e+00
6.179733746373155867e+00
6.182173111984686997e+00
6.182284453690878756e+00
6.188350965993243413e+00
6.535719218436288003e+00
6.170979654861934449e+00
6.202101616891817493e+00
6.170800610289167487e+00
6.186984832489259567e+00
6.173945615183074054e+00
6.183908866484308930e+00
6.170040461518702557e+00
6.171324923904600190e+00
6.171324923904600190e+00
7.146690543372776538e+00
6.195407162782433197e+00
6.192996222633689207e+00
6.192996222633689207e+00
6.192996222633689207e+00
6.171144865761140075e+00
6.176020258500718896e+00
6.171032009763178117e+00
6.183005624572241565e+00
6.210991769334943235e+00
6.174298936183263642e+00
6.184183509954309876e+00
6.233578077886039459e+00
6.228055747050070146e+00
6.168552731937939626e+00
6.171316620226503069e+00
6.175569413630755733e+00
6.174705397988935474e+00
6.212823449427986588e+00
6.170224213605592922e+00
6.169640194180013637e+00
6.170044130541310068e+00
6.201285293934285292e+00
6.169735458254643312e+00
6.169720103308395487e+00
6.171099634920955701e+00
6.189702482123789373e+00
6.193701520475828559e+00
6.171758949570155472e+00
6.179410740560540738e+00
6.170972420662005575e+00
6.373102009455761774e+00
6.700271862595884365e+00
6.187561899635166007e+00
6.170258714405408185e+00
6.173794662802427169e+00
6.175375240517715802e+00
6.188143549288476208e+00
6.182054112517571198e+00
6.487793168674362398e+00
6.178034965204116880e+00
6.178034965204116880e+00
6.178034965204116880e+00
6.175111940719601122e+00
6.171987913190680075e+00
6.171987913190680075e+00
6.171987913190680075e+00
6.179369888650705356e+00
6.178407070908954246e+00
6.170029752646687626e+00
6.171569986829201326e+00
6.174063265050489413e+00
6.174063265050489413e+00
6.173975160250920524e+00
6.176098576581182442e+00
6.206786665936514069e+00
6.204938914901275027e+00
6.178936477773389058e+00
6.171070264674042072e+00
6.177066604721246357e+00
6.172238284452041590e+00
6.173599516794451070e+00
6.217837471969689389e+00
6.186158488994575322e+00
6.197606729402988179e+00
6.197606729402988179e+00
6.197606729402988179e+00
6.176020258500718896e+00
6.170247523734961881e+00
6.170247523734961881e+00
6.171810009261459840e+00
6.188431699662853447e+00
6.185664650163692713e+00
6.194387972242870077e+00
6.194387972242870077e+00
6.169306361025713947e+00
6.186760455947911908e+00
6.170044130541310068e+00
6.170647492461998063e+00
6.178338229027478867e+00
6.178338229027478867e+00
6.207815561898812895e+00
6.209057894192747895e+00
6.182357038661346671e+00
6.199586937912227036e+00
6.199586937912227036e+00
6.168541987795375547e+00
6.170021045145350769e+00
6.170021045145350769e+00
6.170045007849207508e+00
6.170033057026951262e+00
6.170045007849207508e+00
6.171063690626676035e+00
6.193460171937814174e+00
6.191874892610071512e+00
6.191227912433037162e+00
6.175869733424735664e+00
6.197862316284584061e+00
6.174072168989151344e+00
6.176525340019773047e+00
6.182011251359543991e+00
6.182200289639646407e+00
6.190904665666595363e+00
6.182918771423479676e+00
6.182918771423479676e+00
6.182918771423479676e+00
6.184840646703998246e+00
6.184840646703998246e+00
6.233099983405185895e+00
6.175538483249745525e+00
6.182039379300063864e+00
6.174093392128386704e+00
6.177867078438078252e+00
6.209354180411462032e+00
6.246603251017240233e+00
6.301799906768480675e+00
6.291976724382228880e+00
6.178336174407016657e+00
6.211287074210921411e+00
6.203032315305993194e+00
6.176621458721589519e+00
6.176086335234618474e+00
6.179647957417623516e+00
6.179647957417623516e+00
6.179647957417623516e+00
6.179647957417623516e+00
6.198213211417063384e+00
6.498603766212895039e+00
6.286040669843206530e+00
6.270988963517496018e+00
6.263349431113722332e+00
6.276665711940735193e+00
6.171603272072284874e+00
6.200675920509229222e+00
6.174613321910926267e+00
6.194319673445107810e+00
6.190283905992633784e+00
6.174240203771321767e+00
6.170655828859636038e+00
6.170420178188337879e+00
6.170420178188337879e+00
6.172423893669691353e+00
6.172423893669691353e+00
6.172423893669691353e+00
6.189918238043870424e+00
6.187014331326695427e+00
6.187014331326695427e+00
6.172723978349068830e+00
6.199849154700688203e+00
6.411403418140035448e+00
6.375504158230452134e+00
6.417606954410925546e+00
6.265935087235921408e+00
6.227302213874811976e+00
6.225978292029676453e+00
6.255963297379800281e+00
6.192411258506492544e+00
6.174578530853498393e+00
6.175683890832440071e+00
6.175966662569555510e+00
6.215536353203059861e+00
6.192274080160941274e+00
6.191146156691721636e+00
6.171326085619362800e+00
6.174178512931597140e+00
6.174063265050489413e+00
6.174063265050489413e+00
6.176486878786834112e+00
6.176486878786834112e+00
6.209026178915601157e+00
6.206248288072901076e+00
6.170390827969015390e+00
6.175801060232473993e+00
6.202293659513196999e+00
6.197573100866815565e+00
6.264012891342296108e+00
6.241380314345298608e+00
6.377963734271290264e+00
6.317538552370493221e+00
7.224500042491691865e+00
6.364625977552698544e+00
6.187137340134906793e+00
6.237692047491566250e+00
6.478153529206982952e+00
6.379839662932132782e+00
6.364625977552698544e+00
6.216696570357056473e+00
6.443566359673356558e+00
6.364625977552698544e+00
6.364625977552698544e+00
6.305185324687104576e+00
6.858508903648687038e+00
6.654114583098895253e+00
6.231060521000421737e+00
6.318447763017333685e+00
6.327452824915615004e+00
6.207336383513895939e+00
6.260810338725913304e+00
6.318350105181683496e+00
6.178407070908954246e+00
6.190881335586650103e+00
6.268491619451772578e+00
6.187135376622365790e+00
6.203434134681077516e+00
6.269900383404283239e+00
6.197982356579299079e+00
6.246564324054022066e+00
6.239327685862425810e+00
6.224649206111627642e+00
6.185584697723581549e+00
6.190871968206173470e+00
6.201450245350966561e+00
6.202496649272895901e+00
6.265725901869620529e+00
6.170997345694008374e+00
6.170237609183614857e+00
6.170029752646687626e+00
6.201249997148015503e+00
6.169524413245133232e+00
6.186231044656567590e+00
6.170390827969015390e+00
6.169966087850911052e+00
6.171562309654079037e+00
6.168541987795375547e+00
6.270303897476517285e+00
6.350540839432453843e+00
6.221019377643088433e+00
6.257684046817622026e+00
6.208562170573083350e+00
6.193701520475828559e+00
7.450121759675346844e+00
6.171294137323534379e+00
6.252183556089684124e+00
6.252183556089684124e+00
6.252183556089684124e+00
6.300352627211981194e+00
6.419505979920354655e+00
6.263467417824334582e+00
6.248651023327082221e+00
6.218667942972265550e+00
6.218909243593287783e+00
6.252345364791159987e+00
6.211348486729002083e+00
6.183505877618753033e+00
6.183505877618753033e+00
6.183505877618753033e+00
6.172730127733643712e+00
6.172591791043021914e+00
6.175217517341716977e+00
6.191808771979490089e+00
6.179764227969057444e+00
6.196090148482784166e+00
6.175714614007376646e+00
6.180540516586929378e+00
6.203540114820170537e+00
6.171133929856862821e+00
6.209363926028151681e+00
6.209363926028151681e+00
6.196416571353883462e+00
6.197444666254612322e+00
6.196416571353883462e+00
6.197444666254612322e+00
6.185480848551246247e+00
6.253218105259006343e+00
6.173311619952266405e+00
6.546784159247553525e+00
8.405138261152719892e+00
6.398389677882211579e+00
6.236738355846361159e+00
6.229356822879775102e+00
6.317713458156811512e+00
6.257598594240443290e+00
6.395720419210019436e+00
6.259320758079843117e+00
6.212192048520378762e+00
6.217936223651699734e+00
6.217936223651699734e+00
6.246764005530183184e+00
6.243705028602572149e+00
6.175089768698950543e+00
6.184415455915733162e+00
6.186957949352335895e+00
6.173401434680291899e+00
6.177858986848197453e+00
6.177858986848197453e+00
6.176165426110102885e+00
6.194661745879765036e+00
6.171757550706018947e+00
6.594572442517653066e+00
6.188374817734859867e+00
6.179867379468844568e+00
6.206461456553073575e+00
6.172291764834205274e+00
6.206473585043063679e+00
6.168896141847759473e+00
6.168896141847759473e+00
6.168896141847759473e+00
6.188768744974938230e+00
6.175199491911198102e+00
6.213699867923177855e+00
6.200305714223477871e+00
6.191088514733442238e+00
6.191088514733442238e+00
6.191088514733442238e+00
6.192047544044418927e+00
8.368732253536919075e+00
6.240054266168848507e+00
6.196654562377074349e+00
6.195344708159271185e+00
6.200615711726262802e+00
6.200615711726262802e+00
6.221817829285537726e+00
6.174861155448700956e+00
6.169927896937034362e+00
6.169927896937034362e+00
6.169927896937034362e+00
6.184299540994387279e+00
6.184299540994387279e+00
6.184299540994387279e+00
6.184299540994415700e+00
6.184299540994415700e+00
6.184299540994410371e+00
