6.959799999999999320e-01
1.268799999999999706e+00
1.310079999999999911e+00
7.436000000000000387e-01
1.395999999999999908e+00
3.355999999999999955e-02
9.199800000000000200e-01
-1.439400000000000013e+00
1.392799999999999816e+00
-5.783000000000000362e-01
1.698439999999999950e+00
1.698439999999999950e+00
1.698439999999999950e+00
1.395999999999999908e+00
-1.062599999999999989e+00
1.004299999999999971e+00
6.011000000000000787e-01
6.141999999999998572e-01
2.234799999999999898e+00
-4.250999999999999779e-01
1.577219999999999844e+00
1.556079999999999908e+00
-9.204999999999999849e-01
1.390020000000000033e+00
1.390020000000000033e+00
-3.938000000000000944e-01
-1.071000000000000008e-01
6.714999999999999858e-01
1.476180000000000048e+00
-7.060999999999992838e-01
3.551000000000000822e-01
4.765999999999999126e-01
3.697999999999999066e-01
8.137599999999999278e-01
3.688700000000002532e+00
1.777999999999999026e-01
2.006860000000000088e+00
2.935800000000000409e+00
-1.472999999999999199e+00
-1.097200000000000175e+00
2.024599999999999955e+00
1.752599999999999936e+00
2.804800000000000182e+00
1.913899999999999935e+00
2.090279999999999916e+00
2.061020000000000074e+00
2.543219999999999814e+00
2.870480000000001031e+00
6.745999999999998664e-01
7.599000000000000199e-01
1.072279999999999900e+00
1.644999999999999796e+00
-3.309999999999999054e-01
3.388000000000001677e+00
2.284500000000000419e+00
7.339999999999999858e-01
7.275000000000000355e-01
1.557500000000000107e+00
1.140479999999999938e+00
-2.839999999999999192e-01
1.522399999999999975e+00
9.743999999999995998e-01
8.280000000000000693e-01
1.471399999999999819e+00
-6.741000000000001435e-01
-6.741000000000000325e-01
-2.029999999999999860e-02
1.752680000000000016e+00
8.509999999999999787e-01
6.040000000000000924e-01
2.142780000000000129e+00
1.562899999999999512e+00
3.388000000000001677e+00
1.691299999999999804e+00
1.589599999999999680e+00
1.121099999999999763e+00
1.145299999999999985e+00
2.859600000000000364e+00
1.796100000000000030e+00
2.184600000000000097e+00
2.672400000000000997e+00
2.400880000000000791e+00
2.143600000000000172e+00
2.143600000000000172e+00
2.143600000000000172e+00
-1.916999999999998039e+00
7.309999999999999831e-02
4.098400000000002485e+00
2.031300000000000328e+00
2.646180000000001087e+00
2.320780000000000065e+00
2.515100000000000335e+00
2.339719999999999800e+00
2.357300000000000395e+00
2.357300000000000395e+00
1.844100000000000072e+00
2.997300000000000963e+00
1.905599999999999961e+00
5.897599999999998399e-01
1.086079999999999934e+00
9.225999999999999757e-01
3.667999999999997929e-01
2.782300000000000217e+00
2.898600000000000954e+00
1.243379999999999930e+00
1.005900000000000016e+00
2.839600000000000790e+00
2.000779999999999781e+00
6.766000000000000902e-01
-3.973400000000000265e-01
7.487800000000000011e-01
1.922199999999999909e+00
2.406080000000000219e+00
2.211680000000000312e+00
2.949700000000000877e+00
2.770560000000001022e+00
2.406000000000000583e+00
2.406000000000000583e+00
2.156400000000000095e+00
2.387300000000000644e+00
2.381700000000000372e+00
2.230620000000000047e+00
2.230620000000000047e+00
2.230620000000000047e+00
2.556620000000001003e+00
2.556620000000001003e+00
2.248200000000000642e+00
2.248200000000000642e+00
1.237999999999999989e+00
3.267000000000000348e+00
2.298399999999999999e+00
1.138879999999999892e+00
1.735000000000000098e+00
1.735000000000000098e+00
2.888200000000001211e+00
2.888200000000000323e+00
-3.333999999999999186e-01
8.993999999999999773e-01
1.431800000000000017e-01
7.062800000000000189e-01
2.888999999999999901e-01
2.090279999999999916e+00
2.905300000000001326e+00
2.660900000000000709e+00
1.928600000000000092e+00
2.058000000000000274e+00
1.074999999999999983e-01
3.085800000000000765e+00
2.643299999999999095e+00
1.625879999999999992e+00
2.173000000000000043e+00
1.762599999999999500e+00
1.313679999999999959e+00
2.575600000000000112e+00
2.575600000000000112e+00
2.865080000000000737e+00
2.091819999999999791e+00
2.901600000000000179e+00
2.901600000000000179e+00
1.804499999999999993e+00
1.783400000000000096e+00
9.045999999999999597e-01
8.746999999999999220e-01
3.371000000000000107e-01
7.105999999999998984e-01
2.393600000000000172e+00
2.115000000000000213e+00
1.687000000000000055e+00
2.051839999999999886e+00
2.053999999999999992e-01
9.579999999999999627e-01
2.841220000000000745e+00
3.686000000000002608e+00
1.264799999999999924e+00
3.254000000000001891e-01
1.873000000000000442e+00
3.736600000000002808e+00
1.654599999999999849e+00
8.000000000000000167e-03
-3.450000000000000289e-02
3.294000000000001371e+00
-6.623999999999997668e-01
1.097499999999999920e+00
1.243999999999998024e-01
9.450000000000000067e-02
1.458199999999999941e+00
-7.119999999999990226e-02
-7.120000000000009654e-02
1.885639999999999983e+00
1.885639999999999983e+00
1.885639999999999983e+00
2.036719999999999864e+00
2.036719999999999864e+00
1.334799999999999986e+00
1.966399999999999926e+00
2.444640000000000146e+00
8.747000000000000330e-01
9.068000000000000504e-01
2.564700000000000202e+00
3.688700000000002532e+00
-4.932999999999997942e-01
-4.597000000000001085e-01
1.241200000000000081e+00
1.026539999999999786e+00
1.291439999999999921e+00
2.905800000000001049e+00
1.660799999999999832e+00
2.211640000000000050e+00
2.211640000000000050e+00
2.211640000000000050e+00
1.536899999999999933e+00
4.845999999999999752e-01
-1.032000000000000001e-01
1.093439999999999968e+00
1.093439999999999523e+00
1.280640000000000001e+00
1.093439999999999523e+00
1.631539999999999990e+00
2.851640000000000619e+00
1.759940000000000504e+00
-4.548000000000000931e-01
1.502999999999999892e+00
3.170000000000001705e+00
-5.027000000000001467e-01
2.758999999999999231e-01
2.956400000000000805e+00
2.263799999999999812e+00
2.155899999999999928e+00
4.430880000000003704e+00
1.327900000000000080e+00
1.667499999999999982e+00
1.667499999999999760e+00
2.931500000000001105e+00
1.993500000000000050e+00
2.043699999999999850e+00
1.423999999999998878e-01
1.445500000000000007e+00
1.445500000000000007e+00
1.831199999999999939e+00
1.831199999999999939e+00
2.703780000000000960e+00
1.016000000000001069e-01
9.934800000000000297e-01
5.678999999999999604e-01
1.655839999999999979e+00
1.808240000000000069e+00
-4.103999999999999870e-01
7.524000000000001798e-01
7.174000000000000377e-01
1.171999999999999931e+00
2.139619999999999855e+00
2.426820000000000199e+00
2.142700000000000049e+00
1.952420000000000044e+00
3.271600000000001174e+00
2.157200000000000006e+00
1.771500000000000075e+00
2.059400000000000119e+00
1.952420000000000044e+00
2.985200000000001630e+00
1.643999999999999906e+00
1.643999999999999906e+00
1.258299999999999974e+00
1.220579999999999998e+00
1.407899999999999929e+00
1.407900000000000151e+00
1.891780000000000017e+00
1.697380000000000111e+00
1.733900000000000219e+00
1.220699999999999896e+00
-7.977000000000000757e-01
7.382999999999999563e-01
8.543000000000000593e-01
1.915499999999999980e+00
-4.306999999999998052e-01
1.593960000000000043e+00
-1.092199999999999005e-01
1.287899999999999823e+00
1.632600000000000051e+00
2.167899999999999494e+00
2.199399999999999800e+00
2.199399999999999800e+00
1.203999999999999959e+00
-2.329999999999990065e-02
2.392199999999999882e+00
4.901000000000000911e-01
2.700619999999999798e+00
6.745999999999999774e-01
1.836999999999999966e+00
1.277400000000000091e+00
1.277400000000000091e+00
1.761279999999999957e+00
1.153899999999999926e+00
1.566879999999999828e+00
1.270499999999999963e+00
-2.328000000000000902e-01
1.585820000000000007e+00
-1.839999999999979846e-02
1.090199999999999836e+00
1.090199999999999836e+00
-2.477000000000000035e-01
1.055399999999999894e+00
1.046200000000000019e+00
2.313680000000000625e+00
1.159419999999999673e+00
1.159419999999999673e+00
1.748799999999999910e+00
1.453719999999999901e+00
1.453719999999999901e+00
1.966399999999999926e+00
1.866700000000000026e+00
2.604720000000001257e+00
2.136219999999999786e+00
5.178000000000001490e-01
1.133699999999999930e+00
1.556079999999999908e+00
3.569000000000001060e-01
3.629520000000001190e+00
2.061020000000000074e+00
1.811420000000000474e+00
-8.354999999999999094e-01
9.989999999999999991e-01
1.771400000000000086e+00
-4.934999999999999942e-01
7.181199999999998695e-01
2.476320000000000299e+00
2.476319999999999411e+00
2.543220000000000702e+00
9.830200000000000049e-01
1.514899999999999913e+00
4.047040000000002635e+00
1.485420000000000185e+00
-2.603000000000000869e-01
9.830200000000000049e-01
9.830200000000000049e-01
1.449859999999999927e+00
1.953419999999999934e+00
1.669300000000000006e+00
3.738620000000001831e+00
9.965000000000000524e-01
1.005900000000000016e+00
1.423999999999998878e-01
3.917999999999999816e-01
-1.610000000000000042e-01
7.181199999999998695e-01
7.850199999999998290e-01
9.722199999999999731e-01
1.123299999999999521e+00
7.850199999999998290e-01
7.850199999999998290e-01
1.323120000000000074e+00
2.543220000000000702e+00
2.543220000000000702e+00
2.543219999999999814e+00
1.938220000000000054e+00
1.990699999999999914e+00
8.304799999999998850e-01
2.711480000000000778e+00
2.422000000000000153e+00
3.205600000000001337e+00
1.176999999999999824e+00
1.603399999999999492e+00
1.603399999999999492e+00
1.594799999999999773e+00
1.087099999999999511e+00
1.973799999999999999e+00
3.261800000000001809e+00
1.595800000000000107e+00
-7.445999999999997065e-01
1.505799999999999805e+00
1.463300000000000045e+00
2.623600000000000598e+00
1.451699999999999990e+00
3.387100000000001998e+00
1.656300000000000106e+00
1.903219999999999912e+00
2.613600000000000811e+00
1.934000000000000385e+00
2.695700000000000429e+00
4.171800000000002839e+00
6.959999999999999520e-02
4.348599999999999355e+00
2.253779999999999895e+00
1.133699999999999930e+00
1.203859999999999930e+00
2.590300000000000935e+00
1.777099999999999902e+00
3.388000000000000789e+00
2.783000000000000362e+00
3.061100000000000598e+00
3.135800000000001919e+00
3.012399999999999523e+00
2.929100000000000037e+00
3.963300000000001155e+00
2.866800000000001347e+00
2.076700000000000212e+00
2.153599999999999959e+00
2.223380000000000578e+00
1.576300000000000034e+00
3.256900000000001683e+00
2.748600000000000598e+00
2.312600000000000211e+00
2.681700000000000195e+00
2.259780000000000122e+00
1.629799999999999693e+00
3.683999999999998942e-01
2.864999999999999214e-01
-1.182999999999999052e-01
-1.768899999999999695e+00
-2.170000000000010115e-02
2.508500000000000618e+00
-2.189999999999989871e-02
8.993999999999999773e-01
2.034100000000000019e+00
-4.216999999999999083e-01
4.765999999999999126e-01
6.638000000000000567e-01
9.532800000000000162e-01
2.459999999999999964e-01
5.403000000000000025e-01
5.403000000000001135e-01
1.006499999999999950e+00
3.748999999999999000e-01
1.284200000000000008e+00
1.284200000000000008e+00
5.879999999999990096e-02
-1.035999999999999976e-01
9.897999999999990139e-02
1.816999999999999504e+00
1.940399999999999237e+00
9.230999999999995875e-01
-5.770000000000001794e-01
4.208400000000000141e+00
3.773199999999998222e-01
1.627499999999999947e+00
7.254000000000000448e-01
1.241000000000001963e-01
2.053300000000000125e+00
2.411400000000000432e+00
2.044700000000000184e+00
1.523999999999999799e+00
1.818599999999999994e+00
8.897999999999999243e-01
1.669999999999999929e+00
1.254300000000000193e+00
1.496099999999999985e+00
1.710280000000000022e+00
-7.334000000000000519e-01
5.381000000000000227e-01
2.802999999999999936e-01
3.227999999999999758e-01
1.619779999999999998e+00
-1.283999999999999864e-01
-1.953000000000000014e-01
3.556299999999999795e+00
1.880179999999999962e+00
3.229000000000000092e+00
3.555000000000000604e+00
2.436799999999999855e+00
4.820980000000004040e+00
3.400000000000009959e-02
2.287599999999999856e+00
3.256400000000001960e+00
2.194060000000000343e+00
2.520060000000000855e+00
2.609220000000000539e+00
1.411200000000000454e+00
1.719620000000000593e+00
2.518400000000000638e+00
1.724599999999999911e+00
2.365499999999999936e+00
1.149599999999999955e+00
-1.003799999999999804e+00
-4.044000000000000927e-01
1.343199999999999950e+00
3.216200000000001058e+00
-4.944999999999999951e-01
-5.594999999999994422e-01
3.287999999999999257e-01
1.296899999999999942e+00
1.299700000000000077e+00
1.002499999999999947e+00
4.757500000000002061e+00
2.552400000000000446e+00
1.167000000000000953e-01
2.987100000000001643e+00
-3.538000000000000034e-01
8.664999999999999369e-01
1.845599999999999907e+00
-1.569599999999999440e+00
2.044200000000000017e+00
8.959000000000001407e-01
8.036000000000000920e-01
1.140480000000000160e+00
3.165999999999999925e-01
2.935800000000000409e+00
1.779220000000000024e+00
1.135000000000000231e+00
2.488999999999998991e-01
1.620400000000000507e+00
3.153200000000000891e+00
3.569200000000001261e+00
3.806600000000000872e+00
2.281200000000000117e+00
7.907999999999999474e-01
-9.187999999999991729e-01
8.933999999999995278e-01
4.978000000000001868e-01
-4.221000000000000862e-01
6.725999999999998646e-01
-9.092000000000004523e-01
2.352619999999999489e+00
8.361000000000000654e-01
1.282819999999999627e+00
-1.311600000000000099e+00
9.082000000000000073e-01
2.127600000000000158e+00
8.752000000000004221e-01
8.826000000000000512e-01
8.825999999999996071e-01
-8.874999999999999556e-01
9.743999999999995998e-01
2.594599999999999795e+00
1.861499999999999932e+00
1.281899999999999817e+00
-1.364199999999997914e-01
-2.320300000000000029e+00
2.540600000000000414e+00
3.623600000000001486e+00
1.055099999999999705e+00
1.630600000000000049e+00
9.669999999999999707e-01
9.669999999999999707e-01
3.575200000000002376e+00
5.709000000000000741e-01
4.521000000000000019e-01
3.017200000000001658e+00
-4.936999999999999167e-01
3.130700000000000927e+00
-1.257500000000000062e+00
3.440640000000001919e+00
4.541200000000002568e+00
2.190000000000000002e-01
-1.155999999999999944e-01
1.145099999999999563e+00
1.723399999999999821e+00
2.901000000000000800e-01
1.878500000000000059e+00
3.668900000000001160e+00
8.894999999999997353e-01
1.761400000000000077e+00
2.296400000000000219e+00
3.153700000000000614e+00
1.656599999999999184e+00
9.973999999999999533e-01
1.724900000000000100e+00
1.722180000000000044e+00
3.060240000000001181e+00
3.225280000000001035e+00
3.312000000000001165e+00
4.450000000000002842e+00
4.112400000000002720e+00
3.650400000000001199e+00
-3.565999999999974746e-01
4.432400000000001228e+00
3.409400000000002429e+00
4.998800000000004573e+00
-1.849799999999998334e+00
4.302400000000002223e+00
4.302400000000002223e+00
1.662800000000000722e+00
4.324000000000000066e-01
1.293500000000000094e+00
2.342360000000000220e+00
2.265500000000000291e+00
2.453180000000000582e+00
2.489700000000000912e+00
2.195300000000000917e+00
-6.610999999999999099e-01
1.734699999999999909e+00
-1.772999999999999021e-01
1.522399999999999753e+00
9.609999999999999654e-01
1.913399999999999546e+00
2.225699999999999790e+00
8.818000000000001393e-01
2.708800000000000985e+00
3.325540000000002827e+00
9.389999999999996128e-01
1.087099999999999955e+00
4.547999999999999821e-01
4.532000000000002138e-01
2.558000000000000718e+00
2.118300000000000072e+00
-1.967000000000000304e+00
2.470200000000001062e+00
2.022699999999999942e+00
1.110800000000000010e+00
9.089999999999998082e-01
2.910200000000001008e+00
2.257600000000000051e+00
4.041400000000002102e+00
1.504400000000000182e+00
1.504399999999999515e+00
2.531899999999999817e+00
1.611299999999999510e+00
1.774499999999999522e+00
1.785899999999999821e+00
4.604700000000001125e+00
2.274799999999999933e+00
1.738599999999999923e+00
1.862000000000000322e+00
3.175200000000001133e+00
1.930800000000000072e+00
2.333600000000001007e+00
2.333600000000001007e+00
1.830400000000000027e+00
1.830400000000000027e+00
3.023600000000000954e+00
1.946400000000000352e+00
1.946399999999999908e+00
1.953799999999999981e+00
1.643199999999999994e+00
2.298399999999999999e+00
2.523800000000000487e+00
3.296900000000001718e+00
1.317199999999999926e+00
2.593800000000000328e+00
-3.106000000000000982e-01
2.064600000000000879e+00
1.174999999999999822e+00
5.188000000000004164e+00
2.741920000000000357e+00
3.609400000000002606e+00
3.139000000000001123e+00
3.676000000000001044e+00
3.407200000000002227e+00
2.364500000000000490e+00
2.086599999999999788e+00
2.568600000000000882e+00
2.119339999999999780e+00
3.757300000000002527e+00
1.670879999999999699e+00
-1.532000000000000028e-02
1.256480000000000041e+00
7.648800000000000043e-01
1.021679999999999700e+00
1.014780000000000015e+00
3.514100000000002666e+00
2.149999999999999967e-01
4.225700000000002454e+00
5.001900000000005342e+00
2.826100000000002055e+00
1.919599999999999973e+00
-1.250999999999997947e-01
2.917100000000000914e+00
1.028899999999999704e+00
9.274999999999999911e-01
3.865900000000001668e+00
1.091399999999999926e+00
4.909999999999997145e-01
1.626399999999999846e+00
1.626400000000000068e+00
-8.374400000000001842e-01
3.002200000000000202e+00
1.634999999999999787e+00
1.534599999999999520e+00
-1.735299999999999176e+00
3.115400000000000169e+00
2.976400000000001711e+00
2.566000000000000725e+00
2.686000000000000831e+00
2.793800000000000061e+00
2.793800000000000061e+00
4.932000000000001272e+00
4.813799999999999746e-01
2.788880000000001136e+00
2.701999999999999957e+00
3.465400000000000702e+00
1.871600000000000819e+00
3.485300000000002285e+00
4.048800000000004395e+00
2.575600000000000112e+00
2.092299999999999827e+00
2.157800000000000384e+00
2.157800000000000384e+00
3.824800000000000644e+00
3.824800000000000644e+00
1.171159999999999979e+00
2.483800000000000452e+00
2.901600000000000179e+00
1.783400000000000096e+00
1.365599999999999925e+00
3.541600000000000747e+00
3.247200000000000308e+00
2.936600000000000321e+00
3.888500000000000068e+00
1.429959999999999898e+00
1.429959999999999898e+00
1.429959999999999898e+00
2.951000000000001400e+00
2.946300000000000807e+00
-3.827000000000007063e-01
2.583740000000000592e+00
1.057399999999999896e+00
1.767400000000000082e+00
4.159400000000003317e+00
1.059199999999999919e+00
1.899899999999999922e+00
1.984939999999999927e+00
3.935999999999997834e-01
1.882800000000000029e+00
1.127799999999999692e+00
2.441000000000000725e+00
1.854200000000000070e+00
4.117800000000004346e+00
8.817999999999996952e-01
1.563600000000000101e+00
1.005399999999999849e+00
4.069000000000000949e-01
3.580100000000000726e+00
1.781199999999999894e+00
9.896999999999998021e-01
1.181200000000000028e+00
2.846600000000001351e+00
1.072600000000000442e+00
-9.367999999999999661e-01
-7.841000000000000192e-01
1.571299999999999919e+00
2.163999999999995927e-01
4.790000000000010222e-02
5.111999999999996547e-01
2.692000000000000615e+00
9.318999999999996176e-01
2.478000000000000203e+00
2.509600000000000275e+00
3.149600000000000399e+00
1.555800000000000072e+00
4.422200000000003683e+00
3.838620000000001475e+00
1.957600000000000007e+00
1.486920000000000019e+00
3.517800000000002036e+00
1.285999999999999810e+00
2.535200000000000120e+00
-4.360000000000001097e-01
2.998200000000001086e+00
1.612000000000000099e+00
1.611999999999999655e+00
1.955200000000000049e+00
1.450800000000000090e+00
1.450800000000000090e+00
1.450800000000000090e+00
4.292000000000004256e+00
2.771999999999998909e-01
1.977600000000000025e+00
1.496299999999999963e+00
1.458199999999999941e+00
2.983600000000001806e+00
1.964699999999999891e+00
4.188999999999998836e-01
1.467839999999999812e+00
2.179739999999999789e+00
7.764399999999995750e-01
2.760440000000000893e+00
5.276700000000004387e+00
-3.955999999999998962e-01
2.271999999999999797e+00
2.229499999999999815e+00
1.660799999999999832e+00
1.660799999999999832e+00
3.831200000000002603e+00
3.139999999999999736e-02
3.399840000000001972e+00
2.261840000000000295e+00
1.780100000000000016e+00
1.147599999999999953e+00
6.756400000000000183e-01
6.756399999999999073e-01
2.246640000000000192e+00
2.798900000000000610e+00
-3.732999999999999097e-01
5.637000000000002231e+00
2.950200000000001044e+00
1.085200000000000387e+00
1.085200000000000387e+00
1.085200000000000164e+00
1.085200000000000164e+00
1.085200000000000387e+00
2.278399999999999537e+00
2.278399999999999537e+00
6.019000000000003237e-01
9.142000000000005677e-01
2.748900000000000787e+00
1.201199999999999823e+00
1.201200000000000045e+00
1.201200000000000490e+00
1.882000000000000339e+00
3.170000000000002593e+00
3.199999999999998956e-01
3.246600000000001707e+00
3.295300000000001894e+00
3.654200000000002113e+00
-4.602000000000001090e-01
2.656200000000001005e+00
2.656200000000001005e+00
2.361800000000001010e+00
1.208600000000000341e+00
1.208600000000000341e+00
1.208600000000000341e+00
1.208600000000000341e+00
1.208600000000000341e+00
1.428299999999999681e+00
2.952200000000001712e+00
3.246600000000001707e+00
7.886000000000004118e-01
-7.010000000000010667e-02
-1.779299999999999660e+00
4.400400000000002976e+00
4.400400000000002088e+00
2.722100000000002407e+00
5.011000000000001009e-01
2.906700000000001616e+00
3.371200000000001751e+00
5.173800000000002619e+00
4.183500000000001329e+00
2.339799999999999436e+00
3.210600000000000787e+00
2.698399999999999466e+00
3.125600000000000378e+00
1.607099999999999529e+00
3.064600000000001767e+00
3.743700000000001804e+00
2.903399999999999537e+00
3.330600000000000449e+00
2.624200000000000976e+00
1.591800000000000104e+00
1.933599999999999985e+00
7.907999999999999474e-01
2.151340000000000252e+00
5.242900000000003224e+00
3.086900000000001754e+00
3.392600000000000726e+00
3.956900000000001860e+00
4.675700000000004408e+00
1.299999999999499906e-03
1.660400000000000098e+00
3.505999999999998007e-01
1.785600000000004073e+00
2.679800000000008176e+00
3.088000000000001855e+00
3.924200000000003907e+00
-2.925999999999990275e-01
1.414959999999999996e+00
5.420400000000005214e+00
1.852719999999999922e+00
2.951100000000000279e+00
1.184199999999999919e+00
9.539600000000000302e-01
1.575700000000000101e+00
1.951899999999999968e+00
2.043699999999999406e+00
1.404599999999999627e+00
1.575899999999999634e+00
-1.887999999999999123e-01
1.436299999999999910e+00
1.665499999999999758e+00
2.125300000000000189e+00
1.381299999999999972e+00
3.575180000000002245e+00
2.156680000000000152e+00
5.378999999999993786e-01
1.929300000000000015e+00
1.808240000000000069e+00
1.808240000000000069e+00
4.555000000000003268e+00
-3.937999999999998724e-01
1.388500000000000068e+00
1.184999999999999831e+00
8.392999999999999350e-01
4.491999999999999882e-01
-6.034999999999999254e-01
2.254999999999999893e+00
6.827000000000000846e-01
-3.253999999999998005e-01
1.456200000000000161e+00
1.417799999999999949e+00
1.442199999999999704e+00
4.067600000000002325e+00
3.603800000000001447e+00
3.814500000000001556e+00
5.003300000000003855e+00
3.977000000000002977e+00
2.840000000000000746e+00
2.422200000000000131e+00
-5.588000000000001855e-01
4.314100000000001600e+00
1.716319999999999846e+00
2.042320000000000135e+00
1.733899999999999775e+00
1.573099999999999943e+00
1.806699999999999973e+00
4.045800000000003394e+00
-1.894919999999999494e+00
1.770999999999999908e+00
2.564900000000001068e+00
2.541600000000000747e+00
3.024520000000000763e+00
3.033120000000000260e+00
4.274999999999998246e-01
-2.100000000000004918e-01
6.629240000000007349e+00
1.984059999999999935e+00
7.730999999999998984e-01
-4.010399999999999743e+00
-4.825999999999991963e-01
-1.473399999999998045e+00
1.369960000000000067e+00
-8.909999999999999865e-02
9.153999999999995474e-01
-1.471600000000000019e+00
-1.762000000000000455e+00
-4.977199999999999958e-01
4.910999999999999255e-01
1.243579999999999908e+00
-4.300000000000000003e-03
1.263879999999999892e+00
1.263879999999999670e+00
1.263879999999999448e+00
-7.558000000000002494e-01
1.205179999999999918e+00
2.473080000000000833e+00
9.068000000000003835e-01
3.015800000000000924e+00
-4.049999999999999156e-01
6.449999999999997957e-01
1.796119999999999495e+00
-2.021199999999999886e+00
-7.616000000000002768e-01
8.021999999999999964e-02
-1.395500000000000185e+00
9.986000000000003762e-01
9.986000000000001542e-01
1.350599999999999801e+00
1.350599999999999801e+00
1.350599999999999801e+00
2.644500000000000295e+00
2.722599999999999909e+00
2.130799999999999805e+00
3.078000000000001180e+00
1.226299999999999946e+00
1.233699999999999353e+00
-9.561000000000001720e-01
3.645000000000001017e-01
1.070900000000000185e+00
2.224100000000000854e+00
1.633299999999999974e+00
-1.174199999999999910e+00
-1.647600000000000176e+00
-7.008000000000000895e-01
4.033599999999999963e-01
-3.768400000000000083e-01
8.561999999999996280e-01
1.750099999999999545e+00
1.794999999999999707e+00
2.233979999999999855e+00
2.575200000000000156e+00
8.213999999999999080e-01
1.702699999999999658e+00
1.155899999999999705e+00
2.185099999999999820e+00
2.093199999999999505e+00
2.370500000000000718e+00
2.299400000000000333e+00
3.156200000000001005e+00
-9.329999999999989690e-02
1.873399999999999954e+00
1.873399999999999954e+00
1.873399999999999954e+00
2.162880000000000358e+00
3.735900000000001775e+00
1.296899999999999942e+00
2.081599999999999895e+00
-7.716000000000002856e-01
5.702000000000000401e-01
-3.149000000000001243e-01
4.217400000000003146e+00
4.913300000000003998e+00
1.201719999999999899e+00
4.250500000000002387e+00
2.643500000000001293e+00
6.969999999999998419e-01
1.129199999999999759e+00
1.816999999999999504e+00
1.816999999999999948e+00
1.940399999999999903e+00
1.983999999999999098e-01
4.021800000000002484e+00
2.871200000000001751e+00
2.897800000000001042e+00
2.135400000000000187e+00
5.167700000000002625e+00
4.443999999999999062e-01
5.219999999999960089e-02
3.018500000000001293e+00
2.185799999999999965e+00
2.878700000000001147e+00
-9.322200000000000486e-01
2.972200000000000841e+00
4.447900000000003295e+00
5.705400000000002692e+00
2.708100000000000396e+00
1.067000000000002946e-01
1.844340000000000090e+00
1.790639999999999565e+00
2.743540000000000312e+00
5.301999999999997826e-01
1.862200000000000077e+00
8.595999999999999197e-01
8.595999999999999197e-01
1.887100000000000000e+00
1.511599999999999611e+00
1.511599999999999611e+00
2.989600000000001145e+00
1.677699999999999969e+00
1.855099999999999971e+00
3.447400000000001796e+00
1.185599999999999765e+00
1.185599999999999765e+00
1.185599999999999765e+00
1.182399999999999896e+00
1.653599999999999959e+00
1.653599999999999515e+00
1.612800000000000011e+00
3.020999999999999908e+00
6.723999999999999977e-01
1.419800000000000173e+00
2.503700000000000259e+00
1.055399999999999894e+00
1.426500000000000101e+00
1.426500000000000101e+00
1.426500000000000101e+00
8.596999999999999087e-01
7.609999999999998987e-01
1.542599999999999527e+00
1.093920000000000003e+00
1.093920000000000003e+00
1.159419999999999895e+00
1.871320000000000094e+00
2.186920000000000197e+00
2.034800000000000164e+00
1.138799999999998980e-01
3.171700000000001296e+00
9.103200000000002401e-01
1.811420000000000030e+00
1.811420000000000474e+00
1.811420000000000474e+00
1.811420000000000030e+00
1.517020000000000479e+00
1.517020000000000701e+00
2.637100000000001110e+00
2.441800000000000193e+00
1.372460000000000013e+00
1.670099999999999918e+00
-7.839000000000000412e-01
5.652199999999999447e-01
1.485420000000000185e+00
1.485420000000000185e+00
1.485419999999999519e+00
1.485419999999999519e+00
1.485419999999999963e+00
1.636499999999999844e+00
1.636499999999999844e+00
2.678620000000000445e+00
1.381399999999999961e+00
1.381399999999999961e+00
6.263199999999999878e-01
3.056420000000001913e+00
1.608819999999999917e+00
1.608819999999999917e+00
-9.936000000000000387e-01
3.399999999999989836e-02
3.450300000000001255e+00
3.247320000000001095e+00
1.965300000000000047e+00
1.912619999999999987e+00
1.912619999999999987e+00
3.102999999999995762e-01
4.780000000000009935e-02
9.834000000000003849e-01
3.672199999999999909e-01
-1.177999999999999048e-01
9.722199999999999731e-01
1.123299999999999521e+00
1.592619999999999925e+00
3.672199999999999909e-01
2.125420000000000087e+00
1.039099999999999913e+00
1.033719999999999972e+00
3.018200000000001104e+00
-1.233379999999999921e+00
6.072999999999997289e-01
-7.155000000000000249e-01
2.474200000000000621e+00
1.103800000000003889e+00
2.087639999999999496e+00
5.406500000000007411e+00
2.365099999999999980e+00
6.348000000000000309e-01
2.905880000000000685e+00
2.004199999999999537e+00
2.004199999999999537e+00
2.004199999999999982e+00
2.798200000000000465e+00
3.790300000000002001e+00
2.640899999999999803e+00
1.629799999999999693e+00
1.629799999999999693e+00
3.475500000000002032e+00
2.668800000000000949e+00
1.351099999999999524e+00
1.022499999999999520e+00
3.859500000000001041e+00
3.635800000000001475e+00
3.561700000000000088e+00
-1.408599999999999020e-01
-1.479000000000000037e-01
3.901200000000001999e+00
2.370200000000000529e+00
6.937000000000002053e-01
1.221899999999999764e+00
1.221899999999999986e+00
1.221899999999999986e+00
1.660879999999999912e+00
1.660879999999999912e+00
7.592000000000003190e-01
7.591999999999998749e-01
7.591999999999998749e-01
7.591999999999998749e-01
9.911999999999999700e-01
9.911999999999999700e-01
1.129599999999999937e+00
1.087099999999999955e+00
1.087099999999999955e+00
2.840700000000000891e+00
2.840700000000000891e+00
1.471099999999999630e+00
1.292999999999999927e+00
1.292999999999999927e+00
1.982999999999998930e-01
1.983000000000000873e-01
1.466480000000000006e+00
1.466480000000000006e+00
1.973799999999999999e+00
1.973799999999999999e+00
3.261800000000001809e+00
4.790500000000004199e+00
3.399999999999989836e-02
4.693900000000001071e+00
3.166000000000002146e+00
2.806200000000001360e+00
1.312599999999999767e+00
1.187799999999999967e+00
8.859999999999998987e-01
1.471099999999999630e+00
4.784000000000001029e-01
-6.024999999999998135e-01
2.748000000000001108e+00
2.453600000000001113e+00
2.691200000000001147e+00
1.300400000000000222e+00
1.300399999999999778e+00
1.553199999999999692e+00
1.553199999999999914e+00
1.553199999999999692e+00
1.520099999999999785e+00
1.520099999999999785e+00
3.338400000000000922e+00
3.338400000000001810e+00
1.797400000000000109e+00
1.797399999999999665e+00
1.145999999999999908e+00
2.825800000000000978e+00
3.490900000000002557e+00
1.612000000000000099e+00
1.612000000000000099e+00
1.806899999999999951e+00
3.746000000000002217e+00
1.085399999999999920e+00
-2.621999999999999886e-01
1.965799999999999992e+00
2.342000000000000526e+00
4.492200000000002191e+00
5.719999999999998419e-01
9.898000000000000131e-01
-3.300000000000009870e-02
-2.002299999999999969e+00
2.142999999999999794e+00
2.142999999999999794e+00
2.142999999999999794e+00
1.848600000000000021e+00
1.009699999999999820e+00
2.316700000000000870e+00
-1.153599999999999959e+00
1.322499999999999565e+00
4.289400000000003210e+00
3.129500000000001059e+00
2.082300000000000040e+00
1.588699999999999557e+00
8.558999999999996611e-01
1.983999999999999098e-01
3.627120000000001898e+00
3.553300000000002346e+00
3.425000000000002487e+00
2.572700000000000209e+00
1.919300000000000006e+00
2.745500000000000718e+00
1.540100000000000025e+00
2.374160000000000714e+00
-1.238599999999999923e+00
-3.033800000000000274e+00
-1.443699999999999761e+00
-2.043000000000000149e+00
1.811800000000000077e+00
2.447900000000001075e+00
1.782980000000000009e+00
1.364099999999999646e+00
1.489899999999999780e+00
3.342900000000002425e+00
5.458000000000002849e+00
2.850740000000000940e+00
-1.814799999999999969e+00
-1.400199999999997669e+00
3.500200000000003087e+00
3.860000000000002984e+00
3.720340000000002867e+00
4.535799999999999166e+00
4.861799999999999677e+00
1.270299999999999985e+00
2.925100000000000477e+00
3.575200000000002376e+00
2.783000000000001251e+00
2.783000000000000362e+00
1.947400000000000020e+00
2.488600000000001256e+00
5.019700000000004714e+00
3.784220000000000805e+00
7.003999999999996895e-01
3.535900000000001597e+00
3.061100000000000598e+00
4.194900000000003182e+00
2.840420000000001277e+00
4.299000000000001154e-01
4.240000000000000990e-01
4.170000000000000095e-02
1.119499999999999940e+00
3.128400000000000070e+00
2.193599999999999994e+00
2.938900000000000290e+00
3.342080000000001938e+00
3.229900000000001103e+00
2.425199999999999800e+00
4.775999999999995804e-01
1.183099999999999596e+00
6.817999999999997396e-01
6.817999999999997396e-01
1.487699999999999578e+00
5.671000000000000485e-01
3.834900000000001974e+00
1.337599999999999900e+00
8.407000000000000028e-01
1.965000000000000080e+00
4.583400000000001917e+00
8.333999999999999186e-01
3.600000000000002309e+00
7.029999999999998472e-01
1.197399999999999132e+00
1.769600000000000062e+00
1.905599999999999961e+00
-5.286999999999995037e-01
2.131000000000000116e-01
1.207999999999998936e-01
-2.170000000000010115e-02
1.219839999999999813e+00
4.655600000000002403e+00
2.321619999999999795e+00
1.340399999999999814e+00
3.730400000000003047e+00
4.148200000000003662e+00
2.836620000000000807e+00
1.520799999999999930e+00
2.234100000000000197e+00
2.666800000000001170e+00
-1.652899999999999814e+00
3.341900000000001647e+00
2.165599999999999525e+00
2.192000000000000171e+00
4.275500000000003631e+00
2.577500000000001013e+00
1.835599999999999898e+00
6.470000000000010465e-02
3.135000000000001563e+00
4.197999999999997844e-01
-9.936000000000003718e-01
3.528999999999998805e-01
-4.827000000000002955e-01
-4.244999999999999885e-01
1.747999999999998999e-01
4.166200000000002568e+00
6.637999999999999456e-01
1.804999999999999938e-01
1.804999999999999938e-01
1.804999999999999938e-01
7.797999999999998266e-01
7.797999999999998266e-01
7.797999999999999376e-01
2.459999999999999964e-01
2.459999999999999964e-01
2.459999999999999964e-01
4.779999999999999805e-01
4.779999999999999805e-01
4.779999999999999805e-01
4.779999999999999805e-01
4.779999999999999805e-01
4.779999999999999805e-01
6.163999999999998369e-01
5.738999999999998547e-01
7.871999999999996778e-01
3.671999999999999154e-01
2.227100000000000524e+00
4.662000000000000172e-02
5.879999999999990096e-02
-6.504000000000000892e-01
7.128999999999999782e-01
7.128999999999999782e-01
-8.010000000000001563e-01
3.239800000000000679e+00
1.816999999999999504e+00
1.816999999999999504e+00
1.816999999999999504e+00
1.816999999999999504e+00
1.816999999999999948e+00
1.933000000000000052e+00
1.933000000000000052e+00
1.528099999999999570e+00
1.940399999999999903e+00
1.528099999999999792e+00
1.940399999999999903e+00
1.940399999999999903e+00
4.405900000000004368e+00
1.458999999999999631e+00
1.607499999999999263e+00
3.386800000000000921e+00
1.388599999999999834e+00
5.286900000000004596e+00
4.118100000000002758e+00
9.609999999999999654e-01
2.819000000000002171e+00
3.735700000000004017e+00
1.611199999999999966e+00
2.167199999999999793e+00
2.235700000000000021e+00
2.763500000000001400e+00
4.208400000000000141e+00
3.090200000000000280e+00
4.172800000000002285e+00
2.650600000000000733e+00
-1.735800000000000232e+00
2.251999999999999003e-01
3.433100000000000041e+00
3.751680000000002124e+00
3.485600000000002474e+00
3.049600000000001643e+00
2.085960000000000036e+00
-1.218100000000000183e+00
-8.003000000000002334e-01
7.252999999999998337e-01
-2.665000000000000147e-01
-3.059999999999999873e-02
4.035000000000003695e+00
-6.283800000000001607e-01
4.557300000000002349e+00
3.134840000000000515e+00
-2.697299999999985154e+00
1.501200000000000090e+00
-7.209999999999999742e-02
4.843900000000003203e+00
-1.541800000000000503e+00
-1.381799999999999917e+00
-6.131000000000002004e-01
-1.030899999999999928e+00
2.059099999999999930e+00
5.290800000000000836e+00
1.241079999999999961e+00
3.260600000000000609e+00
2.004800000000000360e+00
2.505200000000000315e+00
1.913899999999999935e+00
2.287599999999999856e+00
2.287600000000000300e+00
2.577080000000000481e+00
4.147200000000000664e+00
4.148200000000003662e+00
-5.691999999999998172e-01
2.892160000000001396e+00
1.257599999999999607e+00
1.294599999999999973e+00
1.213599999999999790e+00
3.006800000000001916e+00
-1.006119999999999903e+00
9.934000000000003938e-01
8.224000000000006860e-01
1.109400000000000164e+00
2.622600000000002041e+00
-8.998999999999999222e-01
1.116800000000000903e+00
2.879400000000002180e+00
5.410700000000003840e+00
4.872600000000002929e+00
2.717400000000000038e+00
-2.043299999999999894e+00
3.057600000000000762e+00
1.669099999999999584e+00
2.819300000000001027e+00
2.414400000000000102e+00
-2.527000000000003133e-01
8.251000000000001666e-01
-9.367999999999999661e-01
-9.761999999999999567e-01
5.074999999999999512e-01
5.430000000000000104e-02
4.594520000000006377e+00
1.911799999999999944e+00
2.237800000000000011e+00
2.237800000000000011e+00
3.618000000000002103e+00
2.021640000000000104e+00
-1.734699999999999021e+00
1.177000000000000046e+00
1.370300000000000074e+00
1.145299999999999985e+00
1.487699999999999800e+00
1.726799999999999891e+00
1.922099999999999920e+00
3.003920000000001700e+00
5.724000000000001309e-01
-4.470000000000000084e-01
-4.675000000000000266e-01
5.223999999999999755e-01
2.247999999999999998e-01
9.888000000000002343e-01
1.471800000000000219e+00
2.695500000000000895e+00
1.640400000000000080e+00
1.592499999999999805e+00
1.736599999999999921e+00
1.394400000000000084e+00
8.959000000000001407e-01
9.888000000000000123e-01
3.031000000000000916e-01
-1.653000000000003078e-01
1.533600000000000296e+00
1.736599999999999921e+00
1.394400000000000084e+00
9.608999999999999764e-01
6.915999999999999925e-01
1.381299999999999972e+00
1.922099999999999920e+00
1.379699999999999926e+00
4.650000000000001910e-01
1.575900000000000079e+00
-2.531000000000001027e-01
6.976000000000001089e-01
4.787000000000001254e-01
-2.706200000000000827e-01
1.676099999999999923e+00
1.922099999999999920e+00
1.922099999999999920e+00
1.156600000000000072e+00
1.828400000000000025e+00
3.644000000000001127e-01
6.976000000000001089e-01
-3.643000000000000127e-01
4.787000000000001254e-01
2.983600000000001806e+00
2.452100000000000612e+00
1.423499999999999988e+00
1.798699999999999966e+00
1.284399999999999986e+00
1.887299999999999978e+00
1.153899999999999926e+00
1.053500000000000103e+00
1.861499999999999932e+00
-7.119999999999990226e-02
2.503700000000000259e+00
2.218500000000000139e+00
1.735500000000000043e+00
2.370800000000000018e+00
1.438299999999999912e+00
1.193100000000000493e+00
2.089100000000000179e+00
1.286000000000000032e+00
1.286000000000000032e+00
2.254999999999999893e+00
1.365000000000000213e+00
1.792699999999999960e+00
2.182800000000000296e+00
2.134900000000000020e+00
1.546699999999999964e+00
7.256000000000000227e-01
1.957799999999999985e+00
1.936800000000000077e+00
8.959000000000001407e-01
1.067800000000000082e+00
1.735500000000000043e+00
1.921300000000000008e+00
1.583200000000000163e+00
3.185900000000000176e+00
1.438299999999999912e+00
2.041199999999999903e+00
5.074000000000000732e-01
1.498799999999999910e+00
1.676099999999999923e+00
8.439000000000002055e-01
2.935800000000001297e+00
9.045999999999999597e-01
1.584000000000000075e+00
5.578000000000001846e-01
2.186900000000000066e+00
6.598999999999999311e-01
1.365000000000000213e+00
1.940900000000000070e+00
8.185000000000000053e-01
5.987000000000001210e-01
1.523800000000000043e+00
-7.501999999999999780e-01
-6.623999999999998778e-01
4.331999999999999740e-01
4.331999999999999740e-01
8.509999999999999787e-01
-1.155999999999998001e-01
-3.176000000000002155e-01
2.149999999999999134e-01
-1.096200000000000063e+00
8.131000000000001560e-01
-7.076999999999999957e-01
-1.381799999999999917e+00
8.509999999999999787e-01
6.039999999999999813e-01
7.102000000000000535e-01
5.756000000000000005e-01
5.923999999999999266e-01
6.428000000000002601e-01
8.463000000000000522e-01
6.003000000000000558e-01
-1.639999999999990077e-02
1.379699999999999926e+00
-7.060999999999997279e-01
8.510000000000002007e-01
-3.159999999999997811e-01
1.626400000000000068e+00
1.901200000000000001e+00
2.004199999999999982e+00
2.004199999999999982e+00
7.410000000000009635e-02
4.642000000000000015e-01
8.543000000000000593e-01
2.004199999999999982e+00
1.244400000000000173e+00
2.164100000000000357e+00
2.735400000000001164e+00
1.955200000000000049e+00
1.688099999999999490e+00
-6.741000000000001435e-01
1.749800000000000022e+00
2.044200000000000017e+00
3.424999999999996936e-01
3.459999999999995857e-01
8.688000000000001277e-01
9.625000000000000222e-01
8.330999999999999517e-01
5.420000000000000373e-01
-8.006000000000004224e-01
8.967000000000000526e-01
6.932000000000000384e-01
-4.530000000000000138e-01
-1.278999999999999027e-01
4.299999999999999933e-01
9.538999999999999702e-01
1.199899999999999967e+00
1.499600000000000044e+00
3.627000000000000224e-01
1.069399999999999906e+00
8.635000000000000453e-01
5.638000000000000789e-01
6.507000000000000561e-01
1.145100000000000007e+00
1.145100000000000007e+00
8.213999999999999080e-01
1.523999999999998967e-01
-5.311000000000005716e-01
1.135999999999997984e-01
-1.613100000000000422e+00
1.816999999999999948e+00
5.735999999999996657e-01
3.701000000000002066e-01
-1.999999999999960143e-02
-4.509999999999997899e-01
-1.166199999999999015e+00
1.519000000000000905e-01
1.981999999999999040e-01
-1.903000000000001080e-01
1.155500000000000194e+00
-1.207700000000000218e+00
1.277800000000000047e+00
4.787000000000001254e-01
1.133999999999996955e-01
1.612999999999996936e-01
2.422000000000000597e+00
-4.895000000000002127e-01
-9.940000000000029368e-02
2.538400000000001100e+00
1.706299999999999928e+00
-1.149699999999998834e+00
4.089999999999970048e-02
1.528100000000000014e+00
2.392199999999999882e+00
-1.046000000000000485e+00
-1.472999999999999643e+00
5.827999999999997627e-01
1.399219999999999908e+00
1.450800000000000090e+00
6.672999999999997822e-01
1.505200000000000093e+00
1.426500000000000101e+00
1.514899999999999913e+00
5.425999999999998602e-01
4.814999999999998725e-01
2.287600000000000300e+00
1.444800000000000084e+00
4.799000000000001043e-01
3.400000000000009959e-02
5.073999999999999622e-01
1.065299999999999914e+00
2.416900000000000048e+00
6.368999999999999106e-01
7.681000000000000050e-01
1.745600000000000041e+00
1.403399999999999981e+00
1.142700000000000049e+00
1.778000000000000025e+00
2.038699999999999513e+00
7.246999999999996778e-01
4.813799999999999746e-01
2.753999999999999782e-01
3.778000000000000802e-01
1.132900000000000018e+00
2.101999999999998869e-01
8.130999999999999339e-01
1.203200000000000047e+00
4.708999999999998742e-01
8.609999999999999876e-01
6.003000000000001668e-01
1.381299999999999972e+00
4.397400000000003750e+00
5.178000000000001490e-01
2.760000000000001896e-01
2.441800000000000193e+00
-3.600999999999999757e-01
8.454999999999999183e-01
1.448399999999999910e+00
1.769800000000000040e+00
1.964299999999999935e+00
2.810900000000001064e+00
3.882400000000000961e+00
3.229000000000000092e+00
3.882400000000000073e+00
1.159419999999999895e+00
2.575600000000001000e+00
1.237200000000000077e+00
1.379699999999999926e+00
2.004199999999999982e+00
1.885639999999999983e+00
2.194060000000000343e+00
3.556299999999999795e+00
2.194060000000000343e+00
1.578000000000001068e-01
8.595999999999999197e-01
5.491999999999999105e-01
5.566000000000002057e-01
2.575600000000001000e+00
1.546999999999999931e+00
1.885639999999999983e+00
3.246600000000000819e+00
2.460000000000001075e-01
2.575600000000001000e+00
1.031999999999999029e-01
1.286000000000000032e+00
-1.767599999999999172e+00
1.885639999999999983e+00
2.575600000000001000e+00
2.092299999999999827e+00
2.393600000000000172e+00
3.515600000000000946e+00
2.261840000000000295e+00
2.104000000000000092e+00
2.690700000000000536e+00
-3.589999999999998748e-01
2.459999999999998022e-01
1.885639999999999983e+00
1.526899999999999924e+00
3.370999999999998997e-01
1.600400000000000988e-01
-3.482000000000000095e-01
-7.612000000000000988e-01
-2.840000000000000857e-01
-1.048000000000000043e-01
6.290000000000000036e-01
-9.215000000000002078e-01
-5.604000000000000092e-01
-1.311600000000000099e+00
-2.840000000000000857e-01
2.188800000000000523e+00
8.825999999999998291e-01
6.756399999999999073e-01
1.020620000000000083e+00
1.627799999999999914e+00
7.281999999999980155e-02
1.282819999999999849e+00
7.591999999999998749e-01
8.825999999999998291e-01
-6.479000000000001425e-01
-3.978000000000000286e-02
1.275419999999999998e+00
2.159900000000000375e+00
2.044200000000000017e+00
1.471400000000000041e+00
2.970200000000001062e+00
3.575200000000001044e+00
3.677000000000000268e-01
7.610999999999998877e-01
1.557500000000000107e+00
9.669999999999999707e-01
1.055399999999999894e+00
1.140480000000000160e+00
1.878500000000000059e+00
-1.250999999999997947e-01
7.583000000000001961e-01
3.877999999999999781e-01
1.983999999999999098e-01
9.744000000000000439e-01
-6.741000000000001435e-01
5.879999999999999810e-02
6.638000000000000567e-01
5.879999999999999810e-02
1.816999999999999948e+00
1.090799999999999992e+00
1.456800000000000095e+00
1.066699999999999982e+00
1.121099999999999985e+00
2.031299999999999883e+00
3.400000000000000799e-01
-2.039600000000000080e+00
2.230620000000000047e+00
1.072300000000000031e+00
3.455200000000000049e+00
3.455200000000000493e+00
4.794999999999999263e-01
2.242000000000000104e-01
2.230620000000000047e+00
1.347099999999999964e+00
-2.895000000000000906e-01
1.863899999999999890e+00
1.922199999999999909e+00
1.438900000000000068e+00
1.839000000000000079e-01
1.053600000000000092e+00
3.133999999999999009e-01
7.867999999999999439e-01
1.459000000000000075e+00
4.445999999999998842e-01
-6.146200000000001662e-01
1.667499999999999982e+00
1.184199999999999919e+00
2.422999999999999876e-01
1.771400000000000086e+00
1.831199999999999939e+00
8.356999999999998874e-01
6.932000000000001494e-01
-5.588000000000001855e-01
1.594600000000000017e+00
9.245999999999999774e-01
6.932000000000001494e-01
-8.539999999999990654e-02
5.150000000000001243e-01
8.571999999999999620e-01
9.446999999999999842e-01
1.752999999999999003e-01
1.081700000000000106e+00
3.031000000000000916e-01
6.507000000000000561e-01
1.523800000000000043e+00
1.094000000000000083e+00
-1.147500000000000187e+00
1.873399999999999954e+00
3.701000000000002066e-01
2.050699999999999967e+00
1.983900000000000885e+00
-1.999999999999989980e-02
3.701000000000002066e-01
3.276000000000002244e-01
1.585820000000000007e+00
-1.312000000000002053e-01
1.397000000000000020e+00
-1.140999999999998959e-01
1.159419999999999895e+00
1.159419999999999895e+00
4.780000000000009935e-02
3.569000000000001060e-01
2.230620000000000047e+00
1.093599999999999905e+00
2.230620000000000047e+00
1.485419999999999963e+00
5.182999999999997609e-01
1.123299999999999521e+00
1.381299999999999972e+00
1.577220000000000066e+00
1.453719999999999901e+00
9.911999999999999700e-01
1.277000000000000079e-01
2.422000000000000597e+00
6.936999999999999833e-01
1.177000000000000046e+00
3.338400000000000922e+00
1.485419999999999963e+00
-1.550699999999999079e+00
-9.940000000000029368e-02
1.133699999999999930e+00
4.379000000000000115e-01
1.187799999999999967e+00
6.817999999999999616e-01
5.403000000000001135e-01
1.310999999999999943e-01
-3.422999999999999932e-01
-4.216999999999999083e-01
1.999999999999800115e-03
-9.779999999999980376e-02
7.253000000000000558e-01
8.469999999999999751e-01
1.446299999999999919e+00
1.093920000000000003e+00
5.827999999999999847e-01
3.746200000000002195e+00
2.238400000000000389e+00
1.820999999999999952e+00
1.820999999999999952e+00
1.458199999999999941e+00
1.824000000000000066e+00
1.992499999999999938e+00
1.194799999999999057e-01
1.147599999999999953e+00
2.287600000000000300e+00
2.663800000000000168e+00
2.288800000000000168e+00
1.500399999999999956e+00
1.946600000000000108e+00
8.975000000000001865e-01
1.531199999999999894e+00
2.556600000000000428e+00
2.166500000000000092e+00
3.824800000000000644e+00
9.904000000000001691e-01
8.609999999999999876e-01
1.379699999999999926e+00
1.381299999999999972e+00
4.033599999999999963e-01
-7.263999999999986024e-01
5.491999999999999105e-01
1.159419999999999895e+00
2.575600000000001000e+00
2.460000000000001075e-01
1.885639999999999983e+00
5.491999999999999105e-01
1.159419999999999895e+00
2.793800000000000949e+00
2.575600000000001000e+00
1.085199999999999942e+00
6.018999999999999906e-01
1.885639999999999983e+00
7.021999999999999353e-01
-2.653999999999999138e-01
5.285999999999998478e-01
-6.724999999999998757e-01
1.161100000000000021e+00
7.063999999999960588e-02
3.677000000000001934e-01
1.557500000000000107e+00
9.669999999999999707e-01
1.445500000000000007e+00
1.140480000000000160e+00
1.177000000000000046e+00
1.282819999999999849e+00
9.744000000000000439e-01
6.638000000000000567e-01
2.031299999999999883e+00
1.375499999999999945e+00
1.114800000000000013e+00
2.061300000000000132e+00
1.930800000000000072e+00
2.298399999999999999e+00
1.438900000000000068e+00
1.922199999999999909e+00
2.230620000000000047e+00
5.852800000000000225e-01
5.507000000000001894e-01
1.081700000000000106e+00
1.201500000000000012e+00
5.654000000000001247e-01
1.083300000000000152e+00
3.047000000000001929e-01
-7.581000000000004402e-01
1.523800000000000043e+00
3.055600000000001870e+00
-1.139000000000001955e-01
6.725999999999999757e-01
4.910999999999999810e-01
1.277400000000000091e+00
9.722199999999999731e-01
2.339719999999999800e+00
6.118999999999998884e-01
1.577219999999999844e+00
1.093920000000000003e+00
1.453719999999999901e+00
5.178000000000001490e-01
1.379699999999999926e+00
3.176220000000001598e+00
1.485619999999999941e+00
4.443999999999999062e-01
1.485419999999999963e+00
6.936999999999999833e-01
7.591999999999998749e-01
1.485419999999999963e+00
1.604199999999999848e+00
1.133699999999999930e+00
2.465200000000000280e+00
1.577900000000000080e+00
7.797999999999999376e-01
5.403000000000000025e-01
1.816999999999999948e+00
2.952200000000000379e+00
-7.227000000000003421e-01
8.933999999999999719e-01
1.281900000000000039e+00
5.403000000000001135e-01
1.550419999999999909e+00
1.244899999999999896e+00
1.454399999999999915e+00
1.990699999999999914e+00
5.425999999999998602e-01
2.300800000000000622e+00
1.676099999999999923e+00
1.533600000000000074e+00
1.286000000000000476e+00
1.287600000000000300e+00
1.548300000000000010e+00
1.546699999999999964e+00
1.378900000000000015e+00
9.904000000000003912e-01
2.643300000000000871e+00
4.790000000000010222e-02
2.958440000000001291e+00
-4.158000000000003915e-01
-7.060999999999990617e-01
1.542599999999999527e+00
1.343199999999999950e+00
-9.214000000000002188e-01
1.282819999999999849e+00
8.825999999999998291e-01
2.322200000000000042e+00
8.751999999999999780e-01
5.268999999999999240e-01
1.471400000000000041e+00
3.677000000000000268e-01
8.958999999999999186e-01
1.334880000000000067e+00
1.557500000000000107e+00
9.669999999999999707e-01
1.275419999999999998e+00
3.877999999999999781e-01
9.744000000000000439e-01
1.523999999999998967e-01
-8.099999999999800068e-03
5.879999999999999810e-02
1.816999999999999948e+00
6.726000000000000867e-01
2.407500000000000195e+00
2.031299999999999883e+00
2.515100000000000335e+00
2.150900000000000034e+00
2.611400000000000610e+00
2.381700000000000372e+00
1.504399999999999959e+00
2.943999999999999950e-01
1.930800000000000072e+00
1.830400000000000027e+00
1.922199999999999909e+00
1.438900000000000068e+00
1.459000000000000075e+00
1.140480000000000160e+00
1.450800000000000090e+00
1.249700000000000033e+00
1.667499999999999982e+00
1.831199999999999939e+00
6.948000000000003062e-01
1.716319999999999846e+00
1.316100000000000048e+00
1.784099999999999797e+00
6.932000000000002604e-01
1.527500000000000080e+00
9.446999999999999842e-01
9.538999999999999702e-01
1.083300000000000152e+00
1.350599999999999801e+00
1.873399999999999954e+00
3.537700000000002731e+00
1.585819999999999785e+00
1.653599999999999515e+00
1.153899999999999926e+00
4.673700000000003740e+00
1.159419999999999895e+00
9.722199999999999731e-01
3.672199999999999909e-01
1.033719999999999972e+00
1.953419999999999934e+00
1.426500000000000101e+00
1.577219999999999844e+00
1.093920000000000003e+00
1.496220000000000105e+00
1.453719999999999901e+00
-3.978000000000000286e-02
1.381299999999999972e+00
-8.077000000000000846e-01
-3.325999999999997847e-01
1.927799999999999958e+00
1.485419999999999963e+00
1.553199999999999692e+00
6.936999999999999833e-01
3.246600000000001707e+00
4.972800000000002996e+00
3.338400000000000922e+00
-5.530000000000009908e-02
2.221300000000000274e+00
5.879999999999999810e-02
6.638000000000000567e-01
1.804999999999999105e-01
2.566300000000000026e+00
1.911799999999999944e+00
5.425999999999998602e-01
1.676099999999999923e+00
2.147600000000000176e+00
1.355399999999999938e+00
-1.354600000000000248e+00
6.726000000000000867e-01
-1.207700000000000218e+00
8.736399999999999721e-01
1.076999999999999069e-01
2.000000000000000944e-01
1.317199999999999926e+00
2.230620000000000047e+00
1.184999999999999831e+00
1.084900000000000198e+00
1.757500000000000062e+00
-4.329999999999999821e-02
1.816999999999999948e+00
5.652200000000000557e-01
5.719999999999999529e-01
6.335000000000000631e-01
1.485419999999999963e+00
1.816999999999999948e+00
4.978000000000000758e-01
-1.029000000000001025e-01
9.722199999999999731e-01
3.620000000000000995e-01
4.728400000000002379e+00
-9.199999999999699737e-03
1.029080000000000217e+00
-6.534000000000004249e-01
1.878500000000000059e+00
9.722199999999999731e-01
3.672199999999999909e-01
3.672199999999999909e-01
1.816999999999999948e+00
2.000000000000000042e-03
2.127600000000000158e+00
1.816999999999999948e+00
3.454000000000002402e+00
-5.450000000000009698e-02
-5.084000000000001851e-01
-6.489999999999990221e-02
1.665499999999999758e+00
-2.980999999999999761e-01
2.987100000000001643e+00
9.113000000000002210e-01
5.212000000000001076e-01
1.301399999999999890e+00
-1.592999999999999972e-01
2.956100000000001060e+00
7.709999999999999076e-01
-9.695999999999992403e-01
1.845599999999999907e+00
3.178999999999997939e-01
-4.917999999999999039e-01
-5.313200000000000145e-01
5.884999999999998010e-01
-1.218100000000000405e+00
1.203000000000000042e-01
-6.131000000000004224e-01
1.268799999999999928e+00
3.542100000000001359e+00
-1.407399999999999984e+00
-3.110999999999994881e-01
4.521000000000000019e-01
1.777099999999999680e+00
1.930900000000000061e+00
-1.412199999999999012e-01
7.855000000000000870e-01
7.143999999999999240e-01
1.818100000000000049e+00
1.611499999999999932e+00
2.517999999999999794e+00
1.445500000000000007e+00
7.029999999999998472e-01
8.055999999999998717e-01
7.611000000000001098e-01
8.548999999999997712e-01
1.471400000000000041e+00
1.670099999999999918e+00
1.703799999999999981e+00
7.968000000000000638e-01
-2.456199999999998163e+00
-8.847999999999984766e-01
-1.079599999999999449e+00
4.288840000000002206e+00
2.253400000000000070e+00
4.610000000000004761e+00
3.049600000000001643e+00
-1.762000000000000455e+00
-1.333999999999999075e-01
3.465400000000000702e+00
2.718000000000000971e-01
3.000000000000009950e-02
2.425199999999999800e+00
2.612400000000000055e+00
6.766000000000000902e-01
3.387200000000001765e+00
7.377000000000000224e-01
3.039000000000001145e-01
2.558000000000000718e+00
1.741199999999999637e+00
2.273800000000000043e+00
7.341999999999999638e-01
4.369999999999999996e-01
4.894400000000003637e+00
3.296900000000001718e+00
1.185100000000000042e+00
1.784399999999999986e+00
4.780000000000009935e-02
8.280000000000000693e-01
-1.226899999999999435e+00
-5.738199999999999967e-01
1.670879999999999699e+00
6.756399999999999073e-01
3.618000000000010097e-02
4.975999999999998757e-01
1.525400000000000311e+00
1.277800000000000047e+00
2.057999999999999829e+00
8.876999999999999336e-01
1.074999999999999012e-01
-1.183000000000002938e-01
-1.624900000000000899e+00
-2.195199999999998042e+00
-3.897000000000006015e-01
-6.479000000000003645e-01
-5.088000000000001410e-01
4.779000000000004356e+00
3.532800000000002605e+00
1.576300000000000034e+00
-3.309999999999999054e-01
7.028000000000002023e-01
1.141480000000000050e+00
1.465899999999999981e+00
3.153800000000002157e+00
1.003500000000000059e+00
-1.439399999999999791e+00
-2.262999999999986966e-01
1.738199999999999967e+00
9.079000000000000403e-01
8.517799999999999816e-01
2.528400000000000425e+00
1.687000000000000055e+00
7.106000000000001204e-01
5.384800000000000697e-01
-5.459000000000004960e-01
2.550600000000000200e+00
7.705999999999999517e-01
1.745399999999999840e+00
1.586279999999999912e+00
1.736599999999999921e+00
1.736599999999999921e+00
-1.137000000000001065e-01
4.600799999999999890e-01
9.068000000000000504e-01
-2.839999999999999192e-01
1.594100000000000072e+00
-2.603000000000000869e-01
1.346500000000000030e+00
1.346499999999999808e+00
4.183500000000002217e+00
3.787800000000002498e+00
3.392600000000000726e+00
5.989999999999997549e-01
-1.642599999999998950e+00
5.376000000000002998e-01
3.924200000000003907e+00
-2.043000000000000149e+00
-1.062600000000000211e+00
1.830300000000000038e+00
1.158199999999999896e+00
6.248000000000000220e-01
1.929300000000000015e+00
-1.887999999999999123e-01
1.484699999999999909e+00
1.594100000000000072e+00
2.254999999999999893e+00
3.603800000000001447e+00
3.977000000000002977e+00
4.147200000000002440e+00
1.040800000000000169e+00
-2.991999999999999105e-01
-1.486799999999999899e+00
3.785000000000000031e-01
3.785000000000000031e-01
-7.660000000000002363e-01
7.383000000000000673e-01
-1.536000000000000032e+00
-7.716000000000002856e-01
1.442099999999999937e+00
-1.646399999999999642e+00
1.052000000000000046e+00
-8.910000000000030396e-02
3.125600000000001266e+00
-6.657000000000001805e-01
-9.561000000000001720e-01
4.133800000000002584e+00
-1.266600000000000392e+00
3.875000000000002220e+00
1.750099999999999767e+00
2.880000000000000782e+00
8.412999999999999368e-01
4.443999999999999062e-01
-1.155999999999998001e-01
4.252800000000004133e+00
6.141999999999998572e-01
2.135400000000000187e+00
4.443999999999999062e-01
2.583740000000000592e+00
5.884999999999998010e-01
2.955820000000001002e+00
-8.875000000000001776e-01
4.743620000000001724e+00
3.745240000000002567e+00
1.294999999999999929e+00
3.275199999999999223e-01
-1.138700000000000045e+00
2.230999999999999928e-01
1.503200000000000092e+00
-1.019799999999999152e+00
2.743540000000001200e+00
1.513999999999998125e-01
1.158199999999999896e+00
1.250299999999999967e+00
6.638999999999999346e-01
1.831199999999999939e+00
-6.983999999999999098e-01
-8.206999999999999851e-01
1.864900000000000002e+00
1.055399999999999894e+00
1.394400000000000084e+00
3.714999999999997193e-01
1.407899999999999929e+00
1.350599999999999801e+00
-5.734000000000001318e-01
2.506900000000000794e+00
2.184600000000000097e+00
4.682100000000000151e+00
-1.506599999999999051e+00
1.686199999999999921e+00
1.296100000000000030e+00
9.538999999999999702e-01
1.953419999999999934e+00
-3.841999999999984872e-01
2.277400000000000091e+00
1.816000000000000059e+00
5.335500000000000576e+00
4.748100000000000875e+00
3.690020000000001410e+00
5.187100000000002709e+00
5.700900000000000745e+00
1.318400000000000016e+00
1.957799999999999985e+00
1.598700000000000010e+00
8.185000000000000053e-01
1.550799999999999956e+00
1.303099999999999925e+00
6.464999999999999636e-01
1.998000000000000054e-01
-9.038999999999991486e-01
5.420000000000000373e-01
5.882999999999998231e-01
-5.381000000000000227e-01
4.821200000000000152e+00
2.947500000000001563e+00
4.990520000000000067e+00
1.115699999999999914e+00
1.505799999999999805e+00
1.251900000000000013e+00
1.640400000000000080e+00
1.251900000000000013e+00
8.617999999999998995e-01
2.036719999999999864e+00
1.004299999999999971e+00
1.251900000000000013e+00
2.036719999999999864e+00
1.784499999999999975e+00
5.111999999999998767e-01
2.036719999999999864e+00
2.340700000000000003e+00
2.032099999999999795e+00
2.009500000000000064e+00
7.387000000000000233e-01
3.657600000000003071e+00
1.594100000000000072e+00
7.306000000000000272e-01
1.696819999999999995e+00
2.061020000000000074e+00
1.696819999999999995e+00
1.818599999999999994e+00
8.881999999999998785e-01
2.971800000000001774e+00
1.818599999999999994e+00
-2.325999999999998902e-01
-2.751000000000001222e-01
-1.916999999999998039e+00
-7.071000000000002839e-01
3.372800000000002463e+00
2.968300000000001937e+00
2.888700000000000045e+00
1.162300000000000111e+00
4.208400000000001917e+00
3.128100000000001657e+00
2.347900000000000098e+00
4.526500000000003965e+00
4.136400000000003629e+00
3.500300000000002854e+00
3.890400000000003189e+00
2.115000000000000213e+00
1.643699999999999939e+00
1.417099999999999804e+00
1.890500000000000069e+00
2.841220000000000745e+00
1.076099999999999834e+00
2.177200000000000024e+00
2.841220000000000745e+00
2.441000000000000725e+00
2.168600000000000083e+00
2.532800000000000828e+00
1.563600000000000101e+00
1.264799999999999924e+00
2.677900000000001057e+00
1.651699999999999946e+00
2.761200000000000987e+00
1.735000000000000098e+00
3.293800000000001837e+00
9.564000000000000279e-01
1.405899999999999928e+00
-1.472999999999999865e-01
1.334799999999999986e+00
-1.863000000000001044e-01
1.334799999999999986e+00
-1.846999999999998088e-01
2.767000000000000792e+00
2.291000000000000369e+00
6.856999999999998652e-01
1.660799999999999832e+00
2.958999999999998853e-01
1.147599999999999953e+00
1.176900000000000057e+00
1.660799999999999832e+00
2.407200000000000450e+00
1.397000000000000020e+00
1.296599999999999975e+00
1.660799999999999832e+00
9.450000000000000067e-02
1.372999999999999998e+00
8.167999999999999705e-01
1.752599999999999936e+00
1.388400000000000079e+00
1.748199999999999976e+00
3.215300000000001823e+00
3.995500000000003382e+00
2.044999999999999929e+00
1.654900000000000038e+00
-5.358000000000000540e-01
2.061020000000000074e+00
1.594100000000000072e+00
2.825200000000001044e+00
2.435100000000000264e+00
2.061020000000000074e+00
2.041799999999999393e+00
1.264799999999999924e+00
1.120699999999999807e+00
1.334799999999999986e+00
2.427999999999999048e-01
4.775700000000004053e+00
4.385600000000003718e+00
3.605400000000002159e+00
5.173800000000004395e+00
3.371200000000001751e+00
4.665100000000003355e+00
1.880000000000001115e-01
1.654900000000000038e+00
3.273200000000000109e+00
2.383200000000000429e+00
3.951400000000001800e+00
2.249999999999999917e-02
-7.929000000000001602e-01
-1.392199999999999438e+00
-1.003699999999999148e+00
-4.944999999999999951e-01
3.287999999999999812e-01
-3.675999999999995937e-01
1.119999999999999989e-02
1.586000000000000076e+00
6.347999999999998089e-01
2.284500000000000419e+00
3.475500000000002032e+00
2.976400000000001711e+00
1.322699999999999987e+00
2.138300000000000090e+00
2.898600000000000954e+00
1.138200000000000101e+00
3.595999999999999752e-01
3.241400000000002279e+00
3.973700000000004007e+00
5.883000000000000451e-01
1.500399999999999956e+00
1.793500000000000094e+00
8.609999999999999876e-01
9.034999999999999698e-01
1.394400000000000084e+00
5.654000000000001247e-01
9.075999999999999623e-01
2.422999999999999043e-01
1.171999999999999931e+00
2.426820000000000199e+00
1.251900000000000013e+00
1.394400000000000084e+00
1.890500000000000069e+00
1.548300000000000010e+00
1.297700000000000076e+00
9.555000000000000160e-01
2.426820000000000199e+00
2.426820000000000199e+00
2.026600000000000179e+00
1.424000000000001098e-01
2.118399999999999839e+00
-4.879000000000000004e-01
1.736599999999999921e+00
4.571999999999997732e-01
1.149999999999998940e-01
1.149999999999998940e-01
7.174000000000000377e-01
2.142700000000000049e+00
-1.457000000000001072e-01
-2.272000000000002906e-01
2.059400000000000119e+00
9.418999999999999595e-01
7.137999999999997680e-01
7.137999999999997680e-01
1.796119999999999495e+00
7.137999999999997680e-01
-6.279999999999989757e-02
1.805000000000001048e-01
3.859500000000000597e+00
3.451300000000001589e+00
1.291099999999999914e+00
-1.153599999999999959e+00
-4.454000000000001847e-01
1.310499999999999776e+00
2.881500000000001727e+00
9.989999999999999991e-01
-2.477000000000000035e-01
1.669300000000000006e+00
1.728299999999999947e+00
1.046200000000000019e+00
1.448499999999999899e+00
1.004299999999999971e+00
5.324999999999999734e-01
2.873100000000000875e+00
3.653300000000001546e+00
1.702800000000000091e+00
1.312699999999999978e+00
-8.779999999999998916e-01
1.888900000000000023e+00
3.157100000000001572e+00
4.411999999999999811e-01
2.483000000000000540e+00
2.427999999999999048e-01
2.092900000000000205e+00
1.636499999999999844e+00
3.292999999999992045e-01
4.823600000000003440e+00
1.395999999999999908e+00
1.394400000000000084e+00
9.225999999999999757e-01
1.102100000000000080e+00
1.123299999999999521e+00
4.433500000000003105e+00
4.043400000000002770e+00
3.263200000000001211e+00
1.290199999999999791e+00
-2.552099999999997593e+00
-9.806999999999990170e-01
2.222300000000000164e+00
2.946400000000001018e+00
3.826400000000003132e+00
3.084200000000001829e+00
3.012400000000001299e+00
4.583400000000002805e+00
4.583400000000002805e+00
3.381600000000000605e+00
2.938900000000001178e+00
3.430200000000001914e+00
3.298700000000001964e+00
1.183100000000000041e+00
6.817999999999999616e-01
-9.940000000000029368e-02
2.508500000000000618e+00
3.000000000000009950e-02
1.782899999999999929e+00
2.289400000000000546e+00
1.856800000000001560e+00
1.445500000000000007e+00
1.277400000000000091e+00
1.281900000000000039e+00
2.406000000000000583e+00
1.832200000000000051e+00
1.407899999999999929e+00
1.350599999999999801e+00
4.910999999999999810e-01
1.653599999999999515e+00
1.144099999999999895e+00
-8.443999999999998174e-01
-1.443700000000000205e+00
-2.538400000000000656e+00
4.079999999999969762e-02
2.567999999999999727e-01
7.096999999999997755e-01
1.227199999999999847e+00
1.322099999999999831e+00
1.277400000000000091e+00
3.394020000000002035e+00
2.298399999999999999e+00
1.624279999999999946e+00
1.147599999999999953e+00
1.066999999999997950e-01
3.720340000000002867e+00
4.760799999999999699e+00
4.562900000000002620e+00
1.142700000000000049e+00
1.577199999999999935e+00
6.619000000000000439e-01
1.407899999999999929e+00
9.245999999999999774e-01
2.043699999999999850e+00
3.894800000000000928e+00
5.506999999999997453e-01
6.410000000000000142e-01
5.023700000000003385e+00
2.414300000000000779e+00
1.177200000000000246e+00
4.910999999999999810e-01
1.409399999999999986e+00
1.804999999999999105e-01
9.933999999999998387e-01
2.392200000000000770e+00
7.941000000000000281e-01
1.636499999999999844e+00
1.767400000000000082e+00
4.148200000000003662e+00
4.241000000000003212e+00
1.520799999999999930e+00
2.234100000000000197e+00
2.666800000000001170e+00
-1.182999999999999052e-01
-1.652899999999999814e+00
3.341900000000001647e+00
2.165599999999999525e+00
4.275500000000003631e+00
2.577500000000001013e+00
2.564700000000001090e+00
2.287600000000000300e+00
-4.245000000000000995e-01
1.468099999999999516e+00
-7.767999999999999350e-01
5.111999999999998767e-01
1.522399999999999753e+00
-1.471600000000000463e+00
1.388599999999999834e+00
-1.262799999999999923e+00
2.167199999999999793e+00
2.235700000000000021e+00
-1.155999999999998001e-01
2.707200000000001161e+00
-3.709999999999999964e-01
4.172800000000002285e+00
1.240999999999995995e-01
7.086000000000000076e-01
8.182000000000000384e-01
4.090220000000001299e+00
4.780000000000009935e-02
1.998299999999999965e+00
-1.382299999999998308e+00
4.738980000000004189e+00
4.889000000000003787e+00
8.418999999999998707e-01
1.568699999999999761e+00
3.782700000000001950e+00
8.959000000000001407e-01
1.110300000000000065e+00
4.649000000000000909e-01
5.259800000000003806e+00
4.148200000000003662e+00
1.257599999999999829e+00
1.599860000000000060e+00
1.956199999999999939e+00
2.847799999999999887e+00
1.122300000000000075e+00
3.002500000000000391e+00
-2.320300000000000473e+00
-1.608700000000000241e+00
-9.762000000000001787e-01
1.016000000000002040e-01
5.430000000000000104e-02
