1.091339999450462894e+00
1.062921081465330930e+00
1.090247230543846424e+00
1.066000586897519531e+00
1.061784958499228715e+00
1.075143826359531429e+00
1.074765538788605923e+00
1.068924114893089694e+00
1.061764071667399723e+00
1.068121652066656546e+00
1.063099483949669244e+00
1.063099483949669244e+00
1.063099483949669244e+00
1.061784958499228715e+00
1.078667722009994501e+00
1.062699230261693550e+00
1.064819568864173727e+00
1.064902682279153412e+00
1.063431797572442550e+00
1.118605329687930583e+00
1.061817425009557558e+00
1.078862195192596740e+00
1.094071659704523247e+00
1.064324835659939739e+00
1.064324835659939739e+00
1.062767233580228510e+00
1.067007316365502945e+00
1.061434728907232339e+00
1.077708177161927461e+00
1.065412092010743494e+00
1.071780872917601712e+00
1.062520973876073471e+00
1.064538787174936996e+00
1.063608366195425203e+00
1.076167088420566520e+00
1.069852388664021436e+00
1.062749301533129742e+00
1.064076766933456319e+00
1.069296510521245747e+00
1.067859854778532513e+00
1.060687959493358701e+00
1.060740978964090697e+00
1.062549644679099625e+00
1.063382053146634476e+00
1.092242976130604948e+00
1.060845665667586202e+00
1.063801652795674402e+00
1.107954805109200969e+00
1.067693653621549776e+00
1.062115650675667267e+00
1.061391200361418541e+00
1.059966194106808146e+00
1.062698510327337420e+00
1.069631940920446667e+00
1.062904688529731745e+00
1.062053492332745597e+00
1.060400192569558087e+00
1.060086255467435512e+00
1.060078579310161251e+00
1.062323275183240989e+00
1.060614918709921195e+00
1.060276572613740642e+00
1.060505708465479424e+00
1.059894334962683038e+00
1.065016571192191286e+00
1.065016571192191286e+00
1.069808539105087108e+00
1.061237183211973134e+00
1.060340229388375910e+00
1.060930848031103713e+00
1.061852113040106405e+00
1.060384027081598513e+00
1.069631940920446667e+00
1.059991372624811135e+00
1.059901657956122012e+00
1.060094668298298570e+00
1.060391207711885553e+00
1.062598994470824509e+00
1.060135997997633250e+00
1.060659264381147660e+00
1.062158140183820265e+00
1.061463501692898825e+00
1.060543294146943927e+00
1.060543294146943927e+00
1.060543294146938154e+00
1.090828144167790503e+00
1.065621857736780642e+00
1.070050847422485241e+00
1.060685511799840830e+00
1.062382955936429729e+00
1.061567753179491147e+00
1.062439379647779347e+00
1.061757979413071817e+00
1.062428651429706772e+00
1.062428651429706772e+00
1.060092397298387557e+00
1.062843488864684272e+00
1.060271599848558122e+00
1.063160274785375226e+00
1.081250920545496097e+00
1.060199692570878094e+00
1.060818905508427168e+00
1.066750539456892577e+00
1.070786847543444775e+00
1.060027126923683616e+00
1.062709068313687277e+00
1.062489661164138344e+00
1.064977827762279450e+00
1.060403891162309042e+00
1.063081737135531002e+00
1.064889028941537363e+00
1.060883730373038514e+00
1.061365324584321979e+00
1.061412244372365699e+00
1.064178263797433965e+00
1.062381743912099497e+00
1.061252224331029392e+00
1.061252224331029392e+00
1.062345792278041934e+00
1.061472272330106659e+00
1.062151202136019101e+00
1.061127748527524117e+00
1.061127748527524117e+00
1.061127748527524117e+00
1.061779259939318099e+00
1.061779259939318099e+00
1.060786664660636314e+00
1.060786664660636314e+00
1.060003532049295094e+00
1.064126300339413023e+00
1.061110079764212344e+00
1.062956974992358639e+00
1.061754562480220043e+00
1.061754562480220043e+00
1.064448908466021138e+00
1.064448908466019139e+00
1.077373684068840154e+00
1.060610889176268223e+00
1.078158142326552049e+00
1.075901833963686105e+00
1.061746366717980283e+00
1.072493541978091880e+00
1.065917885841550117e+00
1.062909005192936629e+00
1.060951494869792233e+00
1.061847078495272712e+00
1.070853683766485931e+00
1.072968034500787926e+00
1.062490938685707320e+00
1.062471819480564905e+00
1.062580515971515815e+00
1.060509196781498131e+00
1.060422206184867377e+00
1.061848903850087567e+00
1.061848903850087567e+00
1.063100593656911563e+00
1.060525237095805373e+00
1.062589374705147360e+00
1.062589374705150913e+00
1.060058220691550757e+00
1.059978897353942351e+00
1.060740780252672044e+00
1.060232063792754253e+00
1.063752197562325863e+00
1.060592663659150281e+00
1.061423653380276333e+00
1.060593728873229891e+00
1.059995891693963133e+00
1.067340205520341145e+00
1.061159798424074596e+00
1.062440366348337051e+00
1.063861900845863406e+00
1.069101064573531046e+00
1.059961569034399309e+00
1.060875572469299533e+00
1.060137262727808283e+00
1.078288283626871902e+00
1.060557212112449132e+00
1.061998155948706835e+00
1.064044305029611781e+00
1.070056420407350828e+00
1.066967969259420501e+00
1.060317312601705364e+00
1.061534475123319776e+00
1.061708833487013948e+00
1.059883131939373557e+00
1.061686366728632036e+00
1.061686366728626485e+00
1.061518119500292068e+00
1.061518119500292068e+00
1.061518119500292068e+00
1.063157202299041648e+00
1.063157202299041648e+00
1.059920654615621904e+00
1.060211922351864233e+00
1.061918655253472066e+00
1.060232063792759805e+00
1.060334276322968394e+00
1.062072229717398342e+00
1.076167088420566520e+00
1.063204511398009311e+00
1.063036191699173294e+00
1.060075495410024660e+00
1.061123872049495542e+00
1.062007018109576650e+00
1.063499678175439778e+00
1.060248439305837120e+00
1.060705290462059969e+00
1.060705290462059969e+00
1.060705290462059969e+00
1.060691931312298664e+00
1.060746607591026791e+00
1.061777472957802448e+00
1.060318081647833477e+00
1.060318081647839028e+00
1.060015801011065628e+00
1.060318081647839028e+00
1.068248390944410708e+00
1.065412744089484720e+00
1.062064759351004639e+00
1.063020112559557528e+00
1.060469172879186850e+00
1.065009670633580985e+00
1.063773037511962283e+00
1.061739171241201873e+00
1.068037793539313496e+00
1.064687109318139813e+00
1.062652502112860109e+00
1.156168528025923292e+00
1.060625998143031268e+00
1.059957846165524575e+00
1.059957846165522577e+00
1.062636973027363263e+00
1.060465372430412279e+00
1.061030630618129633e+00
1.061681615449972416e+00
1.060409642664859708e+00
1.060409642664859708e+00
1.061141978434455568e+00
1.061141978434455568e+00
1.066468357162348557e+00
1.061572970654204084e+00
1.061735099253376946e+00
1.064628087441262805e+00
1.059960919981143501e+00
1.060295725097546882e+00
1.084229575428512504e+00
1.060334156537512174e+00
1.061464600597367580e+00
1.061109918930223772e+00
1.061242892284180117e+00
1.064478212517567801e+00
1.061261175489166098e+00
1.062119588040463469e+00
1.070514458819131320e+00
1.060572651106608921e+00
1.062024637767677859e+00
1.060471163893393465e+00
1.062119588040463469e+00
1.075021671470935081e+00
1.062439819891574322e+00
1.062439819891574322e+00
1.060204646335767942e+00
1.064756339041489364e+00
1.060514506182047345e+00
1.060514506182049121e+00
1.060316259848079090e+00
1.060543012083522862e+00
1.059972891805213369e+00
1.061619289041417780e+00
1.067481195749870881e+00
1.060802248695928318e+00
1.060362942728639624e+00
1.063406778744679038e+00
1.063132468859466107e+00
1.061737294151190669e+00
1.063776719573165996e+00
1.060351161856124103e+00
1.059985532810074904e+00
1.068207286791906796e+00
1.066352895213598995e+00
1.066352895213598995e+00
1.060951844385983112e+00
1.061525761372297039e+00
1.063860325666525553e+00
1.060687662941858900e+00
1.064811784141950213e+00
1.067693653621549776e+00
1.060033917877078347e+00
1.060003485573203896e+00
1.060003485573203896e+00
1.059961484129374076e+00
1.060080963185224379e+00
1.059942618998826358e+00
1.059965610911780987e+00
1.066691140671716553e+00
1.059907483323283550e+00
1.061699363795846507e+00
1.060280347412518420e+00
1.060280347412518420e+00
1.063472897931190486e+00
1.060587724451921954e+00
1.060187091321975528e+00
1.063988368432245091e+00
1.060034794186430096e+00
1.060034794186430096e+00
1.060070037939123466e+00
1.060103181988813592e+00
1.060103181988813592e+00
1.060211922351864233e+00
1.062190981365543685e+00
1.063239820340200925e+00
1.061481934278714068e+00
1.060723834926377673e+00
1.063725988452156157e+00
1.078862195192596740e+00
1.062023788076986941e+00
1.077081333695690590e+00
1.060845665667586202e+00
1.061090763756569189e+00
1.066732711843184411e+00
1.060223786095182197e+00
1.061718177585993406e+00
1.078347297344755429e+00
1.062605684870516765e+00
1.067852319713115117e+00
1.067852319713105791e+00
1.063801652795674402e+00
1.063849447078526467e+00
1.060316374930751371e+00
1.081609838100813015e+00
1.059953626326794129e+00
1.062229824887093388e+00
1.063849447078526467e+00
1.063849447078526467e+00
1.060924453238703657e+00
1.060191486459491239e+00
1.059902337578889409e+00
1.080453225160135089e+00
1.060128134768371533e+00
1.060786502180944613e+00
1.061681615449972416e+00
1.064611948648680251e+00
1.064188284924597827e+00
1.062605684870516765e+00
1.061022338002180820e+00
1.060304191604409141e+00
1.060331195546035277e+00
1.061022338002180820e+00
1.061022338002180820e+00
1.071449403996241445e+00
1.063801652795672403e+00
1.063801652795672403e+00
1.063801652795679953e+00
1.060206294089452106e+00
1.060412666138264903e+00
1.067098521177808346e+00
1.063937721775769507e+00
1.062268412677366047e+00
1.064372905700180949e+00
1.060065575973951013e+00
1.059922930188147649e+00
1.059922930188147649e+00
1.060199959843546536e+00
1.060599014372100912e+00
1.061339361784733537e+00
1.063728861306997064e+00
1.060028198098559971e+00
1.064628994463255651e+00
1.059926121542803301e+00
1.059883035483933256e+00
1.062223542898875328e+00
1.060242894357154242e+00
1.064313733106526438e+00
1.060091226597974279e+00
1.060278822065496174e+00
1.062243455977777140e+00
1.060161923257849637e+00
1.067216128889731053e+00
1.079974485857089217e+00
1.064190301181362264e+00
1.071081376880356872e+00
1.061969666774256638e+00
1.063725988452156157e+00
1.062157700216984857e+00
1.063473077830526803e+00
1.060358463826004405e+00
1.069631940920444890e+00
1.062420983329114943e+00
1.063376935069331841e+00
1.063897390748838712e+00
1.063170487642936424e+00
1.062625010176233786e+00
1.071225231549966628e+00
1.062620800823951495e+00
1.060485423886442957e+00
1.060616597344359979e+00
1.063263107585084022e+00
1.059922794267596391e+00
1.063789867478592610e+00
1.064070218485825281e+00
1.061601808043371786e+00
1.066849372223952930e+00
1.062162633250997024e+00
1.060038850858855408e+00
1.061201223751013334e+00
1.060965586949530026e+00
1.063396029169439982e+00
1.082687369121597021e+00
1.061520687002952101e+00
1.066319661884878922e+00
1.069797364254117422e+00
1.060610889176268223e+00
1.063119483697821055e+00
1.070009054732352860e+00
1.062520973876073471e+00
1.060999761519855422e+00
1.060451046585086488e+00
1.060921846015150383e+00
1.060557928274907802e+00
1.060557928274907802e+00
1.060277312465170985e+00
1.061060648908404902e+00
1.060030864071664247e+00
1.060030864071664247e+00
1.061361419854170762e+00
1.062046919279062474e+00
1.064518143800389227e+00
1.060034066120121521e+00
1.060198855629939985e+00
1.060665257527641181e+00
1.063817403035173692e+00
1.070442756607439483e+00
1.061132560365320110e+00
1.060011049998575094e+00
1.065133310623079366e+00
1.061146012854636389e+00
1.060460641037366258e+00
1.070225130456842866e+00
1.060940333487349285e+00
1.059912810654605853e+00
1.060204529870633072e+00
1.060662813894393874e+00
1.060534466481234395e+00
1.060378245292428412e+00
1.060006765943925178e+00
1.060009558185488032e+00
1.064849052300320231e+00
1.061704555165520869e+00
1.061469911821852463e+00
1.060835040262605222e+00
1.061727910076917247e+00
1.062386493278489219e+00
1.064192994961297822e+00
1.076295384225288920e+00
1.060114367500329946e+00
1.063654719378045677e+00
1.065606925918848535e+00
1.061808980294216775e+00
1.184593168166137689e+00
1.061617548675742206e+00
1.060916444243194201e+00
1.065104153156312350e+00
1.061602541133391808e+00
1.061612209685667940e+00
1.062135039665984548e+00
1.063965014987592550e+00
1.064138745824859011e+00
1.063396658328633171e+00
1.064316124676516040e+00
1.095061951560953206e+00
1.060367851908752934e+00
1.069115600279808120e+00
1.065129156308253000e+00
1.061484267713630913e+00
1.063844173576362406e+00
1.071411001288540943e+00
1.084866953867589467e+00
1.069132425899490091e+00
1.067028221991611625e+00
1.069655091066911146e+00
1.072502202937861471e+00
1.091322852507243590e+00
1.062765227658405864e+00
1.063332314275333479e+00
1.067793742386912159e+00
1.065319083878061290e+00
1.071431200041545129e+00
1.063793952686527211e+00
1.088726477150781413e+00
1.063195241335899599e+00
1.060922761151662286e+00
1.060598132706219943e+00
1.060078579310157254e+00
1.091440250702134129e+00
1.064076766933456319e+00
1.062796975214189032e+00
1.068094726501418901e+00
1.071368945994316979e+00
1.060527395848133603e+00
1.064147770254962211e+00
1.109664590649489968e+00
1.068930878046204125e+00
1.061343418189437005e+00
1.065522882926003057e+00
1.065625109145962091e+00
1.060451089195901142e+00
1.060617305068528138e+00
1.071608938514482690e+00
1.061567258072845243e+00
1.067658352216348083e+00
1.064271636169281221e+00
1.061377263448648023e+00
1.060003380135084328e+00
1.067786694098098232e+00
1.062308982884805797e+00
1.060536435863556282e+00
1.063231967318359228e+00
1.061094708622464022e+00
1.061094708622464022e+00
1.066132013868736017e+00
1.060276572613740642e+00
1.062446026121737663e+00
1.060062940375451346e+00
1.060167894755379425e+00
1.062121490777506727e+00
1.124660233068677906e+00
1.062490680347714322e+00
1.071616532761618279e+00
1.064923751767469673e+00
1.063909321545830178e+00
1.060335405189944957e+00
1.060335405189944957e+00
1.068533862997212314e+00
1.069612758533622365e+00
1.087047940033001314e+00
1.062784881778872315e+00
1.064447195755704678e+00
1.066138219155533973e+00
1.071223202384657069e+00
1.077140365710396397e+00
1.080532610718057063e+00
1.063240951767310261e+00
1.067690552390403225e+00
1.060050823292147060e+00
1.062214488647366339e+00
1.061807280853566349e+00
1.060082907591068491e+00
1.066351552502748712e+00
1.064259860704138472e+00
1.065918605920201712e+00
1.084984912898259379e+00
1.063160501756314158e+00
1.197941128110802111e+00
1.065217070922810372e+00
1.119713535231949830e+00
1.060813897132188988e+00
1.154066977132377492e+00
1.066047921584956759e+00
1.063841362908090504e+00
1.072411143779509635e+00
1.086511358824282514e+00
1.066973040257377603e+00
1.088919803720397761e+00
1.072183820933066078e+00
1.066401637063742136e+00
1.083982146066231333e+00
1.089013334832460878e+00
1.073476597146562517e+00
1.073476597146562517e+00
1.122774837939703785e+00
1.061428067767740568e+00
1.086581313752281064e+00
1.070055444375269671e+00
1.065804700079880263e+00
1.062263459701811463e+00
1.062999060002868257e+00
1.063768199119748736e+00
1.097922218069195432e+00
1.061470047707365083e+00
1.102346418021031615e+00
1.064645877368042282e+00
1.067033234165329025e+00
1.063346774679043927e+00
1.061952820536693487e+00
1.060219283737508400e+00
1.063478834561253139e+00
1.071662859825070369e+00
1.065868736877575662e+00
1.060068874124667770e+00
1.060662063681266032e+00
1.060664291256558922e+00
1.062493967311676668e+00
1.063067042577652721e+00
1.097013978839472825e+00
1.062975252016444827e+00
1.070092769801225030e+00
1.066026169545260638e+00
1.137128992323728438e+00
1.063397792731389568e+00
1.062734486892719321e+00
1.071962461846294401e+00
1.059868191428277706e+00
1.059868191428273931e+00
1.061990289543871979e+00
1.059928100973576370e+00
1.060380158140465490e+00
1.060405026429188657e+00
1.075997094149166333e+00
1.072091428400023805e+00
1.063363756266615390e+00
1.063163887663255647e+00
1.067644867530107122e+00
1.060187068485692441e+00
1.061242175798686294e+00
1.061242175798686294e+00
1.060533226758395120e+00
1.060533226758395120e+00
1.071057219328833909e+00
1.062293842957348966e+00
1.062293842957356516e+00
1.060660013636208765e+00
1.060014442957934566e+00
1.061110079764212344e+00
1.065674320369852435e+00
1.063803035807736164e+00
1.059950165588601445e+00
1.061987351064000329e+00
1.066141003062387460e+00
1.066387999955690224e+00
1.070014719001245673e+00
1.089347351872356651e+00
1.062894797931627888e+00
1.070511707868918583e+00
1.065683277530794504e+00
1.071603414684022537e+00
1.066496395302086064e+00
1.063635138762238252e+00
1.061783305516985632e+00
1.114591411401817167e+00
1.268268659495313422e+00
1.071127388501694311e+00
1.066425243194518702e+00
1.061944045017671812e+00
1.060109294620207310e+00
1.060328272425423712e+00
1.062257608400672737e+00
1.060244731229021964e+00
1.065193445988054988e+00
1.061077172979556282e+00
1.070846070685546270e+00
1.118635363383745807e+00
1.197244275281905690e+00
1.063663175811009109e+00
1.062800832136124418e+00
1.240576198115026729e+00
1.322386352344699700e+00
1.063532807087986365e+00
1.071225913495661652e+00
1.065200012388003659e+00
1.070537906588843624e+00
1.066129849967395904e+00
1.066129849967399457e+00
1.065434345365884994e+00
1.063112534931783593e+00
1.075393722208097147e+00
1.082136204193389517e+00
1.080067899527410669e+00
1.150111934420510407e+00
1.062701431998457346e+00
1.064551323119892645e+00
1.064497597157336495e+00
1.065540362243794226e+00
1.065540362243794226e+00
1.175047028435547647e+00
1.077544524855146513e+00
1.069906994172630688e+00
1.075130352217593233e+00
1.071787945119932139e+00
1.101915535261878354e+00
1.083451720520773431e+00
1.069835880170167064e+00
1.061848903850087567e+00
1.061675885745053671e+00
1.061085174061638492e+00
1.061085174061638492e+00
1.067995731346708110e+00
1.067995731346708110e+00
1.066215816080118950e+00
1.062669371214665537e+00
1.062589374705150913e+00
1.059978897353942351e+00
1.060489960961543243e+00
1.066771410305686896e+00
1.063597191708869794e+00
1.062642845904096411e+00
1.068397600321102425e+00
1.059957049459306466e+00
1.059957049459306466e+00
1.059957049459306466e+00
1.063453773549320580e+00
1.079202356702584131e+00
1.103395588629970669e+00
1.064006655763834353e+00
1.061694382113870905e+00
1.065168144565667552e+00
1.070857355257160082e+00
1.061685927247252303e+00
1.073193148071197145e+00
1.064958955151502851e+00
1.065435110251766515e+00
1.063400465072165124e+00
1.062410348279574590e+00
1.062188443426873130e+00
1.060072442896595302e+00
1.068998606225831871e+00
1.062077864221521173e+00
1.061002665092763309e+00
1.061562993428382562e+00
1.060732624464342910e+00
1.072023235224804250e+00
1.062571145894684932e+00
1.065076821244814953e+00
1.060017737806599136e+00
1.062555677696442213e+00
1.061070334261652093e+00
1.066137671192500580e+00
1.065553568899278769e+00
1.059874414224418970e+00
1.064684731275755691e+00
1.061311528782076463e+00
1.062101421649882083e+00
1.073897763043221598e+00
1.065214516989447802e+00
1.099329469773906665e+00
1.117980050268017500e+00
1.119354365612662772e+00
1.217188681545863238e+00
1.072357135382629778e+00
1.071929867509213707e+00
1.062725974395941186e+00
1.063485999010380878e+00
1.068324802417866426e+00
1.060216997728896215e+00
1.065030698718703261e+00
1.063400068135648135e+00
1.063764349685838662e+00
1.061299302018401391e+00
1.061299302018395618e+00
1.060311511604725032e+00
1.060401595736351288e+00
1.060401595736351288e+00
1.060401595736351288e+00
1.073446911917586677e+00
1.062335370901300813e+00
1.062415023708632500e+00
1.060340719515910246e+00
1.059883131939373557e+00
1.063527166116480460e+00
1.060749148491802574e+00
1.063483677730851618e+00
1.059887707990501360e+00
1.060709821650825280e+00
1.071901204673267438e+00
1.062350821647977339e+00
1.125886779974776486e+00
1.064809837908552881e+00
1.061764742226372515e+00
1.061106251796278599e+00
1.060248439305837120e+00
1.060248439305837120e+00
1.069241319148193092e+00
1.062507442105963706e+00
1.064396410877547217e+00
1.060886432475064867e+00
1.060183511022210201e+00
1.060039070047203991e+00
1.060477444663759261e+00
1.060477444663759261e+00
1.060787437523220245e+00
1.063864775353101644e+00
1.062667838017067767e+00
1.154977855277997456e+00
1.084340092157901836e+00
1.062538531185578616e+00
1.062538531185578616e+00
1.062538531185570845e+00
1.062538531185570845e+00
1.062538531185578616e+00
1.079843725613167882e+00
1.079843725613167882e+00
1.069293064915762592e+00
1.064818956996865795e+00
1.064026074443935599e+00
1.064560743739199511e+00
1.064560743739205284e+00
1.064560743739199511e+00
1.064021415386191771e+00
1.065009670633592531e+00
1.062527217434142690e+00
1.066383050174628311e+00
1.066568043508361319e+00
1.069151552572251029e+00
1.064494509416974211e+00
1.063116203196499576e+00
1.063116203196497578e+00
1.063961575639901014e+00
1.062232767528841437e+00
1.062232767528845434e+00
1.062232767528841437e+00
1.062232767528841437e+00
1.062232767528841437e+00
1.065090664102081641e+00
1.068834153070586934e+00
1.066383050174628311e+00
1.065422841842770696e+00
1.063430640944485139e+00
1.098066804002431063e+00
1.073447567845708495e+00
1.073447567845702721e+00
1.064475560826448008e+00
1.084093961388016503e+00
1.064379221495377559e+00
1.064180604436878896e+00
1.118454670886806390e+00
1.070142639116450356e+00
1.064916735423700578e+00
1.063418684234791245e+00
1.062238088432841732e+00
1.063922948908505584e+00
1.066229181378766544e+00
1.067288040753873624e+00
1.067049025169673149e+00
1.062896580044121908e+00
1.063950971624525899e+00
1.066541348221757612e+00
1.061481969156375937e+00
1.060178393880410797e+00
1.081036539242464789e+00
1.080795904350184689e+00
1.110963427069580067e+00
1.064110661547769343e+00
1.064752427576240779e+00
1.068161231723795401e+00
1.074974539769403048e+00
1.360424003255355840e+00
1.059896198499519882e+00
1.067104028373275559e+00
1.361662230219391478e+00
1.383927310082261330e+00
1.142500372322361457e+00
1.073272238038495807e+00
1.088359970608182792e+00
1.059905705948250842e+00
1.121352243364435397e+00
1.062744166190082051e+00
1.065642983100536290e+00
1.060957505258636635e+00
1.060163249885685666e+00
1.061271923799569805e+00
1.063348944324700618e+00
1.061030630618129633e+00
1.063701891586363413e+00
1.061126510243309395e+00
1.063963044299274019e+00
1.059943414883886659e+00
1.060139709824123644e+00
1.060561585511697658e+00
1.061691476231288567e+00
1.068978213135101107e+00
1.062287307084934573e+00
1.071666441435910722e+00
1.061817216168974065e+00
1.060295725097552655e+00
1.060295725097546882e+00
1.083626289426222744e+00
1.063139738381062349e+00
1.059932379479034736e+00
1.066058454654997156e+00
1.061253915927065750e+00
1.061546205487768679e+00
1.069293321014003650e+00
1.060907847671300308e+00
1.060586647221911649e+00
1.062485867402587880e+00
1.060961734371536958e+00
1.060554659119172571e+00
1.060282544240620517e+00
1.073281141983790210e+00
1.071028772289453812e+00
1.098657719999249549e+00
1.101690779537273013e+00
1.082354165912170041e+00
1.062577783577706603e+00
1.062248359152453192e+00
1.064043460577229094e+00
1.075038966321436806e+00
1.060340907616139416e+00
1.060342143834605899e+00
1.059972891805207817e+00
1.070983541225147828e+00
1.067576382291796744e+00
1.072296854029733959e+00
1.183860170970285619e+00
1.063272970014395913e+00
1.186169795818433181e+00
1.062946522018844542e+00
1.063380025791303751e+00
1.063001580604029384e+00
1.082825749975229179e+00
1.126224351011788860e+00
1.445086322629810294e+00
1.062218128743594558e+00
1.061740526809403340e+00
1.421355442847940020e+00
1.067239844430492024e+00
1.096399581597438777e+00
1.060875858829217977e+00
1.062051056011152239e+00
1.061353111623603684e+00
1.081841758833912870e+00
1.076867436301560454e+00
1.069106887504854386e+00
1.061226168879219278e+00
1.059970022720247540e+00
1.064875346342571749e+00
1.060061700182028499e+00
1.060061700182026501e+00
1.060061700182028499e+00
1.064853504292168962e+00
1.060000859447519206e+00
1.110056220506803415e+00
1.067978344534102231e+00
1.064741165909184328e+00
1.077888023926263150e+00
1.062762234443104692e+00
1.060736864125358281e+00
1.099894328655760756e+00
1.064821836698478741e+00
1.066965447765341857e+00
1.070028310122851822e+00
1.062839598646535766e+00
1.062839598646535766e+00
1.060068316123923049e+00
1.060068316123923049e+00
1.060068316123923049e+00
1.062918500348706496e+00
1.062916587628860654e+00
1.061141845792233473e+00
1.063103136369403456e+00
1.062600878143754146e+00
1.060628914094732478e+00
1.067865222740748354e+00
1.061836192465844597e+00
1.075746659413942208e+00
1.085066339546194580e+00
1.083966954787939141e+00
1.066912943486088006e+00
1.073202992120068311e+00
1.064437589298466325e+00
1.060901010957822965e+00
1.062714140023260700e+00
1.060438170106879685e+00
1.060140465406863797e+00
1.060662822277799622e+00
1.060745763191790925e+00
1.062564348840401740e+00
1.060905542461684226e+00
1.060078928324174719e+00
1.064161046330852844e+00
1.061712690544859727e+00
1.060904493408316940e+00
1.061119036864552223e+00
1.061215223381257289e+00
1.150998436265152192e+00
1.073250452307571878e+00
1.063169318633227611e+00
1.063169318633227611e+00
1.063169318633227611e+00
1.063523907825497661e+00
1.201357891584292181e+00
1.059945847793809959e+00
1.061850197226116288e+00
1.071940563394564894e+00
1.061510395063813839e+00
1.065183838749562462e+00
1.071335051927607473e+00
1.079117203345583365e+00
1.060335488089056755e+00
1.072139258503032933e+00
1.062082846384844181e+00
1.060385660711044897e+00
1.064768155817329198e+00
1.060034066120121521e+00
1.060034066120119745e+00
1.060198855629947534e+00
1.061210346440419450e+00
1.073255527195127623e+00
1.075711008943565750e+00
1.064259528786391185e+00
1.092928793215019123e+00
1.213611667962163576e+00
1.061090508384969544e+00
1.075611833345950785e+00
1.065218711614664082e+00
1.062472746059716533e+00
1.064619353727623619e+00
1.165239421013750665e+00
1.073207490113004203e+00
1.103247894806330454e+00
1.164638670645714136e+00
1.063079597548254540e+00
1.063804486545393724e+00
1.078049223379514476e+00
1.063465224439183121e+00
1.063457932664779726e+00
1.076139040533055757e+00
1.074932150494162464e+00
1.060531472800803954e+00
1.060531472800803954e+00
1.060975426839261049e+00
1.062632366884670665e+00
1.062632366884670665e+00
1.062723939308735321e+00
1.061762514360699461e+00
1.064291220143248395e+00
1.065100365414766825e+00
1.061130099230854551e+00
1.061130099230854551e+00
1.061130099230846779e+00
1.065696648146372327e+00
1.060212421356318657e+00
1.060212421356320434e+00
1.063052052676566328e+00
1.063054353539372388e+00
1.060497946232717981e+00
1.068246846216043489e+00
1.064256778365933798e+00
1.060587724451921954e+00
1.059983733144350904e+00
1.059983733144350904e+00
1.059983733144350904e+00
1.061991148688137487e+00
1.062310806118889950e+00
1.060288565368674218e+00
1.060127072282514904e+00
1.060127072282514904e+00
1.060034794186434093e+00
1.060384335905333097e+00
1.060738612658679969e+00
1.062851713628031325e+00
1.070951846531506879e+00
1.063567155795276387e+00
1.067543844407435438e+00
1.061090763756559863e+00
1.061090763756569189e+00
1.061090763756569189e+00
1.061090763756559863e+00
1.062621361758081973e+00
1.062621361758081973e+00
1.063498655122485870e+00
1.062336589151427368e+00
1.059931372778394110e+00
1.060962119232782941e+00
1.064894124520257224e+00
1.060811636991472184e+00
1.059953626326794129e+00
1.059953626326794129e+00
1.059953626326797904e+00
1.059953626326797904e+00
1.059953626326796128e+00
1.059912479797697316e+00
1.059912479797697316e+00
1.068535293740880965e+00
1.061545834996111770e+00
1.061545834996111770e+00
1.060622890777544791e+00
1.063221966311565181e+00
1.059922530981830091e+00
1.059922530981830091e+00
1.070384021612304393e+00
1.061898739868784469e+00
1.068043025856850070e+00
1.063538809366640248e+00
1.060749706061027808e+00
1.061689752648535823e+00
1.061689752648535823e+00
1.077054930827990198e+00
1.061891336442006395e+00
1.066188349776648892e+00
1.060732371764818271e+00
1.061758727878038711e+00
1.060304191604409141e+00
1.060331195546035277e+00
1.059931705489381315e+00
1.060732371764818271e+00
1.060521650587496589e+00
1.088161442457330708e+00
1.060159307507320570e+00
1.063415204423488358e+00
1.070708438445224120e+00
1.066585851834821908e+00
1.065501445164080296e+00
1.067761159191234377e+00
1.353883144650714243e+00
1.063123861490346878e+00
1.156518503158292077e+00
1.062893343988269290e+00
1.129654907938825614e+00
1.064035413961946119e+00
1.060301869684298515e+00
1.060301869684298515e+00
1.060301869684304288e+00
1.062425403422279091e+00
1.070726431912036647e+00
1.062347843374477740e+00
1.060038850858855408e+00
1.060038850858855408e+00
1.068102701945575550e+00
1.152950833431891420e+00
1.067412381436651403e+00
1.096200808586394126e+00
1.072334483807449113e+00
1.071266851095770134e+00
1.065778899004153679e+00
1.063849343070179865e+00
1.061973589144019181e+00
1.068279585286539657e+00
1.066831212750408930e+00
1.062467605651120417e+00
1.061955875966587692e+00
1.061955875966585916e+00
1.061955875966585916e+00
1.060106894547857115e+00
1.060106894547857115e+00
1.061336923064394533e+00
1.061336923064388982e+00
1.061336923064388982e+00
1.061336923064388982e+00
1.065432599463118413e+00
1.065432599463118413e+00
1.061217375592110601e+00
1.060599014372098914e+00
1.060599014372098914e+00
1.062492295632977646e+00
1.062492295632977646e+00
1.060283190712287604e+00
1.060803937126270968e+00
1.060803937126270968e+00
1.068353655064941066e+00
1.068353655064935293e+00
1.059909989233360994e+00
1.059909989233360994e+00
1.061339361784733537e+00
1.061339361784733537e+00
1.063728861306997064e+00
1.076976737594470990e+00
1.061898739868784469e+00
1.075265434148178656e+00
1.063250688253045473e+00
1.063456595969527241e+00
1.068749955765842419e+00
1.060182872924590791e+00
1.061245448227593702e+00
1.060283190712289603e+00
1.067434561306991103e+00
1.064402322774762766e+00
1.062403872551483053e+00
1.062022504550804047e+00
1.063448746874601669e+00
1.059953101120291841e+00
1.059953101120305163e+00
1.061154170178167488e+00
1.061154170178171263e+00
1.061154170178167488e+00
1.061276916489934052e+00
1.061276916489934052e+00
1.064022142590905329e+00
1.064022142590907105e+00
1.060220296847449895e+00
1.060220296847449895e+00
1.061052256653518100e+00
1.063568982852406863e+00
1.066616970228295491e+00
1.062225297448693206e+00
1.062225297448693206e+00
1.060776685121868068e+00
1.066858180660697819e+00
1.062374223510370586e+00
1.063401438374859342e+00
1.061993461929947147e+00
1.064386064919705888e+00
1.073666536788608017e+00
1.061113989837961569e+00
1.060139211599772979e+00
1.063733883751313058e+00
1.120093443753567231e+00
1.060943052736290193e+00
1.060943052736290193e+00
1.060943052736290193e+00
1.061631429456769693e+00
1.063157143840310903e+00
1.061141296927008648e+00
1.066837060690874806e+00
1.121477082459646502e+00
1.287362764821569971e+00
1.067697858812123535e+00
1.063127947923103500e+00
1.078492525449075146e+00
1.081774808770737506e+00
1.061210346440419450e+00
1.218902541204501144e+00
1.072827805553103753e+00
1.071500045377480781e+00
1.123029455896289885e+00
1.119514615655699874e+00
1.064006569873330532e+00
1.060702820947682756e+00
1.063268895793326729e+00
1.081797546564479573e+00
1.287315191871292841e+00
1.071153184370136735e+00
1.108511779079873971e+00
1.078327378290989458e+00
1.074758024565543701e+00
1.059990144232023646e+00
1.063362569377251710e+00
1.062288610160818658e+00
1.094717493022651089e+00
1.118196238458866620e+00
1.066699434686987358e+00
1.078933581724477841e+00
1.353749641786945457e+00
1.088236976430663638e+00
1.075129646627165370e+00
1.069835858322922384e+00
1.073591052558215519e+00
1.077696387535115763e+00
1.059954331135425143e+00
1.064112042769159050e+00
1.068533862997212314e+00
1.062420983329116719e+00
1.062420983329114943e+00
1.062691617246179776e+00
1.062293802319977054e+00
1.084053704922857131e+00
1.070982549663265893e+00
1.071053138048454256e+00
1.071932901399832438e+00
1.063376935069331841e+00
1.072847364822337335e+00
1.070562652790036706e+00
1.068235850755540506e+00
1.065504294411643293e+00
1.066368318804852500e+00
1.063286424313232947e+00
1.063204642512829645e+00
1.063536027392881111e+00
1.062639155354960341e+00
1.064866902990887265e+00
1.063794013017199003e+00
1.061305841816067241e+00
1.065537266386688886e+00
1.060336786435936096e+00
1.061426256043094929e+00
1.061426256043094929e+00
1.060955643956161598e+00
1.064160637438669621e+00
1.076102913242420467e+00
1.060414645859514948e+00
1.079934664742492112e+00
1.063400473871014107e+00
1.090548801389072064e+00
1.074360265447088070e+00
1.066808775757464911e+00
1.064683581088483377e+00
1.062522534410141661e+00
1.068936051369732354e+00
1.067153661625238836e+00
1.065540508671073194e+00
1.061698152830128361e+00
1.061385386024948474e+00
1.061945183701785478e+00
1.067975270379036168e+00
1.075651050348848115e+00
1.063085895979605677e+00
1.066854109814480367e+00
1.081424712871451366e+00
1.078329540039292711e+00
1.062721271965511249e+00
1.064651729525720736e+00
1.064876187909590488e+00
1.062860977636083337e+00
1.072735800465260736e+00
1.064133322690680616e+00
1.063577399624248576e+00
1.062622545620275805e+00
1.076929284388042030e+00
1.067416957988502668e+00
1.060902923394300590e+00
1.061270136129930153e+00
1.065943612373654981e+00
1.061190500025904759e+00
1.081034023542033706e+00
1.060916995173507793e+00
1.068262146509570076e+00
1.064550239907843476e+00
1.061579172504863999e+00
1.073232316927876129e+00
1.060999761519855422e+00
1.061465584839749621e+00
1.061465584839749621e+00
1.061465584839749621e+00
1.060350408777165132e+00
1.060350408777165132e+00
1.060350408777166686e+00
1.060921846015150383e+00
1.060921846015150383e+00
1.060921846015158154e+00
1.063592903695235403e+00
1.063592903695223857e+00
1.063592903695235403e+00
1.063592903695235403e+00
1.063592903695223857e+00
1.063592903695235403e+00
1.060554739597030727e+00
1.060518636958251548e+00
1.060944603081622972e+00
1.060732397616038769e+00
1.062813227105899871e+00
1.067072874421223450e+00
1.061361419854170762e+00
1.066344549675679820e+00
1.060384766664192346e+00
1.060384766664192346e+00
1.064959318134479194e+00
1.065026935209916426e+00
1.060034066120121521e+00
1.060034066120121521e+00
1.060034066120121521e+00
1.060034066120119745e+00
1.060034066120121521e+00
1.060623708693062550e+00
1.060623708693060774e+00
1.059869686677087142e+00
1.060198855629947534e+00
1.059869686677085143e+00
1.060198855629947534e+00
1.060198855629947534e+00
1.097627422445919043e+00
1.099560653517587916e+00
1.062085284902100968e+00
1.064961960715425704e+00
1.063182244374375252e+00
1.121004065061966593e+00
1.073246474821973440e+00
1.067033234165329025e+00
1.219322924687102017e+00
1.357120027751038904e+00
1.064651892030997526e+00
1.063577024454177566e+00
1.064874516201860244e+00
1.065183088605555550e+00
1.070442756607439483e+00
1.063294947926533451e+00
1.070653717428075469e+00
1.070633562059684296e+00
1.082959853140088802e+00
1.063304860027292520e+00
1.163244679889755329e+00
1.067062591211316080e+00
1.065824839765579179e+00
1.067451594966325246e+00
1.060877883330403115e+00
1.069074775744726757e+00
1.067204574789914151e+00
1.060650063672256005e+00
1.064511662629953781e+00
1.062086594361533631e+00
1.069270136154060857e+00
1.065875292369919292e+00
1.410120472995596064e+00
1.063193257253506330e+00
1.471138407995119968e+00
1.059916209914453677e+00
1.064272104441581934e+00
1.077369247599936575e+00
1.071062506259460312e+00
1.071974137828948903e+00
1.063940802225161963e+00
1.066179614375082130e+00
1.082456593044204496e+00
1.096677998152047140e+00
1.061397401444673205e+00
1.065110564374998292e+00
1.062418607222800571e+00
1.067101301380881662e+00
1.060129697525244108e+00
1.060916444243198198e+00
1.060916444243201751e+00
1.061830939016829900e+00
1.071917870358819025e+00
1.074609224117805129e+00
1.086726549269217967e+00
1.065165099614796995e+00
1.087496267462398913e+00
1.061920375789697335e+00
1.064445829851218495e+00
1.066283492487355877e+00
1.088186450999616195e+00
1.067324294154246678e+00
1.072071349825423736e+00
1.074003807216929562e+00
1.083135508485007614e+00
1.073908839803243032e+00
1.066766249527093979e+00
1.150307010131524477e+00
1.119569241529696058e+00
1.078160350816669055e+00
1.078218114580025366e+00
1.172556297392846947e+00
1.078338668445899096e+00
1.060052542045015089e+00
1.074753789126198456e+00
1.071823960271181431e+00
1.073736218912451301e+00
1.066423998722236588e+00
1.066137671192500580e+00
1.076315074103589620e+00
1.061228493696767305e+00
1.061715501636468995e+00
1.143352747771363420e+00
1.062174870170311536e+00
1.060809540978159493e+00
1.060809540978159493e+00
1.073866693025286700e+00
1.061007368159030184e+00
1.086028435414568394e+00
1.060065575973949015e+00
1.060279826723520502e+00
1.060391207711887551e+00
1.060955643956163597e+00
1.062938660919685363e+00
1.060526721027232444e+00
1.062798407970295678e+00
1.061056082382215049e+00
1.062983664834054487e+00
1.064034145834972911e+00
1.061430365679319365e+00
1.062498476319218010e+00
1.060274666784283282e+00
1.060185655070848609e+00
1.062322772224522316e+00
1.060885911128148562e+00
1.060691839387435165e+00
1.061445171263660781e+00
1.061774477060976274e+00
1.060235530384547209e+00
1.060274666784288833e+00
1.062902409654293834e+00
1.063510411279355194e+00
1.059869682572893046e+00
1.061445171263660781e+00
1.061774477060976274e+00
1.060322253140449034e+00
1.061242336019224242e+00
1.061691476231288567e+00
1.060154075926785122e+00
1.061681675089872989e+00
1.061493144792379884e+00
1.061126510243309395e+00
1.062275796235378378e+00
1.061207040114700684e+00
1.076286895512207131e+00
1.064018146998508385e+00
1.059925612529176275e+00
1.060154075926785122e+00
1.060154075926785122e+00
1.060019363531991665e+00
1.061020002406610319e+00
1.063910521648422369e+00
1.061207040114700684e+00
1.063834005805438299e+00
1.076286895512207131e+00
1.063527166116480460e+00
1.061622486574491875e+00
1.059894352613831803e+00
1.060036428537127318e+00
1.059982236753456375e+00
1.060098658528233040e+00
1.060080963185224379e+00
1.060630221980481069e+00
1.060062940375451346e+00
1.061686366728632036e+00
1.064256778365933798e+00
1.062036779734289116e+00
1.061323844308895037e+00
1.064044504455438966e+00
1.060511817711990101e+00
1.059999964046770549e+00
1.061955793527065817e+00
1.059966147805357028e+00
1.059966147805357028e+00
1.061594335666057987e+00
1.059925959069303092e+00
1.060014269291129407e+00
1.060850597662131189e+00
1.060757404105612034e+00
1.059871179667575491e+00
1.060700458064269602e+00
1.060415764773122493e+00
1.060174293232546416e+00
1.060235530384547209e+00
1.060171630420848832e+00
1.061323844308895037e+00
1.060812175514986189e+00
1.059870798489020771e+00
1.065724961349598487e+00
1.060511817711990101e+00
1.061938289458497220e+00
1.060805102037698955e+00
1.059869372322979952e+00
1.059925612529176275e+00
1.060392781261868533e+00
1.064076766933456319e+00
1.060740780252672044e+00
1.060182753743507567e+00
1.062448679277231411e+00
1.060642731992923249e+00
1.060888931679569325e+00
1.059925959069303092e+00
1.060360254428683202e+00
1.060960145222275663e+00
1.060952244815857481e+00
1.062916212211077793e+00
1.070372187190812951e+00
1.066967969259420501e+00
1.060842650185843450e+00
1.060842650185843450e+00
1.060340229388375910e+00
1.067690552390406999e+00
1.062457157099389482e+00
1.061077172979554506e+00
1.081260922870250774e+00
1.060340651229926712e+00
1.065426068187067532e+00
1.071974137828948903e+00
1.060340229388375910e+00
1.060930848031103713e+00
1.060938850643038833e+00
1.075496164781076569e+00
1.060675305779155808e+00
1.060461159144686638e+00
1.060322372696905102e+00
1.060951701634398114e+00
1.061872225431383487e+00
1.061681675089872989e+00
1.065412092010741496e+00
1.060340229388372135e+00
1.062451497313014803e+00
1.066129849967399457e+00
1.060929764461094216e+00
1.060301869684304288e+00
1.060301869684304288e+00
1.061248029028833750e+00
1.060649692000185773e+00
1.060362942728637847e+00
1.060301869684304288e+00
1.060071324637225976e+00
1.061018559108828363e+00
1.062362389525235207e+00
1.060311511604730805e+00
1.060948965937410948e+00
1.065016571192191286e+00
1.065764307165928182e+00
1.063195241335899599e+00
1.061270606771615110e+00
1.060882190575944017e+00
1.069232866463618370e+00
1.060322077166778731e+00
1.060361246149029713e+00
1.060648399110258211e+00
1.065762935767675668e+00
1.061489129153648348e+00
1.061242972439187193e+00
1.063442028058712019e+00
1.076842222454254205e+00
1.062324714861918595e+00
1.060407358504689590e+00
1.060057415035545958e+00
1.060220679293589985e+00
1.060898271478533772e+00
1.060171440928016517e+00
1.061421746705691227e+00
1.061231653708386569e+00
1.063662217216242878e+00
1.060050823292149058e+00
1.060050823292149058e+00
1.060905542461695772e+00
1.065157088632105120e+00
1.068735612696233517e+00
1.061253135107909973e+00
1.078292347762852543e+00
1.060034066120119745e+00
1.060626312969252361e+00
1.060787595211628576e+00
1.061701613473918115e+00
1.066915254221010301e+00
1.071354194610830701e+00
1.061534725012295954e+00
1.061508475795641449e+00
1.063119594800116863e+00
1.060269494402461987e+00
1.067127779391080278e+00
1.061511121081923248e+00
1.076286895512208908e+00
1.061161826492286187e+00
1.061070781204880076e+00
1.062268412677358054e+00
1.063997693004060219e+00
1.061875475873726771e+00
1.064903415234098594e+00
1.060566928112647966e+00
1.070445679880755341e+00
1.061638026473293417e+00
1.059869686677087142e+00
1.063860325666525553e+00
1.066302802803498428e+00
1.069296510521247745e+00
1.060582327569787875e+00
1.060011844616794319e+00
1.060401595736351288e+00
1.061851433566039837e+00
1.060329749760935192e+00
1.059983733144350904e+00
1.060316374930753147e+00
1.060659485688689063e+00
1.060931767755603161e+00
1.060916444243198198e+00
1.062157479102471491e+00
1.060935055930201099e+00
1.061617548675742206e+00
1.060805102037698955e+00
1.060114301838132489e+00
1.065911122119890697e+00
1.061048883066407988e+00
1.060325874923402800e+00
1.060782196471302230e+00
1.060381787998193603e+00
1.060345747195771127e+00
1.062275525489427830e+00
1.062754876562432615e+00
1.063943707298540708e+00
1.077544524855142516e+00
1.061418434770335706e+00
1.061401749170605369e+00
1.060051469619222475e+00
1.062263045453607724e+00
1.060340651229940034e+00
1.060014419823522847e+00
1.061008572671225725e+00
1.060315018272385057e+00
1.060951701634394118e+00
1.061691476231288567e+00
1.071693349244382754e+00
1.060723834926377673e+00
1.060905224706894190e+00
1.062336589151427368e+00
1.063539211535144968e+00
1.060390535230790521e+00
1.060163489335275377e+00
1.061704660718874704e+00
1.061182104424709172e+00
1.063500047511184654e+00
1.067701817823154320e+00
1.063654719378045677e+00
1.067701817823154320e+00
1.060034794186434093e+00
1.061848903850091341e+00
1.061046903507470551e+00
1.061681675089872989e+00
1.060301869684304288e+00
1.061518119500292068e+00
1.061602541133391808e+00
1.076295384225288920e+00
1.061602541133391808e+00
1.094317877866721300e+00
1.060531472800803954e+00
1.061891416185945625e+00
1.060660152417145730e+00
1.061848903850091341e+00
1.059992422979826543e+00
1.061518119500292068e+00
1.066383050174630087e+00
1.060921846015150383e+00
1.061848903850091341e+00
1.064169898471088560e+00
1.060216997728905763e+00
1.076445119982376131e+00
1.061518119500292068e+00
1.061848903850091341e+00
1.061675885745053671e+00
1.061423653380276333e+00
1.075455052769820119e+00
1.060886432475064867e+00
1.067118111719981277e+00
1.074434509528994219e+00
1.063313107935585311e+00
1.060921846015156378e+00
1.061518119500292068e+00
1.062364739033211380e+00
1.063752197562322310e+00
1.062091683294731137e+00
1.062649594605389547e+00
1.076535095250934715e+00
1.062323275183240989e+00
1.061783284408535311e+00
1.060505281424004353e+00
1.066736222353050101e+00
1.064052492727218135e+00
1.067786694098100231e+00
1.062323275183240989e+00
1.067045690573762640e+00
1.061094708622466021e+00
1.060477444663759261e+00
1.060404934990735182e+00
1.059885636053587987e+00
1.062056704609289692e+00
1.060003380135084328e+00
1.061336923064384985e+00
1.061094708622464022e+00
1.064740386139492845e+00
1.061530713474055698e+00
1.060176946851863589e+00
1.062430324541494331e+00
1.063195241335899599e+00
1.059894334962679041e+00
1.062707768465188440e+00
1.068533862997214312e+00
1.061534679721265251e+00
1.060372841614489081e+00
1.060086255467435512e+00
1.060335405189944957e+00
1.060587724451921954e+00
1.060078579310157254e+00
1.060082907591068491e+00
1.062800832136124418e+00
1.063873607992176673e+00
1.062548323916150173e+00
1.061210346440419450e+00
1.060276572613742418e+00
1.065016571192187733e+00
1.061361419854170762e+00
1.060999761519855422e+00
1.061361419854170762e+00
1.060034066120119745e+00
1.060159486207134849e+00
1.059876187403386405e+00
1.060085885134292027e+00
1.060094668298296572e+00
1.060685511799842828e+00
1.061069649164747997e+00
1.089593299717771302e+00
1.061127748527524117e+00
1.060132217221142481e+00
1.067859281092859325e+00
1.067859281092855328e+00
1.060885724678696240e+00
1.060947613369167764e+00
1.061127748527522341e+00
1.063204847283624854e+00
1.062324258443445801e+00
1.060418405093482397e+00
1.060883730373038514e+00
1.060069323959688559e+00
1.062459258333123824e+00
1.060309570503647825e+00
1.061051022941897459e+00
1.060385388572683052e+00
1.060728316771078150e+00
1.061107886472616890e+00
1.063950154493893852e+00
1.059957846165524575e+00
1.060957505258632638e+00
1.060934441765967851e+00
1.061718177585993406e+00
1.061141978434455568e+00
1.060496118142586708e+00
1.061242972439191190e+00
1.064043460577227318e+00
1.059924172026972755e+00
1.060449087260193934e+00
1.061242972439191190e+00
1.066167359165419493e+00
1.060571776164358937e+00
1.060264110064391252e+00
1.061002707948065060e+00
1.062819745754779666e+00
1.060450462145254180e+00
1.062902409654293834e+00
1.063662217216242878e+00
1.062916212211077793e+00
1.061190835497332285e+00
1.067586670673146054e+00
1.063169318633227611e+00
1.060787595211632350e+00
1.060685110489515637e+00
1.060368013122483299e+00
1.061701613473918115e+00
1.060787595211628576e+00
1.061453958169790823e+00
1.059907483323283550e+00
1.063713112565078056e+00
1.061365048309222514e+00
1.061903062317055335e+00
1.060034794186434093e+00
1.060034794186434093e+00
1.061891336442006395e+00
1.062023788076986941e+00
1.061127748527524117e+00
1.060090031768227359e+00
1.061127748527524117e+00
1.059953626326796128e+00
1.060568592284801381e+00
1.060331195546035277e+00
1.061691476231288567e+00
1.061817425009565108e+00
1.060103181988813592e+00
1.062620997114054555e+00
1.061689232877321309e+00
1.062268412677358054e+00
1.062467605651120417e+00
1.060065575973949015e+00
1.064022142590903552e+00
1.059953626326796128e+00
1.073559302298490614e+00
1.061875475873726771e+00
1.063725988452156157e+00
1.060846978737216340e+00
1.060035222579965186e+00
1.061426256043089156e+00
1.060557928274907802e+00
1.071081237425149046e+00
1.063950569411421521e+00
1.070009054732352860e+00
1.064232754479880638e+00
1.062041474787862372e+00
1.060650063672250010e+00
1.060322969379285940e+00
1.059961048901997049e+00
1.060127072282514904e+00
1.060582327569786099e+00
1.067613221043994587e+00
1.060871343803850175e+00
1.060782807767097990e+00
1.060303417587470376e+00
1.059883131939373557e+00
1.060136723543237514e+00
1.060776808518269609e+00
1.061942594515632443e+00
1.060039070047203991e+00
1.060916444243198198e+00
1.062579184243961583e+00
1.062660134389406652e+00
1.059869269288006954e+00
1.061930049906507190e+00
1.060234588920177190e+00
1.060212911134702507e+00
1.063525950714980794e+00
1.062752226113766740e+00
1.067995731346708110e+00
1.060274471107831573e+00
1.060315018272385057e+00
1.061681675089872989e+00
1.061691476231288567e+00
1.060901010957822965e+00
1.067135323450064677e+00
1.061891416185945625e+00
1.060034794186434093e+00
1.061848903850091341e+00
1.060921846015150383e+00
1.061518119500292068e+00
1.061891416185945625e+00
1.060034794186434093e+00
1.065540362243796224e+00
1.061848903850091341e+00
1.062538531185572621e+00
1.069293064915762592e+00
1.061518119500292068e+00
1.071197742887571636e+00
1.072792952831125080e+00
1.069122810366629928e+00
1.065004049687955812e+00
1.061016056047013656e+00
1.062009683494015144e+00
1.061534679721261698e+00
1.060086255467435512e+00
1.060335405189944957e+00
1.060409642664859708e+00
1.060078579310157254e+00
1.060065575973949015e+00
1.060003380135084328e+00
1.060276572613742418e+00
1.060999761519855422e+00
1.060685511799842828e+00
1.060363180885682821e+00
1.060350560277218301e+00
1.060423034673337650e+00
1.060187068485692441e+00
1.061110079764214342e+00
1.060069323959688559e+00
1.060883730373038514e+00
1.061127748527524117e+00
1.060898752330212247e+00
1.061233963310524331e+00
1.060450462145257955e+00
1.060057328971904855e+00
1.061231403685001018e+00
1.060451526041467085e+00
1.062903719290981597e+00
1.064704646182824233e+00
1.062916212211077793e+00
1.065528983632175963e+00
1.064039468236019914e+00
1.061567258072845243e+00
1.061226168879221277e+00
1.060003485573203896e+00
1.060304191604409141e+00
1.061757979413071817e+00
1.063890028545437128e+00
1.061817425009557558e+00
1.060127072282514904e+00
1.060103181988813592e+00
1.060723834926377673e+00
1.061681675089872989e+00
1.063835656540963237e+00
1.059923713027726810e+00
1.061090508384969544e+00
1.059953626326796128e+00
1.062467605651120417e+00
1.061336923064384985e+00
1.059953626326796128e+00
1.060884050057424144e+00
1.063725988452156157e+00
1.061459929321892481e+00
1.059923570374763813e+00
1.060350408777166686e+00
1.060557928274907802e+00
1.060034066120119745e+00
1.068834153070582937e+00
1.066956877951878102e+00
1.060451089195903140e+00
1.060167894755373652e+00
1.060557928274907802e+00
1.065282338819114827e+00
1.060228259572384424e+00
1.062284843143421531e+00
1.060412666138264903e+00
1.060659485688689063e+00
1.061188464658211039e+00
1.059925612529176275e+00
1.059869682572889049e+00
1.059966147805355252e+00
1.059965821259928331e+00
1.059871413997260481e+00
1.059871179667573715e+00
1.060018128810575444e+00
1.060274471107835570e+00
1.062490938685711095e+00
1.061311528782076463e+00
1.064346582861192880e+00
1.070165592478308447e+00
1.079468928866832211e+00
1.060288565368674218e+00
1.061484267713628915e+00
1.067930674229231602e+00
1.060003380135084328e+00
1.061094708622464022e+00
1.064812692692091556e+00
1.063231967318355231e+00
1.066530960428529573e+00
1.059894334962679041e+00
1.061534679721253926e+00
1.060922761151663840e+00
1.059926906201793306e+00
1.060086255467435512e+00
1.060335405189944957e+00
1.060176946851863589e+00
1.062548323916150173e+00
1.060276572613742418e+00
1.065157088632105120e+00
1.062097036020419827e+00
1.061361419854170762e+00
1.060034066120119745e+00
1.061567258072845243e+00
1.062892525348872574e+00
1.060685511799842828e+00
1.062439379647779347e+00
1.063457660463487775e+00
1.063325792916344881e+00
1.062151202136019101e+00
1.059868191428277706e+00
1.062362284012055680e+00
1.060187068485692441e+00
1.060533226758395120e+00
1.060883730373038514e+00
1.060069323959688559e+00
1.060728316771085700e+00
1.060078579310157254e+00
1.060401595736351288e+00
1.060249083275193627e+00
1.059957846165524575e+00
1.061141978434455568e+00
1.061243624208302982e+00
1.060340907616139416e+00
1.060259870258524195e+00
1.059991339105062824e+00
1.061242972439191190e+00
1.060392986172124408e+00
1.061002707948065060e+00
1.060407358504689590e+00
1.060451526041467085e+00
1.060068316123923049e+00
1.063169318633227611e+00
1.065374339992442909e+00
1.059907483323277999e+00
1.060212421356320434e+00
1.060080963185224379e+00
1.075243138731271086e+00
1.060034794186434093e+00
1.060304191604409141e+00
1.060732371764818271e+00
1.060159307507320570e+00
1.060191486459491239e+00
1.059983733144350904e+00
1.061817425009557558e+00
1.060127072282514904e+00
1.059896942203130576e+00
1.060103181988813592e+00
1.061530713474063248e+00
1.061691476231288567e+00
1.065078469268191386e+00
1.066121045012577540e+00
1.060150096195479730e+00
1.059953626326796128e+00
1.061154170178167488e+00
1.062467605651120417e+00
1.066383050174628311e+00
1.084618461494405439e+00
1.064022142590903552e+00
1.062047491456900694e+00
1.061815010782853008e+00
1.061361419854170762e+00
1.060999761519855422e+00
1.061465584839736298e+00
1.062768269164238610e+00
1.062174870170313534e+00
1.060659485688689063e+00
1.059925612529178052e+00
1.060597949227035208e+00
1.059914067510998370e+00
1.071958181626810891e+00
1.061567258072845243e+00
1.067127779391080278e+00
1.060259898616521479e+00
1.061173724479410163e+00
1.061205672643495745e+00
1.059950165588601445e+00
1.061127748527524117e+00
1.066058454654997156e+00
1.060452604672982524e+00
1.060125378603909763e+00
1.098321610352803290e+00
1.060034066120119745e+00
1.060811636991472184e+00
1.061113989837955796e+00
1.061236652060949526e+00
1.059953626326796128e+00
1.060034066120119745e+00
1.060617305068524585e+00
1.065164211754272561e+00
1.060304191604409141e+00
1.061662700612709953e+00
1.084535955532791363e+00
1.062794084637884273e+00
1.060196027564620946e+00
1.066014093248584871e+00
1.060082907591068491e+00
1.060304191604409141e+00
1.060732371764818271e+00
1.060732371764818271e+00
1.060034066120119745e+00
1.064232754479884413e+00
1.060536435863560056e+00
1.060034066120119745e+00
1.064876178159856357e+00
1.064837135530944945e+00
1.068092378708393131e+00
1.063485797453525450e+00
1.060139709824123644e+00
1.062352598856308727e+00
1.067793742386912159e+00
1.062699900012449516e+00
1.065194506318352108e+00
1.061630882252076358e+00
1.061936224182935540e+00
1.063617289800916632e+00
1.061202841769936844e+00
1.096448943844079427e+00
1.063793952686527211e+00
1.060834867750688471e+00
1.063567235139419642e+00
1.069946433487996451e+00
1.060794285951021765e+00
1.069074775744726757e+00
1.061153289421355561e+00
1.063940802225161963e+00
1.062921081465329154e+00
1.077064907906465807e+00
1.096686485050185622e+00
1.140408609631726078e+00
1.087047940033001314e+00
1.063175360811843495e+00
1.080998899179961503e+00
1.063973790478179637e+00
1.060323892574998705e+00
1.060692242812429686e+00
1.060198293963139582e+00
1.059930778834148990e+00
1.061958976801494980e+00
1.060409642664859708e+00
1.064683581088479603e+00
1.060593552165491227e+00
1.060372841614506179e+00
1.060966725494330243e+00
1.059894334962679041e+00
1.060962119232782941e+00
1.059922182945477909e+00
1.072151741122138846e+00
1.253139909369707539e+00
1.158427159979509735e+00
1.066440852135394524e+00
1.072918850625400156e+00
1.061592091116302372e+00
1.077336547755763263e+00
1.067451594966325246e+00
1.076867436301564229e+00
1.064143216650857537e+00
1.071787945119935914e+00
1.061633048991662998e+00
1.061694243616027489e+00
1.061305841816067241e+00
1.061936620657341512e+00
1.060403891162309042e+00
1.065178506615928056e+00
1.060348490082855033e+00
1.062503403602073515e+00
1.062493967311676668e+00
1.061769245489944780e+00
1.062538721856774782e+00
1.060591359142642798e+00
1.061992125440309742e+00
1.079664896803040230e+00
1.063803035807736164e+00
1.060219908849796999e+00
1.059980655715271114e+00
1.061891336442006395e+00
1.060279509448378565e+00
1.067876937294965245e+00
1.087951205277698508e+00
1.066425243194518702e+00
1.060477444663759261e+00
1.061574071919049400e+00
1.065064936390959893e+00
1.060654258468544775e+00
1.061511121081923248e+00
1.061847078495274710e+00
1.062580118631507586e+00
1.070853683766484155e+00
1.062069537105033934e+00
1.072031729719271409e+00
1.245554230121144412e+00
1.070922524462220027e+00
1.064740386139492845e+00
1.065521626157926782e+00
1.076558351818147630e+00
1.067804828256300853e+00
1.059922794267586843e+00
1.062698510327337420e+00
1.060377820691851491e+00
1.060041446917701080e+00
1.060656598990961319e+00
1.069981718586069608e+00
1.060132762130419737e+00
1.068924114893089694e+00
1.119472985961865064e+00
1.061456794908780976e+00
1.060209132386651598e+00
1.060272872036304159e+00
1.061640205221909605e+00
1.059995891693963133e+00
1.060592663659150281e+00
1.063038785712833389e+00
1.063636783934820640e+00
1.062550992532587779e+00
1.060939733057620016e+00
1.060051215915004175e+00
1.060088811171205014e+00
1.061445171263660781e+00
1.061445171263660781e+00
1.061862838802740239e+00
1.060870764272043854e+00
1.060334276322968394e+00
1.062323275183246762e+00
1.060697586727154640e+00
1.062229824887093388e+00
1.061493777001538463e+00
1.061493777001544014e+00
1.070142639116442806e+00
1.071367886141604053e+00
1.064752427576240779e+00
1.061793743678248525e+00
1.138820690739302588e+00
1.062234618325668123e+00
1.073272238038495807e+00
1.108511779079873971e+00
1.078667722009986951e+00
1.065090364144879009e+00
1.060018391934077986e+00
1.061166737884154276e+00
1.061817216168974065e+00
1.063963044299274019e+00
1.059879255573650925e+00
1.060697586727156416e+00
1.060907847671300308e+00
1.071028772289453812e+00
1.082354165912170041e+00
1.071917870358824798e+00
1.061957264146845326e+00
1.079542039601247172e+00
1.070439264048422823e+00
1.060721609149451794e+00
1.060721609149451794e+00
1.064819169003168531e+00
1.060802248695933869e+00
1.085225579525675776e+00
1.071940563394564894e+00
1.059946458390981006e+00
1.142905978077864537e+00
1.060139194339011937e+00
1.062051056011156014e+00
1.063922948908505584e+00
1.117052747785724387e+00
1.067865222740748354e+00
1.072504161866520089e+00
1.067434608081148983e+00
1.070489323066028398e+00
1.060140465406863797e+00
1.089695228332275834e+00
1.067966246986828294e+00
1.061090508384969544e+00
1.067690552390406999e+00
1.073216945886611651e+00
1.064902682279157409e+00
1.092928793215019123e+00
1.061090508384969544e+00
1.064006655763834353e+00
1.060794285951021765e+00
1.064248679350651816e+00
1.066132013868741790e+00
1.075699137641989322e+00
1.067064617206789912e+00
1.063243092179912974e+00
1.072016752389426397e+00
1.112705411281660561e+00
1.067478917016650986e+00
1.076955655297338721e+00
1.072161110799235040e+00
1.063457932664774175e+00
1.063534357424459786e+00
1.060018391934077986e+00
1.061088927519556746e+00
1.064954685259727363e+00
1.061141978434455568e+00
1.065731592488888380e+00
1.066237350770173453e+00
1.060066245198322710e+00
1.060587724451921954e+00
1.061774477060976274e+00
1.074404843847542868e+00
1.060514506182047345e+00
1.060068316123923049e+00
1.064598173605209253e+00
1.066277697844238093e+00
1.060659264381147660e+00
1.079556814120682828e+00
1.069751521342199752e+00
1.060035156593434946e+00
1.060067636609714592e+00
1.060407358504693587e+00
1.060191486459491239e+00
1.066636056083947848e+00
1.061003468442965669e+00
1.063544783705753893e+00
1.106657200595439150e+00
1.098174734841115940e+00
1.067628192941880050e+00
1.095686479976503369e+00
1.182545692626784772e+00
1.059928366956110590e+00
1.060415764773122493e+00
1.060204561860711880e+00
1.060960145222275663e+00
1.060139654159105271e+00
1.060783298432879773e+00
1.064328653103324474e+00
1.061507656345258788e+00
1.065698095430425818e+00
1.060648399110261986e+00
1.060616335829552392e+00
1.064576297472640487e+00
1.086754222544959347e+00
1.062652336798235675e+00
1.087758505398990216e+00
1.060169701018968791e+00
1.060003386309942730e+00
1.061094247424825721e+00
1.060885911128148562e+00
1.061094247424825721e+00
1.062041812610727165e+00
1.063157202299035875e+00
1.062699230261693550e+00
1.061094247424825721e+00
1.063157202299035875e+00
1.061832550460267033e+00
1.062101421649887856e+00
1.063157202299035875e+00
1.061852931876885675e+00
1.060452293340266916e+00
1.060284676951777083e+00
1.060355501499352870e+00
1.067369676905215226e+00
1.060697586727154640e+00
1.060351866385816688e+00
1.060136504317300776e+00
1.060845665667584425e+00
1.060136504317300776e+00
1.060204529870633072e+00
1.060665815929769717e+00
1.063008912678938156e+00
1.060204529870633072e+00
1.062297565859966930e+00
1.062313923679970573e+00
1.090828144167790503e+00
1.067295832584273407e+00
1.121917543773686798e+00
1.107848408859968270e+00
1.064068535866510512e+00
1.060311245720939155e+00
1.102100832402924890e+00
1.063103946526658294e+00
1.061578603616048389e+00
1.073463863395238693e+00
1.069346998553354799e+00
1.065187615971301183e+00
1.067678129629718864e+00
1.060593728873229891e+00
1.060522257395752455e+00
1.060660712488835644e+00
1.060113462126238248e+00
1.063861900845863406e+00
1.060325653204445162e+00
1.062544366865333823e+00
1.063861900845863406e+00
1.062188443426873130e+00
1.061112067931630598e+00
1.062421133083101710e+00
1.061002665092763309e+00
1.059961569034393536e+00
1.062216783460308456e+00
1.059898164757580252e+00
1.063827411879575191e+00
1.061433633129545973e+00
1.071215821171285665e+00
1.062432270897760711e+00
1.059918613904714535e+00
1.061971224317344253e+00
1.059920654615621904e+00
1.062100731961925559e+00
1.059920654615621904e+00
1.062094124420346786e+00
1.062598707357374828e+00
1.062595298914228659e+00
1.060415430173396567e+00
1.060248439305837120e+00
1.060935157195512568e+00
1.060039070047203991e+00
1.060033819185932202e+00
1.060248439305837120e+00
1.063007978401755649e+00
1.061365048309222514e+00
1.062821976000841495e+00
1.060248439305837120e+00
1.061708833487012171e+00
1.060041478346055221e+00
1.060332378021383803e+00
1.060740978964090697e+00
1.059986031957131702e+00
1.060069281470669589e+00
1.063459370521422143e+00
1.068740483180204981e+00
1.060361361075909947e+00
1.059899873952151017e+00
1.064225948493319640e+00
1.060845665667584425e+00
1.060697586727156416e+00
1.062482827764060334e+00
1.061468696023304403e+00
1.060845665667584425e+00
1.061270052991931889e+00
1.059961569034399309e+00
1.060049330669964762e+00
1.059920654615621904e+00
1.060946622125983785e+00
1.082077343825663007e+00
1.072050402386587109e+00
1.066041622879177142e+00
1.118454670886804614e+00
1.064180604436878896e+00
1.075321875012596573e+00
1.061913285742136726e+00
1.059899873952151017e+00
1.069256205037995233e+00
1.063502270950237749e+00
1.068022700209826592e+00
1.068152739019986308e+00
1.065836967374822697e+00
1.069708925018546308e+00
1.069255883521659012e+00
1.071411001288540943e+00
1.069132425899490091e+00
1.068749275273910060e+00
1.061800434358323608e+00
1.060904351021435543e+00
1.129654907938829167e+00
1.062904688529731745e+00
1.068102701945575550e+00
1.062701431998457346e+00
1.060061806191586520e+00
1.060545701909870520e+00
1.070786847543444775e+00
1.061916100398624163e+00
1.066985547520545641e+00
1.065761126432246408e+00
1.072043643175291550e+00
1.060616335829546619e+00
1.059869269288006954e+00
1.060774185622632704e+00
1.060315018272385057e+00
1.060215882163005441e+00
1.061774477060976274e+00
1.061231403685001018e+00
1.060408999870701363e+00
1.060934441765971403e+00
1.061109918930223772e+00
1.064478212517567801e+00
1.061094247424825721e+00
1.061774477060976274e+00
1.060113462126238248e+00
1.059871413997260481e+00
1.060068084698455593e+00
1.060407446442509727e+00
1.064478212517567801e+00
1.064478212517567801e+00
1.060485941761193818e+00
1.061681615449974192e+00
1.064541788453687632e+00
1.063990453609109155e+00
1.061445171263662557e+00
1.060659307125205286e+00
1.061158543257201048e+00
1.061158543257201048e+00
1.061464600597363805e+00
1.061261175489166098e+00
1.061967749365166025e+00
1.062170149013244913e+00
1.060471163893393465e+00
1.070946115702592571e+00
1.064011613527241273e+00
1.064011613527241273e+00
1.060736864125358281e+00
1.064011613527241273e+00
1.067144445347267157e+00
1.061465584839749621e+00
1.072334483807449113e+00
1.064893159764660036e+00
1.060933787068529810e+00
1.066837060690872807e+00
1.062976334068444384e+00
1.060018390631553231e+00
1.066069087480910005e+00
1.060223786095182197e+00
1.063472897931190486e+00
1.059902337578891407e+00
1.063530190162169875e+00
1.060187091321975528e+00
1.059893468546738271e+00
1.062699230261691552e+00
1.060714046913276976e+00
1.062600514125860762e+00
1.066529286321629799e+00
1.059930653388625021e+00
1.059946999210573226e+00
1.073219989961497145e+00
1.060111511657341632e+00
1.063412181457300099e+00
1.061314143509154651e+00
1.061584896541573730e+00
1.060946622125983785e+00
1.060449398587903547e+00
1.059912479797697316e+00
1.069359481508504572e+00
1.084788833209678893e+00
1.061784958499228715e+00
1.061774477060976274e+00
1.060199692570878094e+00
1.060937992217191761e+00
1.060331195546035277e+00
1.073035809923623018e+00
1.069176367716232257e+00
1.063732178466998635e+00
1.059955305750306387e+00
1.327708863829577091e+00
1.239336419223210806e+00
1.060723371261836245e+00
1.075982079525693136e+00
1.068784912479356697e+00
1.072893943708754572e+00
1.063170487642940421e+00
1.090548801389072064e+00
1.090548801389072064e+00
1.065499716856446399e+00
1.062639155354952791e+00
1.079221471485972028e+00
1.066181664082485048e+00
1.060336786435939871e+00
1.061426256043089156e+00
1.061875475873726771e+00
1.066319661884878922e+00
1.061694243616027489e+00
1.061818221869073930e+00
1.061136038495805733e+00
1.128704606260090948e+00
1.060409642664859708e+00
1.060003485573203896e+00
1.060166727084740801e+00
1.061252224331029392e+00
1.060060862449904828e+00
1.060514506182047345e+00
1.060068316123923049e+00
1.061226168879221277e+00
1.060212421356320434e+00
1.060091954315697693e+00
1.065297038916328543e+00
1.071153184370138733e+00
1.159840910795263857e+00
1.062462861151622473e+00
1.061920454662436786e+00
1.062323241341563751e+00
1.060229167956761476e+00
1.059929350237122536e+00
1.060003485573203896e+00
1.064444984493697843e+00
1.061110079764212344e+00
1.059880708057169940e+00
1.060039070047203991e+00
1.063804486545391947e+00
1.069835858322922384e+00
1.078690918616900030e+00
1.076873159113774570e+00
1.060345747195771127e+00
1.060260453157005012e+00
1.060636970970956661e+00
1.060514506182047345e+00
1.060449087260193934e+00
1.061030630618129633e+00
1.074436543158035828e+00
1.061819240785385254e+00
1.062590963377784581e+00
1.084012687464560809e+00
1.061577721659014983e+00
1.060044142065889705e+00
1.061226168879221277e+00
1.060516664545284593e+00
1.061465584839736298e+00
1.067324294154246678e+00
1.063860325666525553e+00
1.061148910719790450e+00
1.059912479797697316e+00
1.065168144565667552e+00
1.078329540039292711e+00
1.072529315339981748e+00
1.064651729525720736e+00
1.064876187909590488e+00
1.062860977636083337e+00
1.063396029169439982e+00
1.072735800465260736e+00
1.064133322690680616e+00
1.063577399624248576e+00
1.076929284388036479e+00
1.067416957988502668e+00
1.062072229717403893e+00
1.060916444243198198e+00
1.064550239907851026e+00
1.064477638920663161e+00
1.066617140528728136e+00
1.062101421649887856e+00
1.064645877368042282e+00
1.081841758833912870e+00
1.063182244374375252e+00
1.068567589674422891e+00
1.063577024454177566e+00
1.064874516201860244e+00
1.067690552390406999e+00
1.063457807222214280e+00
1.331638317624458834e+00
1.070653717428075469e+00
1.061146012854642162e+00
1.060572058882021107e+00
1.060431902368397905e+00
1.069880125008674243e+00
1.061891336442006395e+00
1.060267942209423220e+00
1.091749725942631422e+00
1.075972506769580894e+00
1.079036648129350739e+00
1.061694455244901469e+00
1.064956554169759873e+00
1.068032266482614734e+00
1.060235530384547209e+00
1.060050674570070184e+00
1.061813662031035443e+00
1.098705864866905024e+00
1.074609224117805129e+00
1.087496267462393362e+00
1.061230468608676425e+00
1.060413829019231535e+00
1.063250296252991056e+00
1.064206036409389933e+00
1.063062520780636566e+00
1.124660233068676130e+00
1.071738461003876486e+00
1.076315074103570968e+00
1.061572970654181214e+00
1.061715501636507186e+00
