6.099604905970116286e-01
1.124971438420515835e+00
1.088770941972188711e+00
5.991288647479372509e-01
1.284267752329201429e+00
-4.723695698720975500e-02
7.729013839545206821e-01
-1.453292073896888192e+00
1.280839326659275468e+00
-8.166148905801453584e-01
1.622624762957194378e+00
1.622624762957194378e+00
1.622624762957194378e+00
1.284267752329201429e+00
-1.331945639273947934e+00
8.367160936279333106e-01
4.582646852597671572e-01
4.714003151110681689e-01
2.273480751413224255e+00
-5.938830035325584067e-01
1.498616039907238573e+00
1.354985563021496864e+00
-1.222078140921415867e+00
1.249153509699607145e+00
1.249153509699607145e+00
-6.142113966851916462e-01
-2.438762798290383671e-01
4.573192637772864888e-01
1.275623619783367246e+00
-9.355957770026830378e-01
2.784069135638433945e-01
2.914479302299621821e-01
2.331904535449500493e-01
6.476980353130494805e-01
3.941521374783353515e+00
9.098578922834166249e-02
2.002596397309066578e+00
3.034117483783549396e+00
-1.479484099390543372e+00
-1.142378420598186173e+00
2.038832027139233283e+00
1.736840496453772253e+00
2.774003390548915426e+00
1.880132826120588518e+00
1.929576470612229588e+00
2.099474536979034411e+00
2.639828122825411683e+00
2.949246242212809399e+00
5.471903337590805494e-01
5.734402706354747581e-01
9.112536994878032148e-01
1.653844012647676109e+00
-5.849809521482252084e-01
3.579389398266875411e+00
2.338452967451300157e+00
5.448085075070824290e-01
4.428588404508634335e-01
1.537053130925464917e+00
1.017458925030058303e+00
-5.183163217393818023e-01
1.567686099424175694e+00
7.890054114631476212e-01
6.120172131984471520e-01
1.460623418238063742e+00
-8.998966758897253282e-01
-8.998966758897253282e-01
-1.276268509005400453e-01
1.722496273103845343e+00
6.240077681929703246e-01
2.906165616909326399e-01
2.179751650083796122e+00
1.523455662736352245e+00
3.579389398266875411e+00
1.705504945410450945e+00
1.612613967145774430e+00
1.026510387883950770e+00
1.008214448218635706e+00
2.871834842787532427e+00
1.816423033872420767e+00
2.235550329623654520e+00
2.715434936303174673e+00
2.473729441465769341e+00
2.181532136738252081e+00
2.181532136738252081e+00
2.181532136738100647e+00
-1.765746792205520999e+00
-1.928745447412687497e-01
4.282697425447855366e+00
2.045317921387813431e+00
2.607401202974911847e+00
2.304226394658794419e+00
2.489698038569560623e+00
2.318477606760986021e+00
2.362853236351078134e+00
2.362853236351078134e+00
1.873971571588471718e+00
2.998489811191690002e+00
1.931408923366281005e+00
4.223744465748600074e-01
9.096327225244615899e-01
7.186587208148362826e-01
-2.981996323758440148e-02
2.914195869983532639e+00
3.053019049270785601e+00
1.200544947193305179e+00
8.384397207604596947e-01
2.821416610599182029e+00
1.968418753278570854e+00
3.779479265316956216e-01
-6.104639072236228703e-01
5.962741947979814938e-01
1.935214423569109332e+00
2.475431585446644434e+00
2.265981562311393027e+00
3.049636665876385599e+00
2.749047445836321657e+00
2.465959278233827767e+00
2.465959278233827767e+00
2.206817680121308189e+00
2.382002633887049914e+00
2.456987469700460558e+00
2.289459548264985322e+00
2.289459548264985322e+00
2.289459548264985322e+00
2.574259314348928740e+00
2.574259314348928740e+00
2.289335601493086791e+00
2.289335601493086791e+00
1.153960684673314807e+00
3.364693271040476219e+00
2.309130076520318653e+00
9.812891648801845834e-01
1.689449120868494081e+00
1.689449120868410370e+00
3.000678151110297343e+00
3.000678151110513170e+00
-3.452214818102823379e-01
7.433430720591477359e-01
8.271772598458437820e-02
5.999734228673022640e-01
-1.172486565346486653e-01
2.022013174402326197e+00
3.038852106632379702e+00
2.757893510159930006e+00
1.941053295407850321e+00
2.078163404608090126e+00
2.077919900328306646e-02
3.269275968334441895e+00
2.608743627039997737e+00
1.742269577420019644e+00
2.207115795980477024e+00
1.796332299714413328e+00
1.217142098531269534e+00
2.635484046099210609e+00
2.635484046099210609e+00
2.932120281910800763e+00
2.116111455729694057e+00
2.892675039775744139e+00
2.892675039775868484e+00
1.834433778560714767e+00
1.813282572613950538e+00
7.668064936756344707e-01
6.518141810099640221e-01
8.476830996892892323e-02
4.301031742823206994e-01
2.465543204410073574e+00
2.137117535810971969e+00
1.700004381884044236e+00
2.390532151032561448e+00
-2.018293250106655279e-01
7.865054554714311363e-01
2.944349133882884662e+00
3.880118303580076144e+00
1.200106915841574917e+00
-7.461718583195620091e-02
1.902285433350753507e+00
4.000315638184479106e+00
1.626042978200518352e+00
-2.211213767811914810e-01
-1.944909108877224124e-01
3.481272353438537692e+00
-7.929886322073145255e-01
1.023959767106389362e+00
-2.862524276567719461e-01
-1.534276288634375263e-01
1.449188230285501700e+00
-3.923961399679820605e-01
-3.923961399678617123e-01
1.876338249692725668e+00
1.876338249692725668e+00
1.876338249692725668e+00
2.033698998477782460e+00
2.033698998477782460e+00
1.301948044563249862e+00
2.003612062702545771e+00
2.525618928451779599e+00
6.518141810103045275e-01
6.995294631655650797e-01
2.646243501105191243e+00
3.941521374783353515e+00
-7.054746984584017166e-01
-6.753728622788262026e-01
1.205423290177386475e+00
8.578965906689399734e-01
1.159348902720819918e+00
2.986522696054661807e+00
1.695581378623584046e+00
2.262312213781481063e+00
2.262312213781481063e+00
2.262312213781481063e+00
1.478866137286059201e+00
1.746109961354087581e-01
-4.138337687420330369e-01
9.439381836250300140e-01
9.439381836254554514e-01
1.204775500529584820e+00
9.439381836254554514e-01
1.492762811539307233e+00
2.979788800605541965e+00
1.713527492474640646e+00
-6.706053837640262305e-01
1.543410696008314709e+00
3.353581803586497490e+00
-7.136343484921729985e-01
-1.340535477823285859e-01
3.108094440179584694e+00
2.545447495254873793e+00
2.253329803114734631e+00
4.715615627765227025e+00
1.356595712688001942e+00
1.681243571228689060e+00
1.681243571228718148e+00
2.925516001429403268e+00
2.013825850529824990e+00
2.054165787789954400e+00
-1.055720943728084560e-01
1.480412068920227142e+00
1.480412068920227142e+00
1.819461096883052242e+00
1.819461096883052242e+00
2.824834948895565745e+00
-1.589189350753683616e-01
9.822565485604772828e-01
4.248230408951292336e-01
1.667207360720910359e+00
1.837092733824793767e+00
-5.955716833211901484e-01
4.788097660632292252e-01
5.099612405010593985e-01
1.029943827170358706e+00
2.184352661993927303e+00
2.500017734347029119e+00
2.187691502115977737e+00
1.945916788904167749e+00
3.460402198874321655e+00
2.203741662199051543e+00
1.856628042574914206e+00
2.083353936258187655e+00
1.945916788904167749e+00
3.157378349938921858e+00
1.567432447834760323e+00
1.567432447834760323e+00
1.243540818768670508e+00
1.061653426109791853e+00
1.329046145171197901e+00
1.329046145171029369e+00
1.918316087915315604e+00
1.678022548623406607e+00
1.756953787077058848e+00
1.081731867062778241e+00
-8.876636366413721557e-01
5.042625925953923005e-01
6.376998910053189862e-01
1.881762757464840341e+00
-6.585086461331954855e-01
1.520221508549534750e+00
-2.813026499580517648e-01
1.293216848861114876e+00
1.637001306009697732e+00
2.149838149907915330e+00
2.522623172447564066e+00
2.522623172447564066e+00
1.070147892178875626e+00
-3.531053620207056376e-01
2.461520712119319665e+00
1.712219075042304972e-01
2.817825810527065933e+00
5.471903337590483529e-01
1.868891912864578897e+00
1.202855311524705817e+00
1.202855311524705817e+00
1.789737687569069813e+00
1.075481496921611546e+00
1.564538091574610101e+00
1.225074897900052084e+00
-3.953654634368022336e-01
1.592270985730644295e+00
-2.748067618071110552e-01
9.406346631474427067e-01
9.406346631474427067e-01
-4.405326811455125835e-01
9.884653202219305657e-01
9.243625226720600940e-01
2.365232352177485176e+00
1.049426754414118035e+00
1.049426754414118035e+00
1.765854443600506807e+00
1.409483362216657376e+00
1.409483362216657376e+00
2.003612062702545771e+00
1.840585005160555898e+00
2.706057971731775424e+00
2.177026120956874866e+00
2.145163062536652454e-01
9.733484418272778660e-01
1.354985563021496864e+00
1.443267135788743882e-01
3.884881197335266378e+00
2.099474536979034411e+00
1.852475150433047890e+00
-1.067275942025925906e+00
8.220848182665974058e-01
1.734138725710411277e+00
-7.095454276433048602e-01
5.396958060261209944e-01
2.544065825886282717e+00
2.544065825886279164e+00
2.639828122825462309e+00
8.171637451574838007e-01
1.550954469490628318e+00
4.304235891844309769e+00
1.502800625103941856e+00
-4.997681193963026125e-01
8.171637451574838007e-01
8.171637451574838007e-01
1.366414471369036487e+00
1.990049470916462004e+00
1.694659599489669821e+00
4.011453667720754623e+00
8.276910674484896369e-01
8.320854588984505362e-01
-1.055720943727291861e-01
2.559425662325953699e-01
-3.323629372300316298e-01
5.396958060261209944e-01
5.714762668633408538e-01
7.862322192319608494e-01
9.818176027385767668e-01
5.714762668633408538e-01
5.714762668633408538e-01
1.141880214056527842e+00
2.639828122825722545e+00
2.639828122825722545e+00
2.639828122825806478e+00
1.974770771134463754e+00
2.028443631580886031e+00
6.825999447249989638e-01
2.823051580211398459e+00
2.502381716300712267e+00
3.332817305446209577e+00
1.108186034842693513e+00
1.628705397476091665e+00
1.628705397476091665e+00
1.572925410669300694e+00
1.036830174668971427e+00
1.999523079272423898e+00
3.331805700835795747e+00
1.588660852984633998e+00
-9.248803572845025744e-01
1.523461359157801454e+00
1.454949162543503816e+00
2.701334350368061354e+00
1.396320775972836659e+00
3.480915477391076429e+00
1.654886986645834446e+00
1.933080515626175000e+00
2.576373414291381003e+00
1.969777060561991755e+00
2.815333115155452148e+00
4.403366638856369697e+00
-7.989526644984490389e-02
4.534178478003741297e+00
2.249799843023908341e+00
9.733484418272778660e-01
1.057712399282546567e+00
2.691915585765014995e+00
1.808066198149321346e+00
3.579389398266956235e+00
2.793569647832304881e+00
3.116305069834714114e+00
3.214205673561536081e+00
3.057853505697273988e+00
2.915742192242636754e+00
4.163832814940487737e+00
2.880541886491332804e+00
2.122313937596174593e+00
2.182143009272804690e+00
2.261147208298089240e+00
1.578605021721579016e+00
3.330208772817612406e+00
2.861778129535109905e+00
2.295414742176955958e+00
2.799081906896100591e+00
2.315333873187226388e+00
1.628106505872119358e+00
-3.590108921184520518e-02
-3.695327231862322037e-02
-2.990411082629373940e-01
-1.652448023814754530e+00
-3.517701434472055855e-01
2.591271102604363108e+00
-1.295265999075680963e-01
7.433430720591477359e-01
2.030969182236719739e+00
-6.226785224156385912e-01
2.914479302299621821e-01
4.253803583746380568e-01
7.631707933065913219e-01
-1.339686820428618308e-01
2.116732560401948238e-01
2.116732560398613128e-01
8.746762049675892436e-01
8.429794521552413933e-02
1.206968828448305109e+00
1.206968828448305109e+00
-2.370873955722907489e-01
-3.354774731094560813e-01
-4.279052845857345133e-02
1.846955192609381902e+00
1.977168845781185791e+00
7.884670401466620238e-01
-7.708532861664310065e-01
4.427647530059270586e+00
-2.619521198467777978e-02
1.657197800854982583e+00
7.698558832054666068e-01
-2.117025891393675696e-01
2.077281034731241594e+00
2.448845973177170343e+00
2.078579090763745363e+00
1.518490009930359541e+00
1.847114061479510072e+00
7.336913835532248296e-01
1.710092438461382924e+00
1.251858446339478181e+00
1.518342385989880805e+00
1.725959563962435661e+00
-9.405399179046309843e-01
3.222028904639986369e-01
2.224719679874032074e-02
-2.189869182457471197e-02
1.551358018406255646e+00
-3.420525838756303116e-01
-3.711575432396159169e-01
3.809750964414652330e+00
1.913545038375979113e+00
3.295702729780570106e+00
3.699220688171984683e+00
2.412457454115211952e+00
4.992273311489191734e+00
-3.470173075676983299e-01
2.322114691187808777e+00
3.374517678726324021e+00
2.243516913309595573e+00
2.560237002626558400e+00
2.579836390065931795e+00
1.591925687635516340e+00
1.978783012606971203e+00
2.611529283631587539e+00
1.638419659855224308e+00
2.403814036854160729e+00
1.106947298788675482e+00
-1.227731419816489256e+00
-6.479623174688182718e-01
1.407312951390805589e+00
3.297219507529526972e+00
-5.919274975601671596e-01
-4.845583361130227917e-01
3.090976614279721257e-01
1.517206928340532945e+00
1.516598640275937271e+00
1.142899822145169164e+00
4.553392831492809378e+00
2.557220427431398324e+00
-2.543049107584369750e-01
3.220756913262534216e+00
-6.118051980227481312e-01
1.007597216100184934e+00
2.106613345537525994e+00
-1.611240864955705510e+00
2.258174914061071181e+00
7.718749060020063668e-01
5.827002087928201401e-01
1.017458925030263472e+00
3.199776921948567221e-01
3.034117483783549396e+00
1.929303994366134978e+00
1.325214343673011275e+00
2.505389229505672333e-01
1.662400597193759211e+00
3.267471218560145552e+00
3.882649360073143541e+00
4.083440735097104479e+00
2.272759922816685041e+00
8.770902632665295018e-01
-1.038138824417747186e+00
7.133756852351398337e-01
1.314332968680140823e-01
-5.238703105096083057e-01
4.680548916422965222e-01
-9.764245031263307784e-01
2.597958722846768431e+00
7.186503259274126254e-01
1.209619266692894213e+00
-1.354149320017157931e+00
8.948689739666645382e-01
2.159430396610207747e+00
8.979485391379586900e-01
7.672431148511870136e-01
7.672431148514877730e-01
-9.800114707335680908e-01
7.890054114631476212e-01
2.560628175086659297e+00
1.894314944073056228e+00
1.271704699675779260e+00
-4.618451720823064655e-01
-1.859244238900239266e+00
2.515685728961914336e+00
3.871318114661655763e+00
1.199469502542487298e+00
1.857596467644267335e+00
8.187895702917108443e-01
8.187895702917108443e-01
3.763811135628909454e+00
6.791318515490658569e-01
4.588136868289052206e-01
3.022288383453847871e+00
-7.111462540601605209e-01
3.366371653867101799e+00
-1.269406921094308638e+00
3.655602567106611467e+00
4.708173879032045761e+00
-1.250512976627333739e-01
-3.300129816118226866e-01
1.053754720895363040e+00
1.823052344521972845e+00
-1.128198131257138748e-01
1.911766929450048558e+00
3.829019281928645491e+00
9.640136351030736961e-01
2.072219157420289726e+00
2.328359387018475335e+00
3.186048397369050988e+00
1.299947941673629259e+00
1.137081341719216265e+00
1.788270470035592474e+00
1.697880656007768163e+00
2.388974201602820369e+00
3.361832346297464635e+00
3.384893281558349010e+00
4.624636651593604597e+00
4.285636947215451187e+00
3.877239478689868513e+00
-2.521532895579898792e-01
4.607945409171726681e+00
3.649668497977712533e+00
4.842257257231797674e+00
-1.724749337450161901e+00
4.491836206270104270e+00
4.491836206270104270e+00
1.712869235837965354e+00
6.444201547743433345e-02
1.341016401931172997e+00
2.634029965048418465e+00
2.573731267381912602e+00
2.426275181171932083e+00
2.546912031917854424e+00
2.442289268692136694e+00
-4.841855331473481350e-01
1.796435228520971261e+00
4.451057165417049433e-03
1.758155015352044215e+00
1.126237507277691119e+00
2.145251216954802143e+00
2.226813712485094854e+00
6.618955322098316607e-01
2.814286868944946285e+00
3.525806165171242235e+00
1.081803167091833551e+00
9.619836062529103504e-01
7.904982516428171735e-02
7.705374089023853124e-02
2.531107423111246923e+00
2.303574908600102944e+00
-1.690505959053427043e+00
2.528603974291831591e+00
2.351658200196126369e+00
1.290177850714242291e+00
7.502438057432214702e-01
2.967794440064871253e+00
2.339385953410736185e+00
4.241693137580456963e+00
1.510251224491042654e+00
1.510251224491014232e+00
2.504113274207860229e+00
1.637249199870958849e+00
1.805829954371049872e+00
1.816735661800182644e+00
4.661252182920392784e+00
2.548699751091710652e+00
1.946344154564446871e+00
2.067927474169430901e+00
3.421557109978730971e+00
1.961171941227205950e+00
2.339191696788564645e+00
2.339191696788564645e+00
1.859111631613911575e+00
1.859111631613911575e+00
3.197936820431628746e+00
2.034197337580691212e+00
2.034197337580608611e+00
1.972739557333645699e+00
1.673202627606118487e+00
2.309130076520318653e+00
2.786273768321621880e+00
3.368127547393789278e+00
1.264021819534154600e+00
2.583130802085989330e+00
-5.603212923417812963e-01
2.398513861374961476e+00
1.363626068175804562e+00
5.014513604396494628e+00
2.744045299018060824e+00
3.874908359270215819e+00
3.361210601418273214e+00
3.931114482363134321e+00
3.651955828727325937e+00
2.558012563893170110e+00
2.108854796009232313e+00
2.772791797893511934e+00
-4.676658591099291939e-02
4.023591378159426135e+00
1.970524311797212436e+00
-2.493640215082706391e-01
1.231313640159467537e+00
4.997968478517221813e-01
1.049654052525986980e+00
8.427825909010991934e-01
3.636449442712068603e+00
-1.858510190913951199e-01
4.447147380078253498e+00
4.428454342627470730e+00
2.050606027600547776e+00
2.178821184497200747e+00
-3.224030187959092686e-01
2.584880213156373507e+00
1.196581995200445281e+00
9.840645023055962781e-01
4.141047878500357271e+00
1.251458857364845745e+00
5.852875648544256793e-01
1.914342929588073616e+00
1.914342929587918185e+00
-9.565612071589832954e-01
3.027442866862264381e+00
1.878192505087399100e+00
1.673958302475275328e+00
-1.640763831113227544e+00
2.089514221274130445e+00
2.972420752518891263e+00
2.780334799739504259e+00
2.876349631001008156e+00
3.019524140091784048e+00
3.019524140091784048e+00
4.157016943178359902e+00
6.085080377764203741e-01
2.996700664443403106e+00
2.802246932263920520e+00
3.686776647701305087e+00
1.919611227598601033e+00
3.769179215171156727e+00
4.296554580881291052e+00
2.635484046099210609e+00
2.108591270997814959e+00
2.158520028588573059e+00
2.158520028588573059e+00
4.065826273372988631e+00
4.065826273372988631e+00
1.363014828392456135e+00
2.488671163531876562e+00
2.892675039775868484e+00
1.813282572613950538e+00
1.394356253274944057e+00
3.702056471458460507e+00
3.307661934116733704e+00
2.922989476926616703e+00
4.131719447703429360e+00
1.398351522650963075e+00
1.398351522650963075e+00
1.398351522650963075e+00
3.012981882203976891e+00
3.012271529309524354e+00
-1.917646724807526848e-01
2.755170674393484287e+00
1.068208054516400329e+00
2.067506938872771372e+00
4.397844530113601103e+00
1.070177057943924259e+00
2.195515731181693297e+00
2.299287096987018941e+00
2.689865001170421710e-01
2.117341512970109196e+00
1.192607003522009546e+00
2.412804767368364800e+00
1.885208812613460072e+00
4.308287561032186908e+00
8.419336830003384398e-01
1.619962618731745296e+00
9.885441515665910339e-01
2.028842314558287896e-02
3.818714710996933270e+00
1.907682280864487767e+00
1.123258912460572967e+00
1.101448965830183369e+00
2.819605805404517884e+00
1.051726923560651006e+00
-1.025469424442749355e+00
-9.040658493756297265e-01
1.589210398627031839e+00
-4.383487613879899492e-02
-2.868871531054226764e-01
2.465756447804725582e-01
2.819709886241938079e+00
1.054412438800260698e+00
2.552988772894758895e+00
2.687119884133012615e+00
3.411814747338791420e+00
1.131885190789946760e+00
4.606586054381520690e+00
4.109925028501065114e+00
2.101952435802679098e+00
1.654657854141955875e+00
3.798513453579714039e+00
1.281227033888952205e+00
2.777271754360365108e+00
-6.665007052552243128e-01
3.090268431213247347e+00
1.675991310795627465e+00
1.675991310795923672e+00
1.980426994497544779e+00
1.485859950578680921e+00
1.485859950578680921e+00
1.485859950578680921e+00
4.483427302883340460e+00
-1.000874161476625890e-01
2.074588147187470533e+00
1.532275044418438981e+00
1.449188230285501700e+00
3.051888565481993609e+00
1.982615026511480805e+00
1.985856181973579826e-01
1.458445505797543396e+00
2.232897903289561725e+00
9.142733546697496827e-01
2.751266854091943159e+00
5.206621347304792202e+00
-6.464089958118315327e-01
2.258521842840135463e+00
2.230097555844102519e+00
1.695581378623584046e+00
1.695581378623584046e+00
4.110609977688626238e+00
-3.729966436513776351e-01
3.496362698362617039e+00
2.289327820340114172e+00
1.809924315551656893e+00
1.033816563413833656e+00
3.691806147375940039e-01
3.691806147375940039e-01
2.286153060119817670e+00
2.919242780707116403e+00
-5.967648016452400395e-01
5.282293201057263410e+00
3.013813256760592196e+00
1.145091253792378527e+00
1.145091253792378527e+00
1.145091253792409391e+00
1.145091253792409391e+00
1.145091253792378527e+00
2.380477061014109719e+00
2.380477061014109719e+00
7.155669346879017789e-01
1.018131798854417402e+00
2.892184516803183225e+00
1.364612455900316323e+00
1.364612455900364507e+00
1.364612455900317434e+00
2.159576347198293167e+00
3.353581803586301646e+00
-2.507779128568454752e-02
3.490985345135181106e+00
3.545105199358774328e+00
3.943529997201791204e+00
-6.871468684682915384e-01
2.697749091874238836e+00
2.697749091874046989e+00
2.584954297017074243e+00
1.282475326962180029e+00
1.282475326962525308e+00
1.282475326962180029e+00
1.282475326962180029e+00
1.282475326962180029e+00
1.655123957895484832e+00
3.170660836091244938e+00
3.490985345135181106e+00
8.705278216022964699e-01
-4.429023492137182938e-01
-1.586152786643682200e+00
4.578730676873186134e+00
4.578730676873146166e+00
2.905855206789571099e+00
5.296179793213695586e-01
3.064233417449711006e+00
3.459066276452426258e+00
5.164967065155566139e+00
4.365721046387957216e+00
2.615414055448167296e+00
3.260227727293853128e+00
2.681344225759448641e+00
3.205199603067185432e+00
1.891893654070892161e+00
3.304832358239503165e+00
3.906377391130900989e+00
2.905034595135764341e+00
3.408643098401159754e+00
2.884416066962177005e+00
1.662825527621371258e+00
1.969984268755376355e+00
8.213120698377776030e-01
2.272145843189196768e+00
4.657090891214577866e+00
3.205010441059478410e+00
3.503503474062521938e+00
4.168061604983695823e+00
4.754976828040173409e+00
8.761388667941187869e-01
1.682391209549335853e+00
2.737376979384984477e-01
2.224029977306829053e+00
3.150815418978603510e+00
3.136683693731060707e+00
4.196419385850862049e+00
-1.902208185685787534e-01
1.412085780981004346e+00
4.822876493680790411e+00
2.000317395481469696e+00
3.173104571894309167e+00
1.195806524760253176e+00
7.677272338344122149e-01
1.640104095012117735e+00
2.185896732099305240e+00
2.054165787790130704e+00
1.570229074276741743e+00
1.635703688011756363e+00
-5.237425582043204741e-01
1.444568871820489431e+00
1.698149007564833557e+00
2.173987839967962632e+00
1.268481000376457724e+00
3.859736391499762220e+00
2.200387851473095679e+00
6.685590365037349381e-01
1.982990051472151460e+00
1.837092733824598811e+00
1.837092733824793767e+00
4.725863408100537733e+00
-6.356363039062509213e-01
1.383478853455418767e+00
1.377785777235215559e+00
7.126607664179427370e-01
9.889173660546712874e-02
-7.180842925446573322e-01
2.276946284204941051e+00
3.856832142052375456e-01
-5.532997240390824523e-01
1.510373911125691748e+00
1.455599607141122576e+00
1.471806802384895807e+00
4.308917453772534323e+00
3.856804488302227440e+00
4.087156013319685144e+00
4.579111743685939651e+00
4.229131412556066394e+00
2.856870182233063105e+00
2.399484846629297063e+00
-7.765923256424047683e-01
4.471144313069975951e+00
1.710056763957893633e+00
2.077603318524944953e+00
1.756953787077322637e+00
1.847101959004283644e+00
2.133597617884894326e+00
4.293797401030140293e+00
-2.770745375863008508e-01
1.975555563286855776e+00
2.214471039613339798e+00
2.576834074249895412e+00
3.082635056538464369e+00
3.048872805519618812e+00
4.994957735194881510e-01
-2.376958147771577323e-01
2.322828447086660475e+00
1.982743716997456662e+00
6.487357937633924099e-01
-1.704066482829343476e+00
-6.624914228547325035e-01
-1.288272810119136080e+00
1.271430483312309789e+00
-4.369311725502751376e-01
8.408359179547790774e-01
-1.563168502828587991e+00
-1.666619498403487443e+00
-7.190769136052870270e-01
1.383435389281435501e-01
1.181984961775063958e+00
-3.209642559149119556e-01
1.177371556361341609e+00
1.177371556361560545e+00
1.177371556361540339e+00
-9.042160408136596939e-01
1.115174244359637967e+00
2.655200857099670131e+00
1.069608577506446334e+00
3.192605601695593265e+00
-5.935323599265565075e-01
5.198015744369204327e-01
1.789129972681198222e+00
-1.799539626012390814e+00
-9.133514457644718032e-01
-1.251048911385006512e-01
-1.462916385309007472e+00
1.047078392074259234e+00
1.047078392074236808e+00
1.351488659196414588e+00
1.351488659196414588e+00
1.351488659196414588e+00
2.657874561425189519e+00
2.728602117311575537e+00
2.132357113198300791e+00
3.103490464102804047e+00
1.317423199529193623e+00
1.241083557984901997e+00
-1.175316307787736436e+00
-7.559738080022526674e-03
1.188480385065388445e+00
2.266694130502506344e+00
1.760926494370214312e+00
-1.257830931660039342e+00
-1.593484422171840498e+00
-8.986795655505248615e-01
5.016289865554135474e-03
-6.101530451757593010e-01
6.502175335906866804e-01
1.762188425511248990e+00
1.828437261191997454e+00
2.277214394187788482e+00
2.552427287654337906e+00
6.481863773745256685e-01
1.733761784634457292e+00
1.295769362024136395e+00
2.184934232985312530e+00
2.100402742529048350e+00
2.416796378294342684e+00
2.300559315528034610e+00
2.179731436901183983e+00
-1.570830707240176149e-01
2.081319875264786567e+00
2.081319875264786567e+00
2.081319875264786567e+00
2.395858864733424021e+00
3.492697448159651330e+00
1.257793788814665303e+00
2.108430740133915737e+00
-8.223070443498146087e-01
2.911296232697138109e-01
-5.879455116971465944e-01
4.400227345937623546e+00
4.912553875719929408e+00
1.177839847002734031e+00
4.433582525298655597e+00
2.638697228658415384e+00
4.059232189636756694e-01
1.284729229341815770e+00
1.846955192609381902e+00
1.846955192609268881e+00
1.977168845781061446e+00
-2.113858290023635789e-01
4.274643116254637221e+00
2.957324149015248871e+00
3.046072952175273407e+00
2.164377488544217965e+00
4.171622265955345021e+00
6.144230614319012851e-02
6.597467972257020641e-02
3.223099552221940556e+00
2.244901081868509340e+00
3.056196971101028392e+00
-1.794091565122306609e-01
3.101813924803115796e+00
4.321076653708436410e+00
5.274558717680422504e+00
2.737880136863952707e+00
-2.419299377849035704e-01
2.066363540494949191e+00
2.018154501154369562e+00
2.822095730212343057e+00
6.596532052886303621e-01
2.133062522917292370e+00
6.676178699318225940e-01
6.676178699318225940e-01
1.916239857089845566e+00
1.632065916151792972e+00
1.632065916151792972e+00
2.986128205807802694e+00
1.755785456735982075e+00
2.141921811434816636e+00
3.585186935976254041e+00
1.206691448959322344e+00
1.206691448959322344e+00
1.206691448959338331e+00
1.370077217871848330e+00
1.687855347127194872e+00
1.687855347127051653e+00
1.769251045630478414e+00
3.041047064559265323e+00
3.650341378226786837e-01
1.668773395447060937e+00
2.713003117893057592e+00
9.884653202219305657e-01
1.436910837517402673e+00
1.436910837517402673e+00
1.436910837517402673e+00
8.029826504338146709e-01
6.731157433477709118e-01
1.578731144469330161e+00
9.898847063705548122e-01
9.898847063705548122e-01
1.049426754414208407e+00
1.891586956215195903e+00
2.209697232278806212e+00
2.195175401232003054e+00
2.817419476937632616e-02
3.233650545985761404e+00
1.071932423505152832e+00
1.852475150433065876e+00
1.852475150433047890e+00
1.852475150433047890e+00
1.852475150433065876e+00
1.637243628728511036e+00
1.637243628728440203e+00
2.738746039503274332e+00
2.420966783433206260e+00
1.334700016813496593e+00
1.720570660229590043e+00
-9.624739546059146722e-01
2.872712548261922016e-01
1.502800625103941856e+00
1.502800625103941856e+00
1.502800625103897447e+00
1.502800625103897447e+00
1.502800625103823950e+00
1.662376429938688505e+00
1.662376429938688505e+00
2.925701571634375497e+00
1.451030322906677217e+00
1.451030322906677217e+00
3.021766640734493414e-01
3.101889491303228219e+00
1.634340294100571134e+00
1.634340294100571134e+00
-1.028316870266055227e+00
-3.637038593474790638e-01
3.725084223843565745e+00
3.304292723737221493e+00
1.983161035032853903e+00
1.962137421750195454e+00
1.962137421750195454e+00
4.339160089810460974e-01
-1.873434354266108048e-01
1.142410867165825294e+00
-1.961928605973106698e-03
-4.080775864395418395e-01
7.862322192319608494e-01
9.818176027385767668e-01
1.596536925810555063e+00
-1.961928605973106698e-03
2.158977621068219221e+00
1.027499087477969031e+00
8.703804028707485818e-01
3.078955247262165074e+00
-1.248965466940740621e+00
6.500265151304781552e-01
-9.454698452600991398e-01
2.760605134490782930e+00
9.025557057269295580e-01
2.286814929867150514e+00
4.568484986466932796e+00
2.441419600955067715e+00
4.301872557985226830e-01
3.006339711552602267e+00
2.034762971161096168e+00
2.034762971161096168e+00
2.034762971161280465e+00
2.791353317583983973e+00
4.074319661671642834e+00
2.721599964913346881e+00
1.628106505872119358e+00
1.628106505872119358e+00
3.752520052652566385e+00
2.438769660304563214e+00
1.583995961246344564e+00
9.605217230944901319e-01
4.133249084248139305e+00
3.888567800714634259e+00
3.718948012811434722e+00
-4.904310893565344553e-01
-4.525329452335951075e-01
4.078816445411416858e+00
2.672622263024680755e+00
5.774157835358785240e-01
1.287158368553305454e+00
1.287158368553443788e+00
1.287158368553443788e+00
1.692963767255167395e+00
1.692963767255167395e+00
5.898397028660167241e-01
5.898397028658554087e-01
5.898397028658554087e-01
5.898397028658554087e-01
1.135433131102547843e+00
1.135433131102547843e+00
1.138593338683250522e+00
1.036830174669075122e+00
1.036830174669075122e+00
2.826928342701354069e+00
2.826928342701354069e+00
1.503376069488779221e+00
1.323349759306623241e+00
1.323349759306811757e+00
9.046292672793665446e-02
9.046292672753319941e-02
1.476363896112522944e+00
1.476363896112522944e+00
1.999523079272423898e+00
1.999523079272423898e+00
3.331805700835795747e+00
4.787822867770672453e+00
-3.637038593474790638e-01
4.790402332969375898e+00
3.204243669841614128e+00
2.877813907374070723e+00
1.535856911991043683e+00
1.070188478219209927e+00
7.862311939847859144e-01
1.503376069489070321e+00
4.836027225372876437e-01
-8.234608421687521496e-01
2.785042980868688289e+00
2.422237972367351055e+00
2.776043658697458394e+00
1.266333657187001194e+00
1.266333657186982320e+00
1.614376164780592315e+00
1.614376164780742418e+00
1.614376164780592315e+00
1.585504548167501859e+00
1.585504548167501859e+00
3.419947858836390964e+00
3.419947858836548171e+00
1.826635885576137097e+00
1.826635885576065377e+00
1.151034023067049716e+00
2.909437122125655417e+00
3.731337371985046225e+00
1.714369820123554655e+00
1.714369820123554655e+00
1.841196261530332778e+00
3.920723587231472962e+00
1.138099100751207793e+00
-5.695472916244030959e-01
2.024689375954759285e+00
2.595700269666480597e+00
4.657206398405135950e+00
2.560913999897471705e-01
8.211329608010655701e-01
-4.002362556726366538e-01
-1.639294000698097387e+00
2.147945092295109326e+00
2.147945092294768266e+00
2.147945092295109326e+00
1.904506950278285871e+00
1.075794654166049025e+00
2.328921965544106687e+00
-1.224329461274612951e+00
1.281630377124387099e+00
3.615440902939120349e+00
3.371366854914124023e+00
2.282832158190458038e+00
1.784484186853683152e+00
8.813594538278728407e-01
-2.113858290023635789e-01
3.069258880737333328e+00
3.785325104538467933e+00
3.644063424969564480e+00
2.694327036368602712e+00
2.023286003069604266e+00
2.887369162744264806e+00
1.482342946611219014e+00
2.443295342997782171e+00
-1.193458413749432401e+00
-1.455166114380111120e+00
-1.497937774958056467e+00
-1.689262575540561029e+00
2.029411992629940542e+00
2.614328067299442004e+00
1.811630836024094915e+00
1.505957299244475189e+00
1.592971377807842037e+00
3.655377883552612062e+00
5.024029832750303015e+00
3.090930088717983359e+00
-1.698109007042915897e+00
-1.316027714115829861e+00
3.819979951152542519e+00
4.146330355463043738e+00
4.010732785198471539e+00
4.695508602710810386e+00
4.874331410816193255e+00
1.211369607331102438e+00
3.025658576196667671e+00
3.763811135628909454e+00
2.793569647832325309e+00
2.793569647832304881e+00
2.086749602716711394e+00
2.458168810338086985e+00
4.863084275086827724e+00
4.058312471315238312e+00
8.490600442702007644e-01
3.756493474163272950e+00
3.116305069834714114e+00
4.420577530862024318e+00
3.028159612142461654e+00
4.353841552314716701e-01
3.207300832557675729e-01
-1.992607150063545607e-01
1.218127468420839854e+00
3.162706245328080978e+00
2.421632454648933397e+00
2.927426841270101221e+00
3.456474207315605618e+00
3.303627269321684601e+00
2.463270897631632206e+00
4.075959655392944470e-01
1.151916517994102218e+00
4.697590267669640163e-01
4.697590267668545483e-01
1.411113922351689975e+00
4.811994346501935471e-01
4.084045331816027691e+00
1.357937605758202881e+00
8.848255322718980853e-01
2.204370546349661453e+00
4.761844439331633261e+00
9.414864581575921321e-01
3.829186563558114820e+00
7.178175865883653639e-01
1.280718525129303620e+00
2.090039450555119416e+00
2.241186114605489887e+00
-7.209704149250424354e-01
-2.082820639344704627e-01
-2.789959021324477373e-01
-3.981909361411013482e-01
1.425351851966892180e+00
4.706882216230682481e+00
2.450932560024148277e+00
1.569313500285250074e+00
4.044166062085403190e+00
4.343433285941992850e+00
2.818909188965650792e+00
1.756379327695151593e+00
2.526771549455417265e+00
2.669643384429960520e+00
-1.596011260948108967e+00
3.430089137068242700e+00
2.402882912719458641e+00
2.273541198116644679e+00
4.428060064285212150e+00
2.847429697059427500e+00
1.869345245706082181e+00
-2.717900044527739034e-01
3.365900140097228821e+00
3.194911832856672795e-02
-9.455922269838474836e-01
-5.183689209786579433e-02
-6.424070596839153158e-01
-6.656503695814681709e-01
-2.463175569196816017e-01
4.362932686187269482e+00
4.253803583743569483e-01
-2.388037100780702193e-01
-2.388037100780702193e-01
-2.388037100780702193e-01
5.186358399038255573e-01
5.186358399038255573e-01
5.186358399039153744e-01
-1.339686820428618308e-01
-1.339686820428618308e-01
-1.339686820427743452e-01
3.024486090671811844e-01
3.024486090675919669e-01
3.024486090671811844e-01
3.024486090671811844e-01
3.024486090675919669e-01
3.024486090671811844e-01
2.857372744904909112e-01
2.513071809030862358e-01
5.710287991108439209e-01
-1.984810522683622125e-03
2.334788433529536800e+00
-1.641144895096617873e-01
-2.370873955722907489e-01
-7.920672256833551916e-01
4.313938231690137570e-01
4.313938231690137570e-01
-9.560587440197887421e-01
3.416055813185991497e+00
1.846955192609381902e+00
1.846955192609381902e+00
1.846955192609381902e+00
1.846955192609183172e+00
1.846955192609029739e+00
1.953647705960492864e+00
1.953647705960193992e+00
1.539982271729186891e+00
1.977168845781061446e+00
1.539982271729091190e+00
1.977168845781061446e+00
1.977168845781061446e+00
4.339997130824628790e+00
1.460323937206850831e+00
1.702928243193439162e+00
3.528822206430621833e+00
1.525034280024373912e+00
4.613941622268082909e+00
4.346181254180757847e+00
1.126237507277691119e+00
1.173477471696873886e+00
2.654712378336475886e+00
1.867631089237821396e+00
2.404157260513720917e+00
2.528075140345872107e+00
2.979674039057409018e+00
4.427647530059270586e+00
3.132039682808701819e+00
4.356078280804693392e+00
2.865637934920022722e+00
-1.662094173716379464e+00
-1.123620701575509528e-01
3.140923617063477558e+00
3.951317474913597749e+00
3.671998096664024658e+00
3.288193638225644477e+00
2.127726412339003392e+00
-1.355105561649827317e+00
-1.045510288946352118e+00
4.775304325118586712e-01
-5.681969862420170880e-01
-4.099864033333757707e-01
4.272089631026724454e+00
-7.825832424741048232e-01
2.435326719952163543e+00
3.168426073452779157e+00
-5.251826186412114073e-01
1.490886505702212705e+00
-4.176943735796323498e-01
4.836568705315896999e+00
-1.520332950697108165e+00
-1.382612966097499951e+00
-8.206120540260333218e-01
-1.142021729589577150e+00
2.174127696232152740e+00
5.079599836285114911e+00
1.287179531839018010e+00
3.440135486073513160e+00
2.098034430545645534e+00
2.786403567372405021e+00
1.948042624830504943e+00
2.322114691188174707e+00
2.322114691187842972e+00
2.598817956788590067e+00
4.396861995169743409e+00
4.361206909166385870e+00
-4.778680708212883488e-01
3.098846736220971287e+00
1.290205099860790572e+00
1.369269578200178916e+00
1.375458902241007308e+00
3.241793353759304885e+00
-8.916212807432779552e-01
1.164450061579739071e+00
9.567758726483812648e-01
1.252062756798137055e+00
2.642639683088584768e+00
-9.177282812393181555e-01
1.303246164092420667e+00
2.733089881793890896e+00
5.204649716858258834e+00
4.840024710472246916e+00
2.771073646867789009e+00
-9.416798895362223920e-01
3.149006888913647551e+00
1.700055467540594112e+00
2.918884343600326225e+00
2.660834498230687295e+00
-3.208075184811267633e-01
9.506294811675370937e-01
-1.025469424443016253e+00
-1.255073079423588700e+00
1.638470862857714927e-01
-3.424773139969523594e-01
4.194273627104651680e+00
1.895639057929186411e+00
2.293431537867048231e+00
2.293431537867048231e+00
3.872071062832895372e+00
2.034504170130679412e+00
-1.646866009309754242e+00
1.108186034842845169e+00
1.389682106325662803e+00
1.008214448218563319e+00
1.411113922351866723e+00
1.887261423571576557e+00
1.945781355103332277e+00
3.002800651109267527e+00
3.195061729529156125e-01
-6.635611286244633700e-01
-6.817408971364191661e-01
2.050718552402908124e-01
-1.617007649596822194e-01
8.081386762243868427e-01
1.424848535746657818e+00
2.661155696572138574e+00
1.597165193185349219e+00
1.545995818584701365e+00
1.698096750340062799e+00
1.282554103271071222e+00
6.816952202858010956e-01
8.081386762244022748e-01
1.270749363743015614e-01
-5.128324690817296361e-01
1.540511444807930008e+00
1.698096750340062799e+00
1.282554103271071222e+00
7.713976204535460957e-01
4.715582325227514193e-01
1.268481000376457724e+00
1.954199893231158836e+00
1.266756912193593987e+00
1.191798494788371965e-01
1.635703688011752810e+00
-4.845326331564587807e-01
4.768360281195477279e-01
4.077949499255992816e-01
-4.591674833834047398e-01
1.695315827118782703e+00
1.954199893231158836e+00
1.954199893231158836e+00
1.055475120143283929e+00
1.865637499767810681e+00
2.160662752226099048e-01
4.768360281195477279e-01
-5.674828735050401196e-01
4.077949499255992816e-01
3.051888565481993609e+00
2.446366328044895511e+00
1.419940580169410493e+00
1.826115390466825694e+00
1.215904018322650382e+00
1.919783722036625839e+00
1.075481496921611546e+00
9.895847511765190063e-01
1.894314944073056228e+00
-3.923961399679820605e-01
2.713003117893057592e+00
2.225832106958984369e+00
1.791836558332266183e+00
2.597683381252148926e+00
1.476348708321618464e+00
1.112214671901688767e+00
2.120752565281782243e+00
1.222165726094359695e+00
1.222165726094359695e+00
2.242435847018591222e+00
1.327606024657943751e+00
1.822991259188724733e+00
2.194705943100283996e+00
2.147808256827375750e+00
1.554972687583040081e+00
4.816402309542615612e-01
1.979645266263712511e+00
1.969184185322909952e+00
6.816952202858010956e-01
9.149362025990241953e-01
1.791836558332266183e+00
1.943938027128494284e+00
1.599743578933182642e+00
3.408980169933030435e+00
1.476348708321618464e+00
2.081874273377439799e+00
2.128773447162428667e-01
1.501805729073462770e+00
1.695315827118782703e+00
6.244141270697000090e-01
3.034117483783374425e+00
7.668064936756344707e-01
1.561142820567112510e+00
3.725119903621387785e-01
2.235576601664567953e+00
3.771261239701635404e-01
1.327606024657943751e+00
1.973295006304867538e+00
6.091438838077853912e-01
3.427227112519297680e-01
1.417724303676458630e+00
-1.017272058128248835e+00
-7.929886322073145255e-01
4.197481346773046518e-02
4.197481346773046518e-02
6.240077681929703246e-01
-3.300129816117753911e-01
-5.463077802048146303e-01
-1.858510190913758020e-01
-1.364320089939991876e+00
5.713810982836758923e-01
-9.372579606151949516e-01
-1.382612966097499951e+00
6.240077681929703246e-01
2.906165616909472948e-01
4.659857672189057221e-01
7.009895924512417054e-01
2.545907885861427022e-01
3.417163493151853526e-01
6.164806482510784003e-01
3.446358498110830837e-01
-3.910994851637676906e-01
1.266756912193593987e+00
-9.355957770028766607e-01
6.240077681928913877e-01
-5.448546058353691546e-01
1.914342929588136677e+00
1.908950164971198848e+00
2.034762971161280465e+00
2.034762971161280465e+00
-2.635716539284931326e-01
9.072087723891342215e-02
6.376998910054436642e-01
2.034762971161280465e+00
1.209387861362602790e+00
2.166510593234987070e+00
2.704142473005950897e+00
1.980426994497594739e+00
1.736960594904258581e+00
-8.998966758897253282e-01
2.056870656184178081e+00
2.258174914060875338e+00
-6.666498517003605073e-02
2.101777270949822807e-02
7.223726879634161380e-01
7.735123361902149774e-01
6.006560645997209846e-01
2.344761003722255488e-01
-1.018643312334650330e+00
7.113373729893118780e-01
4.734340799006809819e-01
-6.663927426421596412e-01
-2.368856945789676871e-01
2.357489327341781848e-01
7.633181747490870306e-01
1.096508847278868881e+00
1.456275595911710630e+00
-4.048531637211305600e-02
9.170536535852817916e-01
6.728343608512563634e-01
3.227151450897691731e-01
4.903987581003842466e-01
1.053754720895124120e+00
1.053754720895124120e+00
6.481863773744087620e-01
-1.099434270446799644e-01
-6.709425149349759199e-01
-2.667393007319525111e-01
-1.600410481916726413e+00
1.846955192609268881e+00
2.738094478634807150e-01
3.071292818347348685e-02
-2.763184293041225370e-01
-6.620450617590736275e-01
-1.356657479038587022e+00
-1.092889633945799410e-01
-6.252122996873055172e-02
-3.840647211525931581e-01
1.105396914870992342e+00
-1.288721583033284768e+00
1.149650539297709217e+00
4.077949499261179778e-01
-2.275556347029299431e-01
-1.821458220228833191e-01
2.502381716300731807e+00
-7.054151700498574318e-01
-3.458170515534206846e-01
2.774925159153219578e+00
1.687745364937530246e+00
-1.171506303693103712e+00
-3.451218080985418712e-01
1.539982271729279040e+00
2.461520712119319665e+00
-1.134093898486570717e+00
-1.479484099390703244e+00
2.393222633807436939e-01
1.406604623733361148e+00
1.485859950578680921e+00
4.851905351773123654e-01
1.541256446174194883e+00
1.436910837517402673e+00
1.550954469490784637e+00
1.844793630182575139e-01
1.064219697450392577e-01
2.322114691188143620e+00
1.540483862331060605e+00
1.043197409269456255e-01
-3.470173075676983299e-01
2.128773447163760935e-01
9.405102391882251833e-01
2.702095706004177700e+00
3.557211130160506940e-01
5.043054726645861408e-01
1.785733328533093189e+00
1.432712068470935352e+00
1.094718676991733197e+00
1.879463237422740018e+00
2.180596482683490489e+00
7.149584345904361760e-01
6.085080377763978365e-01
-1.434846609036335430e-01
-1.550704628183208200e-02
1.012450152986041685e+00
3.911630850936154147e-03
5.713810982834393037e-01
1.108480039411144702e+00
1.926087436103467443e-01
6.364256309940341527e-01
3.446358498110626556e-01
1.268481000376457724e+00
4.578167873260280629e+00
2.145163062536652454e-01
-6.634018325953161543e-02
2.420966783433206260e+00
-5.651961890925754073e-01
6.267496795947380406e-01
1.473416248448840005e+00
1.732486024927847312e+00
1.987401278557115347e+00
2.907389892442600043e+00
4.063394636458959930e+00
3.295702729780570106e+00
4.063394636459050524e+00
1.049426754414208407e+00
2.635484046099070277e+00
1.108428297702826582e+00
1.266756912193593987e+00
2.034762971161280465e+00
1.876338249692725668e+00
2.243516913309595573e+00
3.809750964414652330e+00
2.243516913309595573e+00
2.191821874370334378e-01
6.676178699318225940e-01
2.914890696697445271e-01
2.034557368231058039e-01
2.635484046099070277e+00
1.534310896106211297e+00
1.876338249692725668e+00
3.490985345135311668e+00
-1.339686820427290481e-01
2.635484046099070277e+00
-2.270129353861218835e-01
1.281227033889032363e+00
-1.664096793254904449e+00
1.876338249692725668e+00
2.635484046099070277e+00
2.108591270997814959e+00
2.465543204410073574e+00
3.755486762171751813e+00
2.289327820340114172e+00
2.439833564301975954e+00
2.806657289227838081e+00
-6.195919683977402226e-01
-1.339686820427483660e-01
1.876338249692725668e+00
1.634782320634591279e+00
8.476830996919093586e-02
-2.569941368518386948e-01
-5.687702271992882697e-01
-7.618523912062455938e-01
-5.183163217393818023e-01
-4.151118680283896190e-01
3.034669950404147443e-01
-9.983679397284042079e-01
-7.782526734910153454e-01
-1.354149320017176583e+00
-5.183163217393818023e-01
2.517322829068544543e+00
7.672431148515778121e-01
3.691806147375940039e-01
9.146967266617804793e-01
1.646076301743861992e+00
-3.391922939525848779e-01
1.209619266692871786e+00
5.898397028659797536e-01
7.672431148515671540e-01
-8.116055229395573445e-01
-3.470963406428204667e-01
1.263927726427596099e+00
2.193032260748547291e+00
2.258174914060875338e+00
1.460623418237912086e+00
2.970431405039831496e+00
3.763811135628604809e+00
-2.226349920883152755e-02
4.916794878048154072e-01
1.537053130925464917e+00
8.187895702917108443e-01
9.884653202219305657e-01
1.017458925030263472e+00
1.911766929450048558e+00
-3.224030187959092686e-01
7.614993889722850851e-01
8.142061934205546692e-02
-2.113858290023635789e-01
7.890054114634801330e-01
-8.998966758897772866e-01
-2.370873955722907489e-01
4.253803583746380568e-01
-2.370873955722907489e-01
1.846955192609268881e+00
9.910375138479541324e-01
1.454601217085070397e+00
9.339800134470284121e-01
1.026510387884045139e+00
2.045317921387698412e+00
-7.089840758125243170e-02
-1.753675485679971446e+00
2.289459548264985322e+00
9.560532237141252665e-01
3.729766399783396302e+00
3.729766399783178699e+00
1.884288117303474230e-01
-1.384404134113723650e-01
2.289459548265520006e+00
1.479247853191770767e+00
-5.344888582982911807e-01
1.889667041182187202e+00
1.935214423569109332e+00
1.457639121490367895e+00
-1.351169316208733484e-02
9.547465204818531559e-01
-9.905110804813577197e-02
5.383603376333455648e-01
1.505762456388822113e+00
1.719668623024532828e-01
-8.220664305641991465e-01
1.681243571228689060e+00
1.195806524760580913e+00
-1.070615734370945482e-01
1.734138725710411277e+00
1.819461096883052242e+00
6.117162412741116162e-01
4.734340799006927503e-01
-7.765923256424487331e-01
1.619559026515462463e+00
7.646351299158951065e-01
4.734340799006927503e-01
-2.249617564213475251e-01
1.760814847864198285e-01
6.304566280711152437e-01
8.566774601993758509e-01
-7.176907627787887378e-03
9.268844922973672462e-01
1.270749363743015614e-01
4.903987581003842466e-01
1.417724303676458630e+00
1.089115659764206212e+00
-1.280579296553706614e+00
2.081319875264786567e+00
3.071292818317616913e-02
2.064225517422408451e+00
2.021862264818961918e+00
-2.763184293041225370e-01
3.071292818347348685e-02
7.251852615435727678e-02
1.592270985730644295e+00
-4.857978507780482680e-01
1.461444398332460981e+00
-3.595389997077629296e-01
1.049426754414208407e+00
1.049426754414208407e+00
-1.873434354266108048e-01
1.443267135788743882e-01
2.289459548264985322e+00
9.553496068781442974e-01
2.289459548264985322e+00
1.502800625103823950e+00
1.801935329710673273e-01
9.818176027385767668e-01
1.268481000376457724e+00
1.498616039906879305e+00
1.409483362216657376e+00
8.225742286078843168e-01
-1.203318038426477443e-01
2.502381716300731807e+00
5.774157835354479795e-01
1.108186034842845169e+00
3.419947858836343002e+00
1.502800625103823950e+00
-1.560183398659761744e+00
-3.458170515534206846e-01
9.733484418272778660e-01
1.308519055468737591e-01
1.084674557045370857e+00
4.697590267668663166e-01
2.116732560398613128e-01
4.740921326255831403e-02
-5.416645316747281669e-01
-6.226785224156385912e-01
-3.433944327870290802e-01
-4.400203982692547644e-01
4.775304325117604165e-01
6.211297400380337841e-01
1.417441922744316907e+00
9.898847063705548122e-01
2.393222633808196331e-01
3.987240936186597473e+00
2.259794389881700560e+00
1.853985006757479459e+00
1.849216118667400988e+00
1.449188230285501700e+00
1.848781276093679482e+00
2.007940909279799957e+00
-1.093065173459841777e-01
1.033816563413833656e+00
2.322114691188143620e+00
2.634580708073253952e+00
2.346637654413431751e+00
1.503595055563085925e+00
2.004398243231980459e+00
6.839061995801788418e-01
1.564578464909341937e+00
2.680830407008501837e+00
2.280382571072482989e+00
4.065826273372988631e+00
8.102602267625639287e-01
6.364256309940341527e-01
1.266756912193593987e+00
1.268481000376457724e+00
5.016289865554135474e-03
-8.372766596075569279e-01
2.914890696697445271e-01
1.049426754414208407e+00
2.635484046099070277e+00
-1.339686820427290481e-01
1.876338249692725668e+00
2.914890696697445271e-01
1.049426754414208407e+00
3.019524140092032738e+00
2.635484046099070277e+00
1.145091253792273500e+00
7.155669346879776072e-01
1.876338249692725668e+00
8.502065927529928180e-01
-3.515908179853635129e-01
6.077925027913406719e-01
-8.982350837317094605e-01
1.168919588368467544e+00
-3.404374734316153450e-01
-2.226349920876713462e-02
1.537053130925464917e+00
8.187895702917108443e-01
1.480412068920227142e+00
1.017458925030263472e+00
1.108186034842845169e+00
1.209619266692871786e+00
7.890054114634801330e-01
4.253803583746380568e-01
2.045317921387698412e+00
1.399965033992653929e+00
1.053918987934242102e+00
2.105534140459336179e+00
1.961171941227205950e+00
2.309130076520348407e+00
1.457639121490457823e+00
1.935214423569109332e+00
2.289459548264985322e+00
3.214004541157404748e-01
3.076267196307294061e-01
9.268844922972930833e-01
1.098563291204501802e+00
3.245607840788979903e-01
9.288918418325893267e-01
1.287565401275179156e-01
-9.337352101315337105e-01
1.417724303676458630e+00
3.272735602548243694e+00
-4.635909889620373203e-01
4.680548916423824535e-01
1.383435389280260885e-01
1.202855311524705817e+00
7.862322192319608494e-01
2.318477606760986021e+00
5.375305762869720949e-01
1.498616039907238573e+00
9.898847063705548122e-01
1.409483362216657376e+00
2.145163062536652454e-01
1.266756912193593987e+00
3.260392831030989313e+00
1.500312415420385515e+00
6.144230614319012851e-02
1.502800625103823950e+00
5.774157835354479795e-01
5.898397028659797536e-01
1.502800625103823950e+00
1.655959695469298776e+00
9.733484418272778660e-01
2.494361825313548664e+00
1.580373706590007199e+00
5.186358399039153744e-01
2.116732560401948238e-01
1.846955192609268881e+00
3.170660836091065526e+00
-8.365312009403200744e-01
7.133756852352579614e-01
1.271704699675907602e+00
2.116732560398613128e-01
1.809351386885054591e+00
1.227576970394144151e+00
1.555735207867994907e+00
2.028443631580886031e+00
1.844793630182575139e-01
2.304457852080609825e+00
1.695315827118782703e+00
1.540511444808185804e+00
1.222165726094245786e+00
1.224163462947093661e+00
1.556735109949276774e+00
1.554972687583043411e+00
1.326690791507026290e+00
8.102602267624248178e-01
2.608743627039852520e+00
-2.868871531054226764e-01
3.062356572832185986e+00
-5.473621976427736069e-01
-6.771583658723503429e-01
1.578731144469330161e+00
1.407312951390743860e+00
-9.841249117627801635e-01
1.209619266692871786e+00
7.672431148515671540e-01
2.597639636321889434e+00
8.979485391379077308e-01
5.260483429887963247e-01
1.460623418237912086e+00
-2.226349920931847137e-02
7.718749060016003583e-01
1.293474693086289706e+00
1.537053130925464917e+00
8.187895702917108443e-01
1.263927726427596099e+00
8.142061934205546692e-02
7.890054114634801330e-01
-1.099434270446799644e-01
-2.314293020921034394e-01
-2.370873955722907489e-01
1.846955192609268881e+00
4.680548916423252770e-01
2.469631352296064009e+00
2.045317921387698412e+00
2.489698038569560623e+00
2.379731770254007284e+00
2.713766707159103397e+00
2.456987469700460558e+00
1.510251224490902766e+00
-7.396148976949823428e-02
1.961171941227205950e+00
1.859111631613911575e+00
1.935214423569109332e+00
1.457639121490367895e+00
1.505762456388914261e+00
1.017458925030263472e+00
1.485859950578680921e+00
1.235880268343199528e+00
1.681243571228689060e+00
1.819461096883052242e+00
4.753100809785975045e-01
1.710056763957893633e+00
1.322719357299209086e+00
1.814358105422096523e+00
4.734340799005466449e-01
1.566354759825888676e+00
8.566774601993758509e-01
7.633181747490870306e-01
9.288918418322457127e-01
1.351488659196414588e+00
2.081319875264786567e+00
3.667122524891047952e+00
1.592270985730614985e+00
1.687855347127051653e+00
1.075481496921611546e+00
4.735294373580365423e+00
1.049426754414208407e+00
7.862322192319608494e-01
-1.961928606264207176e-03
8.703804028707485818e-01
1.990049470916462004e+00
1.436910837517402673e+00
1.498616039907238573e+00
9.898847063705548122e-01
1.488979790831385319e+00
1.409483362216657376e+00
-3.470963406428828613e-01
1.268481000376457724e+00
-9.477278716375858725e-01
-5.777263193824710985e-01
1.962901689479548795e+00
1.502800625103823950e+00
1.614376164780592315e+00
5.774157835354479795e-01
3.490985345135181106e+00
4.806300206021434818e+00
3.419947858836343002e+00
-4.209844595482372664e-01
2.273240823940314570e+00
-2.370873955722907489e-01
4.253803583746380568e-01
-2.388037100778586108e-01
2.661675020869104458e+00
1.895639057929237037e+00
1.844793630182575139e-01
1.695315827118359042e+00
2.197412801933265492e+00
1.322598901696500739e+00
-1.357659343578102584e+00
4.680548916423252770e-01
-1.288721583033284768e+00
6.513419292131553684e-01
-2.382465909436299878e-01
-2.098053127113803651e-01
1.264021819534154600e+00
2.289459548264985322e+00
1.377785777235215559e+00
9.308980731708594858e-01
1.771948219616581666e+00
1.182025820312950781e-01
1.846955192609268881e+00
2.872712548261922016e-01
2.560913999897074245e-01
3.694817460785686514e-01
1.502800625103823950e+00
1.846955192609268881e+00
1.314332968682019320e-01
-4.124347768529119662e-01
7.862322192319608494e-01
-2.262602689903236985e-02
4.862801991774691857e+00
-4.038507523364747165e-01
8.627641420656917415e-01
-7.981218385825454842e-01
1.911766929450048558e+00
7.862322192319608494e-01
-1.961928605973106698e-03
-1.961928606264207176e-03
1.846955192609268881e+00
-3.433944327868940771e-01
2.159430396609971492e+00
1.846955192609268881e+00
3.572730634284326356e+00
-3.769938196570439271e-01
-7.321914966027442961e-01
-4.371584654288407368e-01
1.698149007564833557e+00
-5.357274913028253760e-01
3.220756913262534216e+00
7.388590454169986499e-01
3.878555518039903394e-01
1.175642179694768252e+00
-4.501419534656416754e-01
3.035583118591176799e+00
5.960434975637234345e-01
-7.829638232264970465e-01
2.106613345537525994e+00
-7.320331486607112303e-02
-7.054113941041049163e-01
-7.609220098850910663e-01
2.554466872110352504e-01
-1.355105561649827317e+00
-2.151900484490698595e-01
-8.206120540263326379e-01
1.124971438420558467e+00
3.796604012334450218e+00
-1.218018204331595689e+00
-3.230298140144751695e-01
4.588136868289052206e-01
1.971759450616006770e+00
2.096098878099054375e+00
-3.133713676699090289e-01
5.257169970309768514e-01
4.460261069432218672e-01
1.838332211239206426e+00
1.618914244209508135e+00
2.490992882463639368e+00
1.480412068920227142e+00
7.178175865877897133e-01
5.854763330176978586e-01
4.916794878044818962e-01
7.098898511754615503e-01
1.460623418237912086e+00
1.720570660229590043e+00
1.731110095281330974e+00
9.310011841331572446e-01
1.684268143389664463e-01
-2.221219938754661616e-01
-1.165280285078995837e+00
4.471140929935152997e+00
2.241011022757637861e+00
4.642415198695074352e+00
3.288193638225644477e+00
-1.666619498403893784e+00
-4.769603608331356437e-01
3.686776647701017318e+00
2.728518510449284840e-02
-2.229138028803168137e-01
2.463270897631632206e+00
2.637579701210839289e+00
3.779479265316956216e-01
3.546818158844160962e+00
4.580692458004028689e-01
1.124731985545832647e-01
2.531107423111246923e+00
1.815153681407842390e+00
2.316691229595412960e+00
4.845399590527672551e-01
2.277921565298035578e-01
4.822236333188612001e+00
3.368127547393789278e+00
1.142981295382814455e+00
1.814145986452466053e+00
-1.873434354266108048e-01
5.874784365010747855e-01
-1.265443338792565209e+00
-8.094450335941105745e-01
1.970524311797212436e+00
3.691806147375940039e-01
-3.420177676906923647e-01
3.640533457177506094e-01
1.466338667357318659e+00
1.149650539297709217e+00
2.078163404608077247e+00
7.133667834792991602e-01
2.077919900336522296e-02
-3.496616149293803044e-01
-1.580335548110319843e+00
3.956706985880751315e-01
-5.082537326123557353e-01
-8.116055229401004656e-01
-7.085291080183175882e-01
4.845036909879417486e+00
3.809483825001366064e+00
1.578605021722095492e+00
-5.849809521482252084e-01
4.110305986516002985e-01
1.025702663123136960e+00
1.394213831240094903e+00
3.361408012021651182e+00
8.324643324395847310e-01
-1.453292073896888192e+00
-1.801969166389534305e-01
1.699758506467124564e+00
6.981945676625953556e-01
6.211437737389939873e-01
2.577187990648797111e+00
1.700004381884044236e+00
4.301031742827348126e-01
3.688971937304055260e-01
-7.583481347764011726e-01
2.529756387641370008e+00
5.508405036859911341e-01
1.763381360859199720e+00
1.571426498359681290e+00
1.698096750340062799e+00
1.698096750340062799e+00
-3.637024181454273641e-01
1.622028380479432208e-01
6.995294631655650797e-01
-5.183163217393695898e-01
1.547716616383690846e+00
-4.997681193963026125e-01
1.230720501075504902e+00
1.230720501075356799e+00
4.365721046388031823e+00
4.054027025986560062e+00
3.503503474062521938e+00
3.659671448781587344e-01
-7.692319520771062624e-01
3.017709294196162517e-01
4.196419385850862049e+00
-1.689262575540561029e+00
-1.331945639274042525e+00
2.137494589646590448e+00
1.057598002524847480e+00
3.477903620944882146e-01
1.982990051472151460e+00
-5.237425582043204741e-01
1.492218049566106597e+00
1.547716616383737476e+00
2.276946284204941051e+00
3.856804488302227440e+00
4.229131412556066394e+00
4.396861995169714987e+00
8.752987745678764142e-01
-4.525717912224140882e-01
-1.478396230806146905e+00
2.948273619947094915e-03
2.948273619947094915e-03
-9.193280280999542864e-01
5.042625925954346000e-01
-1.594076250934836958e+00
-8.223070443498146087e-01
1.414837120838807749e+00
-7.026736994457654095e-01
8.958612595449235716e-01
-4.369311725501947574e-01
3.205199603067224512e+00
-9.126459002135061116e-01
-1.175316307787736436e+00
4.379471884364586565e+00
-1.323491535653777751e+00
4.162061935937932056e+00
1.762188425511209022e+00
2.945375398286776303e+00
6.950535482338185966e-01
6.144230614319012851e-02
-3.300129816117753911e-01
4.456635926424159067e+00
4.714003151113208556e-01
2.164377488544217965e+00
6.144230614319012851e-02
2.755170674393484287e+00
2.554466872110352504e-01
3.098289109857232937e+00
-9.800114707337048703e-01
4.796759545208960418e+00
3.947828351675941150e+00
1.421731147331746881e+00
3.794036468313215504e-01
-1.425247575947059753e+00
1.218513598548243149e-01
1.306305961423776862e+00
-1.040861103634843632e+00
2.822095730212223152e+00
-1.994875801708835272e-01
1.057598002524847480e+00
1.123387126811691727e+00
6.712758579068529574e-01
1.819461096883052242e+00
-8.337702688233468162e-01
-1.045630889313845957e+00
1.897480532118580365e+00
9.884653202219305657e-01
1.282554103271071222e+00
4.835645747695169749e-01
1.329046145171197901e+00
1.351488659196414588e+00
-7.590701517298141798e-01
2.589478124148417049e+00
2.235550329623654520e+00
4.659047662191579064e+00
-1.504544414162164445e+00
1.695271711426636463e+00
1.217381503408869969e+00
7.633181747488810842e-01
1.990049470916462004e+00
-6.034943757893411753e-01
2.294382936609399959e+00
2.054752320946868771e+00
4.916058137425181940e+00
4.475740265714040156e+00
3.944664230425911633e+00
4.860802151082604716e+00
4.980667793290399104e+00
1.279500214692261384e+00
1.979645266263712511e+00
1.577299782077157930e+00
6.091438838077853912e-01
1.524383576609942059e+00
1.192986195634714086e+00
4.951466967011800557e-01
-6.089056651377267038e-02
-1.068246903238969425e+00
2.344761003723079273e-01
2.922649682852840325e-01
-7.355392707027943455e-01
4.654133608520272247e+00
2.937684884611881486e+00
4.772813951105483454e+00
9.777966162041326070e-01
1.483441253309764063e+00
1.125208494636047440e+00
1.597165193185349219e+00
1.125208494636047440e+00
6.803786504554567571e-01
2.033698998477677655e+00
8.367160936279333106e-01
1.125208494636047440e+00
2.033698998477677655e+00
1.747655615481261249e+00
2.465756447801574769e-01
2.033698998477677655e+00
2.411111022578593666e+00
2.073994039283590496e+00
2.048855955247164573e+00
4.648873496794063698e-01
3.825651331928916044e+00
1.547716616383690846e+00
4.497537817043296693e-01
1.728799742135933792e+00
2.099474536979056172e+00
1.728799742135933792e+00
1.847114061479510072e+00
7.314082659217907567e-01
2.986465021993227609e+00
1.847114061479510072e+00
-5.139724015864941542e-01
-5.076552358418910949e-01
-1.765746792205520999e+00
-8.213341144057617615e-01
3.654695688422084920e+00
3.253965721547873446e+00
3.020370279513403311e+00
1.032010856350444650e+00
4.250006871731343061e+00
3.155472289883169967e+00
2.331077468157368049e+00
4.688231068115127798e+00
4.347539395099984993e+00
3.629301900405242698e+00
4.083233037546599498e+00
2.137117535810971969e+00
1.614404800163868003e+00
1.458706017380819508e+00
1.922060668990254850e+00
2.944349133882884662e+00
9.920234416504727371e-01
2.249714031674499459e+00
2.944349133882884662e+00
2.412804767368364800e+00
2.168302807949665123e+00
2.623210780485919713e+00
1.619962618731745296e+00
1.200106915841546051e+00
2.655504601103867213e+00
1.671328916073032689e+00
2.870359540614866312e+00
1.696434517238611717e+00
3.489297154697906578e+00
7.847592549645363569e-01
1.403276379195004253e+00
-3.903835272228628472e-01
1.301948044563249862e+00
-4.788088314111469401e-01
1.301948044563249862e+00
-4.775820937069461536e-01
2.737428252411390872e+00
2.337339725161898585e+00
3.964767854234187983e-01
1.695581378623584046e+00
-1.071655447562946950e-01
1.033816563413833656e+00
1.071297967276646057e+00
1.695581378623584046e+00
2.491513140199212550e+00
1.461444398332460981e+00
1.406092276650304562e+00
1.695581378623584046e+00
-1.534276288635632035e-01
1.377075777134732837e+00
5.742997136932669333e-01
1.736840496453772253e+00
1.390750154026355379e+00
1.765211727975994016e+00
3.270765518181841358e+00
4.177339667899370390e+00
2.077590885478380667e+00
1.674749761907787571e+00
-7.552748437629477340e-01
2.099474536979056172e+00
1.547716616383737476e+00
2.822685328882628131e+00
2.444826450084311542e+00
2.099474536979056172e+00
2.055193944831805286e+00
1.200106915841574917e+00
1.011909415666380152e+00
1.301948044563249862e+00
-1.009004166275970782e-01
4.891063536351278884e+00
4.559737186400171005e+00
3.747730584619543670e+00
5.164967065155423143e+00
3.459066276452426258e+00
4.787082297484793081e+00
-2.312435482432160239e-01
1.674749761907787571e+00
3.510414219828771998e+00
2.555869143270207644e+00
4.140060472044761575e+00
-1.542978474164573566e-01
-9.052832945093201023e-01
-1.400448890370326049e+00
-1.044988800071754431e+00
-5.919274975601671596e-01
3.090976614279721257e-01
-5.378154060324424890e-01
-3.721992957031539095e-01
1.638940985560294106e+00
4.301872557986790024e-01
2.338452967451300157e+00
3.752520052652566385e+00
2.972420752518891263e+00
1.315086230648379484e+00
2.185685629416942000e+00
3.053019049270785601e+00
9.848119823010068608e-01
2.531173495880951752e-01
3.373289888700301553e+00
4.180587040981449398e+00
2.922649682853040165e-01
1.503595055563085925e+00
1.829066142192072197e+00
6.364256309940341527e-01
6.970481357903217656e-01
1.282554103271071222e+00
3.245607840788979903e-01
7.027909865025726566e-01
-1.070615734372326600e-01
1.029943827170358706e+00
2.500017734347029119e+00
1.125208494636047440e+00
1.282554103271071222e+00
1.922060668990254850e+00
1.556735109949276774e+00
1.219346445125002010e+00
7.654000935815743478e-01
2.500017734347029119e+00
2.500017734347029119e+00
2.046936977891637532e+00
-1.055720943726532468e-01
2.118918620908767814e+00
-7.036880896570554267e-01
1.698096750340004402e+00
8.194615402648497415e-02
-2.260660083554681954e-01
-2.260660083554681954e-01
5.099612405015651051e-01
2.187691502115977737e+00
-3.889014170940363613e-01
-4.639221892499307831e-01
2.083353936258187655e+00
7.884217065426256665e-01
7.019892735703557873e-01
7.019892735703557873e-01
1.789129972681198222e+00
7.019892735703557873e-01
-1.915455895655366891e-01
-2.388037100780702193e-01
4.133249084248338256e+00
3.572006219071764299e+00
1.326823991694247251e+00
-1.224329461274494379e+00
-6.621128190141691849e-01
1.241709923770390578e+00
3.016215444185347039e+00
8.220848182665974058e-01
-4.405326811455125835e-01
1.694659599489729107e+00
1.652608872500975767e+00
9.243625226720600940e-01
1.434380917376720133e+00
8.367160936283659645e-01
2.323688357855020481e-01
2.879863848725075837e+00
3.805209513729372439e+00
1.725761767690019655e+00
1.259872567196656634e+00
-1.156191928200092756e+00
1.920435689382768540e+00
3.207215000710710751e+00
6.965603412318377430e-02
2.495618569970295297e+00
-1.009004166275970782e-01
2.126922513832590234e+00
1.662376429938688505e+00
3.164973715464853843e-01
4.928513054920590442e+00
1.284267752329201429e+00
1.282554103271071222e+00
7.186587208148362826e-01
9.480601976598810321e-01
9.818176027385767668e-01
4.603431918641303966e+00
4.226224586259625049e+00
3.333344954891643397e+00
1.251625062567655933e+00
-2.885219834721917120e-01
-1.706053137491652105e-01
2.262460358564421625e+00
3.035209518274443852e+00
4.096244398672406639e+00
3.267271908449073337e+00
3.057853505697068375e+00
4.761844439331726520e+00
4.761844439331726520e+00
3.568459878912200622e+00
2.927426841270031943e+00
3.675211338588055376e+00
3.441071779893323246e+00
1.151916517994145739e+00
4.697590267668663166e-01
-3.458170515534206846e-01
2.591271102604363108e+00
-2.229138028803168137e-01
1.746006057723409777e+00
2.295542222352870088e+00
1.941163545680548275e+00
1.480412068920227142e+00
1.202855311524705817e+00
1.271599754927867254e+00
2.465959278233827767e+00
1.862525277354787567e+00
1.329046145171197901e+00
1.351488659196414588e+00
1.383435389280260885e-01
1.687855347127051653e+00
1.062409862966268825e+00
-1.016188438112791692e+00
-1.497937774957936119e+00
-1.626423736612379267e+00
-3.653864382905667174e-01
3.233680755252565930e-02
5.925429471256993263e-01
1.203435614307850843e+00
1.288622499619068051e+00
1.202855311524705817e+00
3.495295637666723465e+00
2.309130076520318653e+00
1.644861554850676644e+00
1.033816563413833656e+00
-2.419299377847190513e-01
4.010732785198471539e+00
4.868132610363660184e+00
4.720005977720858503e+00
1.094718676991733197e+00
1.547724821861469424e+00
3.934643844767906629e-01
1.329046145171197901e+00
7.646351299158951065e-01
2.054165787789954400e+00
4.128273413677578496e+00
2.874898857430292498e-01
5.010384677607994108e-01
4.995124945629384250e+00
2.404377324938254290e+00
1.103477930687466246e+00
1.383435389280260885e-01
1.444908479738645335e+00
-2.388037100778586108e-01
1.164450061579683560e+00
2.461520712119380505e+00
6.287651447949456074e-01
1.662376429938688505e+00
2.067506938872771372e+00
4.343433285941992850e+00
4.469471452629616870e+00
1.756379327695151593e+00
2.526771549455417265e+00
2.669643384429960520e+00
-2.990411082629373940e-01
-1.596011260948108967e+00
3.430089137068242700e+00
2.402882912719458641e+00
4.428060064285171293e+00
2.847429697059427500e+00
2.646243501105217888e+00
2.322114691188143620e+00
-6.656503695817492794e-01
1.685055258248612686e+00
-8.810236241679045843e-01
2.465756447801574769e-01
1.758155015352044215e+00
-1.563168502828587991e+00
1.525034280024373912e+00
-1.290555338755957626e+00
2.404157260513720917e+00
2.528075140345872107e+00
-3.300129816117753911e-01
2.812394779825912572e+00
-1.305886230858633423e+00
4.356078280804693392e+00
-2.117025891393422565e-01
4.251089025088674589e-01
5.848516878074828673e-01
4.328839418472769651e+00
-1.873434354266108048e-01
2.032074717220544002e+00
-1.249138073893410139e+00
4.822492938629225456e+00
4.913285515606497178e+00
7.539832436012090522e-01
1.824370687418387149e+00
3.956830630080920841e+00
6.816952202858010956e-01
9.933933867633129022e-01
2.483033701689738582e-01
4.920984818901800395e+00
4.361206909166385870e+00
1.290205099860743054e+00
1.538676327365049001e+00
1.978111864920208296e+00
2.890713990674165235e+00
1.256963181900317972e+00
3.040565835096741498e+00
-1.859244238900383595e+00
-1.571806138380898110e+00
-1.255073079423494997e+00
-1.589189350756687880e-01
-3.424773139970334057e-01
