6.182343542810432302e-01
1.125603003374499922e+00
1.105241486071110835e+00
5.999289411896703283e-01
1.284269443060503724e+00
-4.585621422675800751e-02
7.782691675679337395e-01
-1.446227265112232319e+00
1.280817003847016355e+00
-8.157151412478003127e-01
1.624331812304296019e+00
1.624331812304296019e+00
1.624331812304296019e+00
1.284269443060503724e+00
-1.341567820752933349e+00
8.364525232665483978e-01
4.583463504499691865e-01
4.715255076651346799e-01
2.275319505281844457e+00
-6.141293677927739392e-01
1.498864215391178423e+00
1.368300913774752603e+00
-1.245634162164699132e+00
1.251318081271206140e+00
1.251318081271206140e+00
-6.127242482577897054e-01
-2.420891089194707746e-01
4.561917275559437268e-01
1.287512309929987886e+00
-9.323678767519372190e-01
2.802060244918171961e-01
2.907077783888725175e-01
2.332785218593349530e-01
6.475181913340682938e-01
3.944862027061065035e+00
9.242258193291541524e-02
2.003778009562305229e+00
3.033245335502064322e+00
-1.471898059835666350e+00
-1.143425567927288666e+00
2.039233099784864223e+00
1.735772679275755515e+00
2.773525751348823398e+00
1.882144033831962160e+00
1.955289973172384954e+00
2.098087202980950750e+00
2.641550911271121294e+00
2.989184427136681421e+00
5.485141560663322480e-01
5.725123123773643297e-01
9.104105606715352517e-01
1.652798823293945230e+00
-5.852236885410990741e-01
3.580838335480168055e+00
2.339558361556399291e+00
5.438412990019416693e-01
4.432364078483722603e-01
1.535817831964135127e+00
1.017083859025206927e+00
-5.174335707763548786e-01
1.568235544588096886e+00
7.883662606759181957e-01
6.128231521847192775e-01
1.460240590942504912e+00
-8.965990269825445669e-01
-8.965990269825445669e-01
-1.260923914208751384e-01
1.722036404559335487e+00
6.234709972685867907e-01
2.911360286544930620e-01
2.179605346048002268e+00
1.522235204109059881e+00
3.580838335480168055e+00
1.704361246492428261e+00
1.612821670450204969e+00
1.027197431257062199e+00
1.007235873285108774e+00
2.869921635827185735e+00
1.814937690634572665e+00
2.233892937682893987e+00
2.713547063885064059e+00
2.472390597456607608e+00
2.180339852211417906e+00
2.180339852211417906e+00
2.180339852211502727e+00
-1.752067424020223863e+00
-1.922241640026323140e-01
4.273412357931244188e+00
2.045687794829816220e+00
2.607053142948247526e+00
2.304229166076925850e+00
2.489913475291075429e+00
2.318619492772764801e+00
2.363412687763986053e+00
2.363412687763986053e+00
1.873929910239597874e+00
2.998259529924427902e+00
1.931614614684691977e+00
4.217914982041430783e-01
9.192472322763187709e-01
7.185260628734978505e-01
-2.995103351592987018e-02
2.918368306551495373e+00
3.060921477848626893e+00
1.201199000275384288e+00
8.381855712272519021e-01
2.820067157623684651e+00
1.972177752624401315e+00
3.778470372780773356e-01
-6.081585661639163920e-01
5.965852569722934762e-01
1.934087268303653406e+00
2.473900038015542702e+00
2.265107736740411770e+00
3.048800555590863492e+00
2.747721972038953631e+00
2.464250944444543290e+00
2.464250944444543290e+00
2.207545146084819887e+00
2.381308369304888206e+00
2.456833888315693937e+00
2.288140498303374404e+00
2.288140498303374404e+00
2.288140498303374404e+00
2.572628647512404498e+00
2.572628647512404498e+00
2.287907958354037596e+00
2.287907958354037596e+00
1.153665268889222384e+00
3.365788112103796692e+00
2.308382916491778403e+00
9.815471010175820243e-01
1.689633595119594212e+00
1.689633595119550469e+00
3.000702361089662595e+00
3.000702361089494730e+00
-3.444853756013221968e-01
7.442006571888747368e-01
8.453114365188918455e-02
6.042497363975098956e-01
-1.171149947806486846e-01
2.033017371073931212e+00
3.040753610462158196e+00
2.757460757710260779e+00
1.940003471662691048e+00
2.078123148009044741e+00
2.230840740608464046e-02
3.277498395020058464e+00
2.608663950171219881e+00
1.742211852341014389e+00
2.207913540450328505e+00
1.797025737689439628e+00
1.216093307322030137e+00
2.633733477646626575e+00
2.633733477646626575e+00
2.930409690757266983e+00
2.115661660064588112e+00
2.891188102207649990e+00
2.891188102207466137e+00
1.834498417194203146e+00
1.812741146744847764e+00
7.676000550968726799e-01
6.517415184693157171e-01
8.493482390532092197e-02
4.307380982985502538e-01
2.464169256332043645e+00
2.136683257841139216e+00
1.698840692611075509e+00
2.390731823470822359e+00
-2.021356343630622554e-01
7.859984325471556232e-01
2.943913902206060307e+00
3.876054503455457656e+00
1.200100745475259689e+00
-7.481538549079114198e-02
1.902241029246140691e+00
4.004944962981797474e+00
1.624881489408914970e+00
-2.208153820998135508e-01
-1.931300700499247736e-01
3.484219347005663714e+00
-7.957062131183054721e-01
1.024850029293590925e+00
-2.865801186035090709e-01
-1.535477199394477132e-01
1.448989267808676651e+00
-3.928383021739372261e-01
-3.928383021739156877e-01
1.876090357909511619e+00
1.876090357909511619e+00
1.876090357909511619e+00
2.035354178811134229e+00
2.035354178811134229e+00
1.302130754834852855e+00
2.002467702180332765e+00
2.524860805772195960e+00
6.517415184691248697e-01
6.988834612098506760e-01
2.645032574572618422e+00
3.944862027061065035e+00
-7.037710051657468657e-01
-6.739211897754018299e-01
1.206159794535543339e+00
8.568918711634444518e-01
1.159329290891980779e+00
2.985087785107370273e+00
1.696204941192389626e+00
2.260672294634755719e+00
2.260672294634755719e+00
2.260672294634755719e+00
1.477922515177352514e+00
1.739350326455717521e-01
-4.142341252725838530e-01
9.430577032345822674e-01
9.430577032346245669e-01
1.204247916328494483e+00
9.430577032346245669e-01
1.499088250737639294e+00
2.981520881393046274e+00
1.714071054620496470e+00
-6.690308343120576762e-01
1.544000081139027758e+00
3.355917297924659870e+00
-7.143428551126189685e-01
-1.339429744734450534e-01
3.112179855943874252e+00
2.545719415162278843e+00
2.253989895063768234e+00
4.801825686944448002e+00
1.357124740298142784e+00
1.680245700333902636e+00
1.680245700334173531e+00
2.924041204336759847e+00
2.014006613165722381e+00
2.054809807409518463e+00
-1.058253198164225140e-01
1.481014596086423607e+00
1.481014596086423607e+00
1.818794971561888962e+00
1.818794971561888962e+00
2.829256626516613693e+00
-1.591321860556422774e-01
9.822588307973096899e-01
4.248123581771416912e-01
1.666187940078789120e+00
1.837635283166127564e+00
-6.020539597826213285e-01
4.789360391014897411e-01
5.088320526404329636e-01
1.029099595089030927e+00
2.183364182658748653e+00
2.502982168937339047e+00
2.186723345704221444e+00
1.946363949378182134e+00
3.464060651259691426e+00
2.202196569011437788e+00
1.857034771040622312e+00
2.083038089499097190e+00
1.946363949378182134e+00
3.168880104760882332e+00
1.568394948977390957e+00
1.568394948977390957e+00
1.244318072587049295e+00
1.063447009437231472e+00
1.328004350187361737e+00
1.328004350187238503e+00
1.916696044238591412e+00
1.676800045396064753e+00
1.755985893525763952e+00
1.081276716268044336e+00
-8.910048162444124120e-01
5.032240114434995970e-01
6.384233426421870305e-01
1.883801611198374637e+00
-6.585773607263398777e-01
1.520391554639195730e+00
-2.796561965289721119e-01
1.293925026510373000e+00
1.635883934754135405e+00
2.156962078236776659e+00
2.522754698206179036e+00
2.522754698206179036e+00
1.069259707654589775e+00
-3.535564712742429450e-01
2.463745255685359403e+00
1.706246013073595691e-01
2.820046682770542379e+00
5.485141560664393845e-01
1.868185587697082095e+00
1.202402730215408999e+00
1.202402730215408999e+00
1.789131498937004627e+00
1.076182986221692506e+00
1.563652649629231561e+00
1.225506014208554761e+00
-3.933382879357176787e-01
1.591579250679488133e+00
-2.747056441827879780e-01
9.398068320875323511e-01
9.398068320875323511e-01
-4.383561030898170952e-01
9.892729535780090400e-01
9.251552035352541559e-01
2.367709216264772376e+00
1.049280527678112085e+00
1.049280527678112085e+00
1.764483787180653351e+00
1.408382446839200997e+00
1.408382446839200997e+00
2.002467702180332765e+00
1.841209623194709710e+00
2.706598528691403160e+00
2.176376156513999405e+00
2.138205566045465744e-01
9.741026247019810569e-01
1.368300913774752603e+00
1.436491260328813802e-01
3.890270963020728168e+00
2.098087202980950750e+00
1.853203707255361987e+00
-1.064455223240829751e+00
8.215393722260763143e-01
1.734257625387224167e+00
-7.147208204965218581e-01
5.389340923843339848e-01
2.550917470923502073e+00
2.550917470923502073e+00
2.641550911271102642e+00
8.175111453680156126e-01
1.551579957127836140e+00
4.307004237524096446e+00
1.503283652011405680e+00
-4.990552245117731989e-01
8.175111453680156126e-01
8.175111453680156126e-01
1.365689281845932967e+00
1.988943746631177678e+00
1.694514542967751503e+00
4.018293034844007572e+00
8.279242587731476810e-01
8.310156538084805256e-01
-1.058253198165766129e-01
2.560191636211288646e-01
-3.304029005846074174e-01
5.389340923843339848e-01
5.703396254634161000e-01
7.855332975892975744e-01
9.808965198571009125e-01
5.703396254634161000e-01
5.703396254635118012e-01
1.148660703697572227e+00
2.641550911271225210e+00
2.641550911271225210e+00
2.641550911270957869e+00
1.973364628839923807e+00
2.026783251100950256e+00
6.841528993840215733e-01
2.823887604950502617e+00
2.502282301597194891e+00
3.334787087215027590e+00
1.108875941423336897e+00
1.628978191787253449e+00
1.628978191787253449e+00
1.571593235973264058e+00
1.037601133575207335e+00
2.000322812262620875e+00
3.329593889091929881e+00
1.587462293098345745e+00
-9.226968630324525744e-01
1.523867878751732352e+00
1.454728037348355763e+00
2.699941885911649742e+00
1.395156802566607235e+00
3.479705230130644367e+00
1.653527471227034695e+00
1.931466976727515217e+00
2.575802865806776420e+00
1.968731848632222281e+00
2.820740103218970951e+00
4.403126368951505221e+00
-7.896520495938208484e-02
4.525339470048622026e+00
2.250395760839052350e+00
9.741026247019810569e-01
1.057597821684910233e+00
2.692910608485281188e+00
1.808694495787476875e+00
3.580838335479889167e+00
2.791698043493060499e+00
3.114221116323069083e+00
3.212168552601650351e+00
3.055786099359812713e+00
2.914627481124513864e+00
4.156489185955347665e+00
2.878614615569283774e+00
2.120653195441484229e+00
2.181315357603370142e+00
2.262781209113688075e+00
1.577816618465082588e+00
3.327910335847722667e+00
2.862498161861501522e+00
2.295510964711898083e+00
2.804123918212522604e+00
2.315453628566995548e+00
1.626850243557048659e+00
-3.576921752435824331e-02
-3.755364903375868479e-02
-2.974630091153065425e-01
-1.656994769655217192e+00
-3.522215805838064817e-01
2.596341399271148376e+00
-1.279915343067770106e-01
7.442006571888747368e-01
2.032580698627696414e+00
-6.223782673114650610e-01
2.907077783888725175e-01
4.243014215319129701e-01
7.622680031447522930e-01
-1.343858539218594217e-01
2.112985520785184423e-01
2.112985520784931293e-01
8.755453884990849200e-01
8.354216701370442699e-02
1.206364273868394177e+00
1.206364273868394177e+00
-2.374018729825650986e-01
-3.348376958590499886e-01
-4.190748161035040553e-02
1.845921806405919741e+00
1.975816958083466801e+00
7.892999571981660356e-01
-7.705557912236684626e-01
4.423546879339522064e+00
-2.606993604565666089e-02
1.657645740895149045e+00
7.692525719740953560e-01
-2.121830644311830660e-01
2.076986548994608661e+00
2.458161175640483975e+00
2.077336200443982150e+00
1.517835535068767339e+00
1.847513737857563010e+00
7.345266678762840673e-01
1.710756744454470013e+00
1.252585970542396732e+00
1.518893158229841056e+00
1.724754457469390045e+00
-9.373218453714369236e-01
3.211868951451961607e-01
2.162216915986947541e-02
-2.243965837147077202e-02
1.551526309075926369e+00
-3.409988630757758710e-01
-3.690503471284110049e-01
3.810195900159205173e+00
1.912320259764008323e+00
3.293477075513269181e+00
3.698305509068442021e+00
2.412083905974538478e+00
5.129036475348066837e+00
-3.475158322873319605e-01
2.320787185622193327e+00
3.372752033912480130e+00
2.242946007849207390e+00
2.558475072577401921e+00
2.578941665532433980e+00
1.591155302041633801e+00
1.978710210082680776e+00
2.612772782926150228e+00
1.641413341237444090e+00
2.403003739080606049e+00
1.107785446517599359e+00
-1.226353569836233559e+00
-6.492307199658393646e-01
1.407307175677721345e+00
3.298178044236617978e+00
-5.921281489610288329e-01
-4.850974692211722505e-01
3.093015466005606395e-01
1.516539240528883559e+00
1.516061092770072172e+00
1.142677774439550653e+00
4.535600886303917889e+00
2.557663273633392631e+00
-2.540096542962970716e-01
3.220328438810656557e+00
-6.126311316076631375e-01
1.007685833831139410e+00
2.106789233320373267e+00
-1.629322629516283927e+00
2.258633565207845528e+00
7.725502109405202322e-01
5.834960015103095587e-01
1.017083859025217363e+00
3.205417841676356794e-01
3.033245335502064322e+00
1.929456454656852227e+00
1.324638086430465211e+00
2.510020679269429067e-01
1.663035199076840165e+00
3.269278222584622640e+00
3.885879499188757080e+00
4.087324024682236434e+00
2.272678614843715472e+00
8.764392558698423930e-01
-1.037097148908131983e+00
7.142418180392867688e-01
1.314300467315121512e-01
-5.235134181229270656e-01
4.683819789426977298e-01
-9.796320333367958266e-01
2.598264685631630933e+00
7.190263803252635588e-01
1.209148388631768878e+00
-1.349228102709558508e+00
8.946089827024412688e-01
2.158530984335646163e+00
8.973539712925089340e-01
7.677989266871363405e-01
7.677989266874311047e-01
-9.816663788195152396e-01
7.883662606759181957e-01
2.560615491898486695e+00
1.893520172088281051e+00
1.272462161149419790e+00
-4.624437619479422334e-01
-1.847423181293412542e+00
2.515893243445855187e+00
3.873001036536062536e+00
1.198542556651543745e+00
1.857302979396278308e+00
8.196693066580542641e-01
8.196693066580542641e-01
3.761310230196231785e+00
6.792877350065268383e-01
4.594982301932077906e-01
3.020893058790132812e+00
-7.080954451313503650e-01
3.368012567083427999e+00
-1.270172018551725790e+00
3.654421003363915510e+00
4.708473995807300305e+00
-1.247477987482272788e-01
-3.290660002494953940e-01
1.054312292284177222e+00
1.823293174975088249e+00
-1.126710138493554059e-01
1.910996153151268251e+00
3.826703795163380661e+00
9.632188587452921169e-01
2.072275572256753406e+00
2.327670696051185040e+00
3.185327518634291977e+00
1.301077831531259443e+00
1.136221284328510661e+00
1.789468729078596887e+00
1.696933733446163384e+00
2.397708907824735114e+00
3.361207625903806395e+00
3.383683320956415663e+00
4.615372850420730977e+00
4.288354118950741700e+00
3.879711876445575136e+00
-2.520352362712032779e-01
4.598587703185358144e+00
3.653137758985902650e+00
4.824007474904983717e+00
-1.713672555873725356e+00
4.492422298823706583e+00
4.492422298823706583e+00
1.714201124577104052e+00
6.472600457715582678e-02
1.340831893080611570e+00
2.633475535311379900e+00
2.573848118568209387e+00
2.426489422637869264e+00
2.547483060299723601e+00
2.442718549579425691e+00
-4.859522281768813290e-01
1.796965788168711331e+00
4.327516225272276529e-03
1.757646321757011743e+00
1.125738893504694582e+00
2.145549645682173878e+00
2.227460826018072826e+00
6.619500981721960775e-01
2.814413949696364270e+00
3.524761300492347260e+00
1.081088849001451857e+00
9.623530569828977477e-01
7.897119625399739995e-02
7.697367602358440308e-02
2.531274106683018665e+00
2.304104421528944346e+00
-1.706005462729181188e+00
2.529178171226220684e+00
2.351768236045826299e+00
1.289395158264136310e+00
7.522560018439139462e-01
2.968806127446065091e+00
2.340038114807413194e+00
4.233885761096529698e+00
1.510226443658102324e+00
1.510226443657959550e+00
2.503423577070548411e+00
1.637525113025566803e+00
1.806472254173941083e+00
1.817383904784465987e+00
4.652302598695287728e+00
2.548174074202906869e+00
1.946311242320803547e+00
2.068159375101500608e+00
3.422406981791294989e+00
1.960834953716986462e+00
2.338442359598869480e+00
2.338442359598869480e+00
1.859793256330214861e+00
1.859793256330214861e+00
3.195677367847218342e+00
2.034800338433445432e+00
2.034800338433555122e+00
1.973330596574390805e+00
1.673635505937687284e+00
2.308382916491778403e+00
2.786189956033594761e+00
3.367368080884164172e+00
1.263788949681474261e+00
2.581833624650767156e+00
-5.604533183624609283e-01
2.398755854720448166e+00
1.363113156220480349e+00
5.009592119164058666e+00
2.744476776068747625e+00
3.877611979175620505e+00
3.363189100610059601e+00
3.933351072987240293e+00
3.655438739901899936e+00
2.558462127787249685e+00
2.109637297954300106e+00
2.771490563111118632e+00
-1.866225817638000883e-02
4.027026257495535333e+00
1.970427320174072960e+00
-2.490333877887727088e-01
1.232072659967169193e+00
4.996712764257887907e-01
1.049309365730195287e+00
8.421426584300687468e-01
3.633960433817834179e+00
-1.861886620318116137e-01
4.443478618237477029e+00
4.409855237063755595e+00
2.064314049689617292e+00
2.179112793470700637e+00
-3.210630886073171375e-01
2.592704447507035326e+00
1.213588786650623863e+00
9.833296017938021327e-01
4.145587598892046088e+00
1.250553137860872965e+00
5.855755405531788416e-01
1.914148416745631520e+00
1.914148416745591552e+00
-9.571324475189360026e-01
3.028005871071034250e+00
1.878132450377320239e+00
1.673888847068402796e+00
-1.642592997781038511e+00
2.088919269320825389e+00
2.971155596404645216e+00
2.780604477206253922e+00
2.876806651744508336e+00
3.019783844070111911e+00
3.019783844070111911e+00
4.142844016421240561e+00
6.096259519311050257e-01
2.994909475392422138e+00
2.799354374545930391e+00
3.686817989091913716e+00
1.920470943603367342e+00
3.769441390651092405e+00
4.296644089555341495e+00
2.633733477646626575e+00
2.109363672514623200e+00
2.158809786104786799e+00
2.158809786104786799e+00
4.067343664612904419e+00
4.067343664612904419e+00
1.362241793234627796e+00
2.489139966898382017e+00
2.891188102207466137e+00
1.812741146744847764e+00
1.394943824449482284e+00
3.698548095511754674e+00
3.307256066484172585e+00
2.922017907544301352e+00
4.132722740260915906e+00
1.397669489539210552e+00
1.397669489539210552e+00
1.397669489539210552e+00
3.014082563245834123e+00
3.008172175192837638e+00
-1.925376203035398248e-01
2.755633277618614763e+00
1.068179091170692541e+00
2.067561575231327886e+00
4.396656033496951110e+00
1.070152281866165067e+00
2.195634079505436986e+00
2.299595690982663143e+00
2.689437456199934573e-01
2.117589730939719139e+00
1.192102372236145902e+00
2.412981451243022324e+00
1.884929163113610473e+00
4.300633527431975800e+00
8.418260866457757396e-01
1.620398393060158426e+00
9.886557224379394215e-01
2.016601184842259364e-02
3.819728457311451386e+00
1.907910971553177237e+00
1.122386580113254206e+00
1.101921980096866482e+00
2.818914906799858677e+00
1.052150921967408337e+00
-1.026341839831417468e+00
-9.057860603458480764e-01
1.589243930959765017e+00
-4.346348345954598180e-02
-2.873411557001011030e-01
2.467709025806708034e-01
2.817061218288060331e+00
1.053599433336312785e+00
2.551671658237702367e+00
2.685758166730028762e+00
3.413104564541386665e+00
1.134408367150884889e+00
4.598797743574345454e+00
4.113816094374005417e+00
2.102423291489578183e+00
1.654057206379121681e+00
3.802225727105371433e+00
1.281978604213727113e+00
2.777374002728300262e+00
-6.671037404579769348e-01
3.091668462367857195e+00
1.676375716490366541e+00
1.676375716490369649e+00
1.980446318871777578e+00
1.486464814238412258e+00
1.486464814238412258e+00
1.486464814238412258e+00
4.484335924561120734e+00
-9.987012108791049059e-02
2.075189317493550956e+00
1.532895706215116283e+00
1.448989267808676651e+00
3.053082444244594740e+00
1.983249124551563991e+00
1.986313845887266449e-01
1.458145166035933693e+00
2.231216975351868914e+00
9.146210876569715875e-01
2.749668839487578786e+00
5.271304989559837395e+00
-6.477192566331060330e-01
2.258956585562803543e+00
2.229972602222028755e+00
1.696204941192389626e+00
1.696204941192389626e+00
4.114562851181412739e+00
-3.731882984242278489e-01
3.494058032027433924e+00
2.288241290166117992e+00
1.810383668854421702e+00
1.033704147032715515e+00
3.695634454277738623e-01
3.695634454272096470e-01
2.284769597135667407e+00
2.920159787507315308e+00
-5.954716290338917251e-01
5.389506759063812602e+00
3.009694985773225362e+00
1.144551373590566357e+00
1.144551373590566357e+00
1.144551373590509735e+00
1.144551373590509735e+00
1.144551373590566357e+00
2.379741436781744213e+00
2.379741436781744213e+00
7.156717393203545496e-01
1.017303036691489915e+00
2.892943484743237370e+00
1.363640954987926035e+00
1.363640954987772824e+00
1.363640954987764609e+00
2.159808454896045227e+00
3.355917297924632781e+00
-2.484373807960293945e-02
3.493411398067739704e+00
3.547835622414897472e+00
3.947916653055994374e+00
-6.887261558172930176e-01
2.698350956867208161e+00
2.698350956867073158e+00
2.585326711489180695e+00
1.282032514195409867e+00
1.282032514195527106e+00
1.282032514195409867e+00
1.282032514195409867e+00
1.282032514195409867e+00
1.654458645904300473e+00
3.169465060696706082e+00
3.493411398067739704e+00
8.698694650146445717e-01
-4.430401014457459041e-01
-1.582183555287554499e+00
4.575076618643105775e+00
4.575076618642911264e+00
2.906400179403998862e+00
5.303575477131030613e-01
3.065423547187678732e+00
3.457398505569977409e+00
5.218348222788293356e+00
4.356096487950820162e+00
2.615599868057083111e+00
3.259767823563469058e+00
2.679959550151444603e+00
3.203214199782255633e+00
1.891663329096416657e+00
3.305158967675595250e+00
3.901436492588548965e+00
2.905344651783873022e+00
3.407439460866219960e+00
2.884044977350204597e+00
1.663101488691351548e+00
1.968720736211853062e+00
8.215119154646671751e-01
2.271924779674360018e+00
4.653408947298074416e+00
3.206775142110200871e+00
3.500621190603842692e+00
4.165262473542699517e+00
4.743435039110721618e+00
8.145257433163130001e-01
1.681992930679562903e+00
2.737981644067710718e-01
2.176561873777259848e+00
3.145299301785525081e+00
3.138617172026591184e+00
4.200938803021035284e+00
-1.899083931297986805e-01
1.412429623825026237e+00
4.845634298794881722e+00
2.000622458410280302e+00
3.173918155140464492e+00
1.196209131239987178e+00
7.680211851912470689e-01
1.640443540087567875e+00
2.186246571013661377e+00
2.054809807409598843e+00
1.569461611045317229e+00
1.636104428892229734e+00
-5.241833125653161396e-01
1.445055306107179138e+00
1.698707259020820315e+00
2.172323139916224388e+00
1.268375413260762308e+00
3.863577546244663097e+00
2.201123036417660384e+00
6.690943092711816309e-01
1.983709139376930608e+00
1.837635283166326072e+00
1.837635283166127564e+00
4.730740503473263026e+00
-6.361366343808512180e-01
1.383934066400476226e+00
1.376992252188867560e+00
7.131215622086991557e-01
9.919039328750578477e-02
-7.198223378145833795e-01
2.276037659118389733e+00
3.862473910051482662e-01
-5.521686924521660433e-01
1.510724617731753927e+00
1.456143563390358331e+00
1.472445379966730528e+00
4.313443218522934330e+00
3.858809318017250689e+00
4.091072458222379638e+00
4.556942241140857774e+00
4.233393857682312245e+00
2.854923095285266221e+00
2.399786269836754471e+00
-7.734834826172998223e-01
4.472041005801165703e+00
1.708633335797345998e+00
2.076674411300276191e+00
1.755985893526018415e+00
1.846912760622633876e+00
2.133723658505118692e+00
4.298410642296544459e+00
-2.683319167476114764e-01
1.975599971239155650e+00
2.215395622209912485e+00
2.577376225094419215e+00
3.080619000937256935e+00
3.048999379106060559e+00
5.004653573025977797e-01
-2.399071564539403401e-01
2.658526837774110252e+00
1.983280620864448673e+00
6.489159794782698443e-01
-2.032174968711863094e+00
-6.636008663233072813e-01
-1.291853836637959718e+00
1.270628695312285394e+00
-4.375413481631269530e-01
8.411786806130162608e-01
-1.574019361942803341e+00
-1.652359759093844138e+00
-7.186334250447405925e-01
1.386979981473293044e-01
1.182286357224514362e+00
-3.204020949301236154e-01
1.176706748050688311e+00
1.176706748050535323e+00
1.176706748050551088e+00
-9.041479015784663620e-01
1.115095967566730240e+00
2.654057751757727956e+00
1.069335546694433425e+00
3.194204534103519677e+00
-5.970349154745406839e-01
5.196507431283825529e-01
1.788001807666328435e+00
-1.785121145753117533e+00
-9.128896470947671649e-01
-1.243983969112487653e-01
-1.458930079766921795e+00
1.046481249063663688e+00
1.046481249063664354e+00
1.352169002095424233e+00
1.352169002095424233e+00
1.352169002095424233e+00
2.658361437896800794e+00
2.729064422631357179e+00
2.132823519831767101e+00
3.103628331943128149e+00
1.316807109403419274e+00
1.241680508575448316e+00
-1.172862094312185688e+00
-7.327107591705184220e-03
1.188161169890783242e+00
2.266346488224389777e+00
1.761041973854579279e+00
-1.254156232942686744e+00
-1.582033321539912274e+00
-8.959497854954066032e-01
5.078585444407313076e-03
-6.097061591817902748e-01
6.510289938473756699e-01
1.760709143354901585e+00
1.829162201609507044e+00
2.275747326061645648e+00
2.552642990958358560e+00
6.488856899201171924e-01
1.734208846467385268e+00
1.294785259871099381e+00
2.185582586158160368e+00
2.100779840165696744e+00
2.415146776307536047e+00
2.300077578177659010e+00
2.177144176700544165e+00
-1.560738045138665431e-01
2.081570720064354063e+00
2.081570720064354063e+00
2.081570720064354063e+00
2.396323260024165513e+00
3.470430878307571909e+00
1.258148935240335442e+00
2.109214790688346941e+00
-8.254263659303744394e-01
2.914900692081876521e-01
-5.885552001580915960e-01
4.390640794742235009e+00
4.900810513316871564e+00
1.178639483032902335e+00
4.424367323899908833e+00
2.637186124341100779e+00
4.058209770082548129e-01
1.283765645245503961e+00
1.845921806405919741e+00
1.845921806406199739e+00
1.975816958083486341e+00
-2.116799942467308959e-01
4.279310677241737082e+00
2.953706349714562585e+00
3.047254036740504546e+00
2.164577738163132370e+00
4.172246529990068176e+00
6.169812482716996449e-02
6.680832001254333186e-02
3.224527155135320733e+00
2.245606226010616879e+00
3.057194622033258646e+00
-1.829607903778511790e-01
3.098632840819767864e+00
4.312324052706355104e+00
5.387768629726613412e+00
2.738481107623628397e+00
-2.415374711259683504e-01
2.066504402699198994e+00
2.018229159475341206e+00
2.822881625239354264e+00
6.606806512616471005e-01
2.133178231704352612e+00
6.684674703430331100e-01
6.684674703430331100e-01
1.917014446225015156e+00
1.631726127572582286e+00
1.631726127572582286e+00
2.985005712479279261e+00
1.756106234060648807e+00
2.142112787548344777e+00
3.585886790234352972e+00
1.206962817550107703e+00
1.206962817550107703e+00
1.206962817550102152e+00
1.369236065676413094e+00
1.688465351055348895e+00
1.688465351055362440e+00
1.768986997317788301e+00
3.041398705723530771e+00
3.654490320368481981e-01
1.668292415563714881e+00
2.713322866068370143e+00
9.892729535780090400e-01
1.437473881167989909e+00
1.437473881167989909e+00
1.437473881167989909e+00
8.029457264497497082e-01
6.730061359594537995e-01
1.579360655479424835e+00
9.906172803980684005e-01
9.906172803980684005e-01
1.049280527678075892e+00
1.890005359671626639e+00
2.208984105566628831e+00
2.195695712821211121e+00
2.970854240324416473e-02
3.234338013655649213e+00
1.071581653153864444e+00
1.853203707255133503e+00
1.853203707255361987e+00
1.853203707255361987e+00
1.853203707255133503e+00
1.636917558793194782e+00
1.636917558793414162e+00
2.739387992278448092e+00
2.421286515298477049e+00
1.334369966643716987e+00
1.721157400199539333e+00
-9.599808524416564293e-01
2.864125900817107162e-01
1.503283652011405680e+00
1.503283652011405680e+00
1.503283652011416338e+00
1.503283652011416338e+00
1.503283652011355720e+00
1.662514494884361760e+00
1.662514494884361760e+00
2.924599351563535343e+00
1.451009722917299349e+00
1.451009722917299349e+00
3.026249330284827010e-01
3.099799002917050572e+00
1.634600400594170111e+00
1.634600400594170111e+00
-1.032378994384439919e+00
-3.641298645740518314e-01
3.728329879393490920e+00
3.303497183236336454e+00
1.983794327837528293e+00
1.962867258852215357e+00
1.962867258852215357e+00
4.349038578543222844e-01
-1.872276106240475801e-01
1.141731632911152206e+00
-2.333354722720226704e-03
-4.082786436586187673e-01
7.855332975892975744e-01
9.808965198571009125e-01
1.595683618676119631e+00
-2.333354722720226704e-03
2.158005974397349647e+00
1.027392755492274823e+00
8.699796230639007533e-01
3.076973789025344796e+00
-1.249914516511312135e+00
6.496683111030469027e-01
-9.422590161069914760e-01
2.760073724286152164e+00
8.602878117918013601e-01
2.287315603417278354e+00
4.603024105506501762e+00
2.442027377363667373e+00
4.319479425968388853e-01
3.005631281689361778e+00
2.034227277694655278e+00
2.034227277694655278e+00
2.034227277694976355e+00
2.789700070841897528e+00
4.078816224972380056e+00
2.720303609576310233e+00
1.626850243557048659e+00
1.626850243557048659e+00
3.755972806310284184e+00
2.438681475934444620e+00
1.583396414189417456e+00
9.607284019723782986e-01
4.137325946059850601e+00
3.890644245034952320e+00
3.718878636947173355e+00
-4.906804828702031607e-01
-4.529607253127965194e-01
4.071767915246807590e+00
2.672446779309681553e+00
5.773107741700364004e-01
1.286863903419074306e+00
1.286863903419123156e+00
1.286863903419123156e+00
1.693496395604646709e+00
1.693496395604646709e+00
5.902734941623563047e-01
5.902734941622347353e-01
5.902734941622347353e-01
5.902734941622347353e-01
1.134608774705038625e+00
1.134608774705038625e+00
1.138847189557976591e+00
1.037601133575325019e+00
1.037601133575325019e+00
2.825447221667620301e+00
2.825447221667620301e+00
1.504008298641716035e+00
1.323782536401989063e+00
1.323782536401776566e+00
9.090322795139216261e-02
9.090322795133198852e-02
1.476740250923702646e+00
1.476740250923702646e+00
2.000322812262620875e+00
2.000322812262620875e+00
3.329593889091929881e+00
4.773235982222122864e+00
-3.641298645740518314e-01
4.779006627298831411e+00
3.203843998023965689e+00
2.878702374376471695e+00
1.535292528528664713e+00
1.069380893235650332e+00
7.866735677294872664e-01
1.504008298641599461e+00
4.834680138390791138e-01
-8.202225946392858180e-01
2.783098372717147662e+00
2.422135553254941343e+00
2.776753018370462289e+00
1.266770415863038179e+00
1.266770415863040844e+00
1.614734591313374379e+00
1.614734591313489398e+00
1.614734591313374379e+00
1.585763857411871092e+00
1.585763857411871092e+00
3.418979281802815073e+00
3.418979281803022463e+00
1.827110427594390352e+00
1.827110427594152098e+00
1.151399557394942708e+00
2.910396561621791278e+00
3.734935836449383650e+00
1.714376898447588671e+00
1.714376898447588671e+00
1.841935717737401834e+00
3.918086597207997457e+00
1.137639600661481287e+00
-5.704980437678501826e-01
2.025403435490739756e+00
2.595986034708401835e+00
4.648256640904968151e+00
2.565542477485305284e-01
8.214970783196022808e-01
-4.000993265176882030e-01
-1.632119133013780532e+00
2.148120398786605545e+00
2.148120398786844021e+00
2.148120398786605545e+00
1.905171034146251330e+00
1.075073960608523560e+00
2.328066384036404202e+00
-1.221681250333150670e+00
1.282870315399312844e+00
3.586588174412494112e+00
3.371818637808008390e+00
2.283328732774235093e+00
1.784406351155340520e+00
8.814129680324813698e-01
-2.116799942467308959e-01
3.037031113567168816e+00
3.785774042154419483e+00
3.643945230585585726e+00
2.692918305609385499e+00
2.023821544109813964e+00
2.888124439687316247e+00
1.481408415595055761e+00
2.444763352300980852e+00
-1.198287165066557636e+00
-1.683250606234145907e+00
-1.494746848192587185e+00
-1.717223837292303878e+00
2.029548865042093198e+00
2.612844564458807639e+00
1.810790566639556287e+00
1.505185866916349591e+00
1.592725773966146452e+00
3.655351053394541694e+00
5.048284981236835556e+00
3.090730302578345690e+00
-1.682589891434658425e+00
-1.396065351257630427e+00
3.821150801292451327e+00
4.150529440759208377e+00
4.015268240351308471e+00
4.686017570301692636e+00
4.861160580982317292e+00
1.211469996041474984e+00
3.024911216146925597e+00
3.761310230196231785e+00
2.791698043493198611e+00
2.791698043493060499e+00
2.087217941152104128e+00
2.458293700039835272e+00
4.845433991273356611e+00
4.062346681714154251e+00
8.495152728473078785e-01
3.758201253419578336e+00
3.114221116323069083e+00
4.423190403853453745e+00
3.026031866986620855e+00
4.353810102049038289e-01
3.206192062596195935e-01
-1.985141212769394592e-01
1.217289842140221845e+00
3.162697840381983205e+00
2.422098447805297816e+00
2.926277224135413135e+00
3.453920266929190852e+00
3.301323171573759208e+00
2.461646545909952799e+00
4.073760918787556751e-01
1.152734168937628922e+00
4.701566098402381044e-01
4.701566098400454807e-01
1.410428007137663808e+00
4.808845938392417585e-01
4.084277742741030615e+00
1.358577351173575920e+00
8.849256675158020391e-01
2.204731836889782581e+00
4.776954032541282480e+00
9.416815814409835728e-01
3.832133991815077856e+00
7.172451897845697477e-01
1.280137310823962427e+00
2.090119877465594023e+00
2.241398745904999323e+00
-7.229327955016813245e-01
-2.083113097663169544e-01
-2.793950722882645454e-01
-3.987309392571405375e-01
1.424727329905338680e+00
4.696022334708481516e+00
2.451510224234857205e+00
1.568668526234207938e+00
4.047546655297598939e+00
4.346766467881837848e+00
2.818916635642064072e+00
1.755867467632877155e+00
2.527035727911451701e+00
2.670070552812808806e+00
-1.586880858848592313e+00
3.429696112555691734e+00
2.403339615247014116e+00
2.274216914291858238e+00
4.429561961592866304e+00
2.846817308192763463e+00
1.870101786850151937e+00
-2.722503622676606394e-01
3.367700047524943230e+00
3.218273926535375473e-02
-9.501510655004701267e-01
-5.190688752101779713e-02
-6.431760417000564889e-01
-6.671352249341342411e-01
-2.464915042874311624e-01
4.355075244038213000e+00
4.243014215313871684e-01
-2.390140095984703006e-01
-2.390140095984703006e-01
-2.390140095984703006e-01
5.190737674280790914e-01
5.190737674280790914e-01
5.190737674284983116e-01
-1.343858539218594217e-01
-1.343858539218594217e-01
-1.343858539219306980e-01
3.023728541770003275e-01
3.023728541767867206e-01
3.023728541770003275e-01
3.023728541770003275e-01
3.023728541767867206e-01
3.023728541770003275e-01
2.860630015400860149e-01
2.509825335213942132e-01
5.699072985803322888e-01
-2.356243751707953749e-03
2.335422580148656557e+00
-1.633399286442118736e-01
-2.374018729825650986e-01
-7.946859731744104760e-01
4.311619466463554318e-01
4.311619466463554318e-01
-9.546741326347751855e-01
3.418599685336694005e+00
1.845921806405919741e+00
1.845921806405919741e+00
1.845921806405919741e+00
1.845921806405958598e+00
1.845921806405823595e+00
1.954254038023843565e+00
1.954254038023674589e+00
1.540032720252649590e+00
1.975816958083486341e+00
1.540032720252601628e+00
1.975816958083486341e+00
1.975816958083486341e+00
4.333663078741196273e+00
1.460810373876633372e+00
1.702981964495391853e+00
3.530377490984575317e+00
1.524334323196481433e+00
4.620456522953185541e+00
4.350377493844405308e+00
1.125738893504694582e+00
1.174627760341143468e+00
2.792246244045090364e+00
1.867330229021948007e+00
2.404614207816724747e+00
2.528338491024615831e+00
2.980023299216439270e+00
4.423546879339522064e+00
3.132649058305871037e+00
4.346444755427739892e+00
2.863936028075858786e+00
-1.652973983593421403e+00
-1.120558992786198083e-01
3.137767024392497994e+00
3.950868464733746421e+00
3.674248810374456831e+00
3.288310622883527490e+00
2.126339940315498556e+00
-1.352038674158929199e+00
-1.043346875447505484e+00
4.766335104699646052e-01
-5.688179585524026916e-01
-4.105195700319648200e-01
4.271086979043395182e+00
-7.850251763746409761e-01
2.547374789592629529e+00
3.168281243791049029e+00
-8.402067282591711983e-01
1.490255538399481106e+00
-4.174580477751683727e-01
4.821778053540318076e+00
-1.511423533614315362e+00
-1.380348287094362858e+00
-8.179367807125481615e-01
-1.139567807470556415e+00
2.174195786899064231e+00
5.087704957562579899e+00
1.287228408065924867e+00
3.442751970037345011e+00
2.098664457981755049e+00
2.785967876110817976e+00
1.947236142578339990e+00
2.320787185622154247e+00
2.320787185622271487e+00
2.597107776119702560e+00
4.398255206275471174e+00
4.365022454723535006e+00
-4.785432062807337683e-01
3.099650741562108625e+00
1.290035931927542068e+00
1.368999342436269639e+00
1.374485757470728098e+00
3.242494763254034851e+00
-8.960147653056511619e-01
1.163960658733380393e+00
9.569994535960446580e-01
1.251685133533395833e+00
2.639887132216492294e+00
-9.218959913718112187e-01
1.302561195492596635e+00
2.734243273319390433e+00
5.257583641081454928e+00
4.824466975870602248e+00
2.767823970581732684e+00
-9.356668073643656935e-01
3.144973334621051553e+00
1.700513082557320921e+00
2.915572515385619123e+00
2.659815915450409740e+00
-3.198115861607222499e-01
9.500950861691959126e-01
-1.026341839831352631e+00
-1.262419574938655531e+00
1.642227469678350094e-01
-3.429118730319153929e-01
4.177448000399809125e+00
1.896200346770610778e+00
2.291745519015887300e+00
2.291745519015887300e+00
3.873276616964564489e+00
2.035180723019715199e+00
-1.639838200068751251e+00
1.108875941423442146e+00
1.390353395503179934e+00
1.007235873284874073e+00
1.410428007137519035e+00
1.887268945685523835e+00
1.944245598827805566e+00
3.002263007863703148e+00
3.184915292381094165e-01
-6.620196824048776296e-01
-6.787413753802249428e-01
2.054356631837952474e-01
-1.614940174971595255e-01
8.074761227331412883e-01
1.423669510903415203e+00
2.660300264176061802e+00
1.596372185265999111e+00
1.545023320418578150e+00
1.697905788372321645e+00
1.282543740735821558e+00
6.814494757491090793e-01
8.074761227331697100e-01
1.267917423662319187e-01
-5.133676752617977179e-01
1.540290047240533200e+00
1.697905788372321645e+00
1.282543740735821558e+00
7.706801922284123307e-01
4.704194275762580979e-01
1.268375413260762308e+00
1.953691410002164730e+00
1.266640111180107109e+00
1.194947804112251877e-01
1.636104428892102947e+00
-4.835411551819344123e-01
4.756971028313219385e-01
4.108669643892313150e-01
-4.567765140390809275e-01
1.694561273383740518e+00
1.953691410002164730e+00
1.953691410002164730e+00
1.055668573995131254e+00
1.866387416363021634e+00
2.159658705238396426e-01
4.756971028313219385e-01
-5.647868978343375534e-01
4.108669643892313150e-01
3.053082444244594740e+00
2.445422667611071965e+00
1.420207919883570868e+00
1.824960123227837183e+00
1.215559953268047888e+00
1.919230165195791038e+00
1.076182986221692506e+00
9.903660706873440578e-01
1.893520172088281051e+00
-3.928383021739372261e-01
2.713322866068370143e+00
2.226511809594371005e+00
1.792413890094121331e+00
2.598036190003448098e+00
1.476911895508467909e+00
1.112545278622021572e+00
2.121529934022388098e+00
1.221947731651398472e+00
1.221947731651398472e+00
2.242801530695268664e+00
1.327361931063330669e+00
1.822892512457445324e+00
2.194400444384080551e+00
2.147681792237896570e+00
1.554703049493888045e+00
4.806910375001970381e-01
1.979910976856709803e+00
1.968625726621900274e+00
6.814494757491090793e-01
9.143887393566872968e-01
1.792413890094121331e+00
1.944664512346637508e+00
1.599607642580505473e+00
3.411274399636570642e+00
1.476911895508467909e+00
2.082649386928292934e+00
2.121035369335979581e-01
1.501710398804432911e+00
1.694561273383740518e+00
6.251570218669703083e-01
3.033245335501963957e+00
7.676000550968726799e-01
1.559824308309952556e+00
3.716767413730508451e-01
2.233975969852047605e+00
3.777271257386498604e-01
1.327361931063330669e+00
1.971651404639833238e+00
6.080153453088125159e-01
3.417255198436774943e-01
1.419025110001147505e+00
-1.018617172074226973e+00
-7.957062131183054721e-01
4.207492012387614722e-02
4.207492012387614722e-02
6.234709972685867907e-01
-3.290660002493071001e-01
-5.452079052941898318e-01
-1.861886620321628882e-01
-1.376649696978909043e+00
5.709508884689146191e-01
-9.340322346901304140e-01
-1.380348287094362858e+00
6.234709972685867907e-01
2.911360286546935683e-01
4.666248574051574671e-01
7.019155607702638466e-01
2.549945548865963918e-01
3.413846456267388696e-01
6.160158687396980470e-01
3.436372010515826858e-01
-3.916399523027327412e-01
1.266640111180107109e+00
-9.323678767522369792e-01
6.234709972687422219e-01
-5.437600785378351453e-01
1.914148416745580672e+00
1.907913339617979265e+00
2.034227277694976355e+00
2.034227277694976355e+00
-2.640362548167904944e-01
9.065217216925391952e-02
6.384233426423254754e-01
2.034227277694976355e+00
1.210119089487581512e+00
2.166676359496483517e+00
2.703145528148998000e+00
1.980446318871869948e+00
1.737573721368223856e+00
-8.965990269825445669e-01
2.056904933415949710e+00
2.258633565207619043e+00
-6.656437917215751732e-02
2.039417927371145467e-02
7.250573512812141797e-01
7.727926289996523979e-01
6.001013503388987758e-01
2.338586227646040072e-01
-1.015306732862429451e+00
7.103106346426717455e-01
4.722947467127484034e-01
-6.636928522602481006e-01
-2.366449875127403235e-01
2.350148457186240769e-01
7.624685460858398045e-01
1.096037697602799899e+00
1.455058692051300895e+00
-4.054290181271480442e-02
9.165028181329402113e-01
6.717589031055013482e-01
3.216644117274485293e-01
4.900395457134157917e-01
1.054312292283999142e+00
1.054312292283999142e+00
6.488856899200653450e-01
-1.094418597449697828e-01
-6.720544423520065092e-01
-2.672031913759751465e-01
-1.604170596663683446e+00
1.845921806406199739e+00
2.731765536776964431e-01
3.015772789524384656e-02
-2.762129178264935980e-01
-6.601339852715495393e-01
-1.356791808281731404e+00
-1.096272052382767370e-01
-6.296779684297226787e-02
-3.822756471999260164e-01
1.106254337610986571e+00
-1.284583019336547283e+00
1.149221781791479380e+00
4.108669643892732815e-01
-2.280359882587683629e-01
-1.826455683309111677e-01
2.502282301597471115e+00
-7.023789760983401020e-01
-3.454179268113495294e-01
2.775066927632714453e+00
1.686537280629280655e+00
-1.173962254965851271e+00
-3.456051038816674303e-01
1.540032720252525023e+00
2.463745255685359403e+00
-1.132656719721429228e+00
-1.471898059835509143e+00
2.395792292344343100e-01
1.407214500412062863e+00
1.486464814238412258e+00
4.853799140098147280e-01
1.541879464348569595e+00
1.437473881167989909e+00
1.551579957127987131e+00
1.847191524298898990e-01
1.067027845312493728e-01
2.320787185622446458e+00
1.540225921185940150e+00
1.045982701066101583e-01
-3.475158322873319605e-01
2.121035369338120091e-01
9.411245857801594505e-01
2.702026613142599842e+00
3.562644725243531152e-01
5.041760598370250701e-01
1.786435375090713151e+00
1.433333326036972055e+00
1.095570899137751963e+00
1.879791336001692903e+00
2.181148816574558946e+00
7.144176106467329257e-01
6.096259519310776032e-01
-1.434777995222835667e-01
-1.530322172108400380e-02
1.012305753100202432e+00
3.687815657253068480e-03
5.709508884690113195e-01
1.108269392269302545e+00
1.917412145516810273e-01
6.359439733455420907e-01
3.436372010511470343e-01
1.268375413260762308e+00
4.569067946995365226e+00
2.138205566045465744e-01
-6.688609623837393769e-02
2.421286515298477049e+00
-5.625965449850138800e-01
6.274931896253285180e-01
1.474062211743371931e+00
1.732589495477644181e+00
1.988190000696137494e+00
2.906651920659074406e+00
4.058164762345835896e+00
3.293477075513269181e+00
4.058164762345910503e+00
1.049280527678075892e+00
2.633733477646665655e+00
1.107626115141628453e+00
1.266640111180107109e+00
2.034227277694976355e+00
1.876090357909511619e+00
2.242946007849207390e+00
3.810195900159205173e+00
2.242946007849207390e+00
2.195837709610219957e-01
6.684674703430331100e-01
2.917264175750700073e-01
2.037402142450317477e-01
2.633733477646665655e+00
1.533264888493945488e+00
1.876090357909511619e+00
3.493411398067722828e+00
-1.343858539219511261e-01
2.633733477646665655e+00
-2.265554720303482039e-01
1.281978604213781736e+00
-1.650140362893442125e+00
1.876090357909511619e+00
2.633733477646665655e+00
2.109363672514623200e+00
2.464169256332043645e+00
3.761097301734563914e+00
2.288241290166117992e+00
2.440005907296201038e+00
2.803922585103825860e+00
-6.205121990016946310e-01
-1.343858539216671311e-01
1.876090357909511619e+00
1.634570236357747230e+00
8.493482390486728484e-02
-2.570003324837148995e-01
-5.672062476598476177e-01
-7.642988998461859307e-01
-5.174335707763548786e-01
-4.155117215793751040e-01
3.037333773488271049e-01
-1.000590292156559036e+00
-7.751396993437922323e-01
-1.349228102709189470e+00
-5.174335707763548786e-01
2.517404159339540648e+00
7.677989266873963548e-01
3.695634454272096470e-01
9.156059440498851565e-01
1.645677888133425970e+00
-3.394468249065156762e-01
1.209148388631581028e+00
5.902734941623785092e-01
7.677989266872373708e-01
-8.129529319474222415e-01
-3.474184836342641969e-01
1.264690909563053856e+00
2.193645789305724847e+00
2.258633565207619043e+00
1.460240590942261996e+00
2.968915399645319475e+00
3.761310230196118987e+00
-2.205332273074223082e-02
4.921140861093272756e-01
1.535817831964135127e+00
8.196693066580542641e-01
9.892729535780090400e-01
1.017083859025217363e+00
1.910996153151268251e+00
-3.210630886073171375e-01
7.609205031759502802e-01
8.162023334063883695e-02
-2.116799942467308959e-01
7.883662606759670455e-01
-8.965990269825445669e-01
-2.374018729825650986e-01
4.243014215319129701e-01
-2.374018729825650986e-01
1.845921806406199739e+00
9.918354458417097952e-01
1.454657376273136071e+00
9.343916644927243720e-01
1.027197431257115490e+00
2.045687794829702977e+00
-7.089606146631832750e-02
-1.741392888448706211e+00
2.288140498303374404e+00
9.567577562812989989e-01
3.733178298908208070e+00
3.733178298908317316e+00
1.876238545360304766e-01
-1.389237893427119896e-01
2.288140498303293136e+00
1.478493973457444710e+00
-5.340518045396083213e-01
1.890232133226297462e+00
1.934087268303653406e+00
1.458266965617065702e+00
-1.357946979846835767e-02
9.556495665323188060e-01
-9.913177695115704680e-02
5.378512730314006784e-01
1.506231495030367018e+00
1.710960282911999641e-01
-8.193854656720336305e-01
1.680245700333902636e+00
1.196209131239814427e+00
-1.075807975095348645e-01
1.734257625387224167e+00
1.818794971561888962e+00
6.108813999987199317e-01
4.722947467127588395e-01
-7.734834826172487521e-01
1.619853022376695151e+00
7.655258957212398574e-01
4.722947467127588395e-01
-2.231991886901998345e-01
1.757508614301082073e-01
6.308904381879535395e-01
8.572668643866492300e-01
-7.084574627164830218e-03
9.259025044877030597e-01
1.267917423662319187e-01
4.900395457134157917e-01
1.419025110001147505e+00
1.089423682247049330e+00
-1.276710106356905738e+00
2.081570720064354063e+00
3.015772789574300283e-02
2.064504187624538467e+00
2.020215154431618920e+00
-2.762129178268768470e-01
3.015772789524384656e-02
7.179996818519218671e-02
1.591579250679488133e+00
-4.860689463063885274e-01
1.461535066834024565e+00
-3.590946845012774613e-01
1.049280527678075892e+00
1.049280527678075892e+00
-1.872276106240475801e-01
1.436491260328813802e-01
2.288140498303374404e+00
9.551001587122556202e-01
2.288140498303374404e+00
1.503283652011355720e+00
1.798640430231532861e-01
9.808965198571009125e-01
1.268375413260762308e+00
1.498864215391209287e+00
1.408382446839200997e+00
8.222361366868925492e-01
-1.205448482057103199e-01
2.502282301597471115e+00
5.773107741700563844e-01
1.108875941423442146e+00
3.418979281802903891e+00
1.503283652011355720e+00
-1.558275757473700951e+00
-3.454179268113495294e-01
9.741026247019810569e-01
1.301345088048664334e-01
1.084375677797786652e+00
4.701566098402385485e-01
2.112985520784931293e-01
4.895328778855012608e-02
-5.390227075678730717e-01
-6.223782673114650610e-01
-3.429934642939229672e-01
-4.406269185477114103e-01
4.766335104700096803e-01
6.217481329968155279e-01
1.416700247788371891e+00
9.906172803980684005e-01
2.395792292344032237e-01
3.989551322177219639e+00
2.258956060813104738e+00
1.854729568615338442e+00
1.849744727425459923e+00
1.448989267808676651e+00
1.847307266097867329e+00
2.008533913229032741e+00
-1.093760060702404502e-01
1.033704147032715515e+00
2.320787185622446458e+00
2.634621167125891894e+00
2.347291463165409819e+00
1.503494005761249586e+00
2.005108499652441978e+00
6.836583606500585830e-01
1.565206120074553953e+00
2.681389679527803160e+00
2.281018202015727248e+00
4.067343664612904419e+00
8.095951132612101420e-01
6.359439733455420907e-01
1.266640111180107109e+00
1.268375413260762308e+00
5.078585444407313076e-03
-8.403392498726909299e-01
2.917264175750700073e-01
1.049280527678075892e+00
2.633733477646665655e+00
-1.343858539219511261e-01
1.876090357909511619e+00
2.917264175750700073e-01
1.049280527678075892e+00
3.019783844070188739e+00
2.633733477646665655e+00
1.144551373590548149e+00
7.156717393203484434e-01
1.876090357909511619e+00
8.506760539983875269e-01
-3.505997092835138051e-01
6.078478144359641400e-01
-8.949374193698191871e-01
1.169298771315051333e+00
-3.407178920830307156e-01
-2.205332273058102643e-02
1.535817831964135127e+00
8.196693066580542641e-01
1.481014596086423607e+00
1.017083859025217363e+00
1.108875941423442146e+00
1.209148388631581028e+00
7.883662606759670455e-01
4.243014215319129701e-01
2.045687794829702977e+00
1.400605194915829799e+00
1.054792438605677285e+00
2.103930149680685702e+00
1.960834953716986462e+00
2.308382916491912962e+00
1.458266965616849209e+00
1.934087268303653406e+00
2.288140498303374404e+00
3.204497936499679511e-01
3.065893360133895573e-01
9.259025044881478150e-01
1.098087448178901804e+00
3.235084676875037424e-01
9.279086034768770919e-01
1.284695265985351664e-01
-9.316666359752423521e-01
1.419025110001147505e+00
3.274226748029811063e+00
-4.636188609389688686e-01
4.683819789430094804e-01
1.386979981475602308e-01
1.202402730215408999e+00
7.855332975892975744e-01
2.318619492772764801e+00
5.371732801505435528e-01
1.498864215391178423e+00
9.906172803980684005e-01
1.408382446839200997e+00
2.138205566045465744e-01
1.266640111180107109e+00
3.261652033665444428e+00
1.500725767028444402e+00
6.169812482716996449e-02
1.503283652011355720e+00
5.773107741700563844e-01
5.902734941623785092e-01
1.503283652011355720e+00
1.656488558532793309e+00
9.741026247019810569e-01
2.492775476989711692e+00
1.579579187386560113e+00
5.190737674284983116e-01
2.112985520785184423e-01
1.845921806406199739e+00
3.169465060696814884e+00
-8.395474529907536176e-01
7.142418180398346639e-01
1.272462161149364279e+00
2.112985520784931293e-01
1.808951535347133710e+00
1.228363819650392097e+00
1.555435903129825270e+00
2.026783251100950256e+00
1.847191524298898990e-01
2.303897825493526508e+00
1.694561273383740518e+00
1.540290047240495230e+00
1.221947731651651825e+00
1.223939826140257203e+00
1.556459555453266308e+00
1.554703049493823652e+00
1.325894827699868328e+00
8.095951132614740420e-01
2.608663950171050239e+00
-2.873411557001011030e-01
3.061678177137459933e+00
-5.471315177945650365e-01
-6.788181709459009117e-01
1.579360655479424835e+00
1.407307175677885880e+00
-9.874412990731651352e-01
1.209148388631581028e+00
7.677989266872373708e-01
2.597855271375824948e+00
8.973539712923304101e-01
5.257780856085002563e-01
1.460240590942261996e+00
-2.205332273063831394e-02
7.725502109404559503e-01
1.293412983702596275e+00
1.535817831964135127e+00
8.196693066580542641e-01
1.264690909563053856e+00
8.162023334063883695e-02
7.883662606759670455e-01
-1.094418597449697828e-01
-2.310020342960468209e-01
-2.374018729825650986e-01
1.845921806406199739e+00
4.683819789429055636e-01
2.470224498287653336e+00
2.045687794829702977e+00
2.489913475291075429e+00
2.380204039488808654e+00
2.714399510777223856e+00
2.456833888315693937e+00
1.510226443658125861e+00
-7.373470360570277826e-02
1.960834953716986462e+00
1.859793256330214861e+00
1.934087268303653406e+00
1.458266965617065702e+00
1.506231495030361689e+00
1.017083859025217363e+00
1.486464814238412258e+00
1.236659174267417338e+00
1.680245700333902636e+00
1.818794971561888962e+00
4.741702361805351096e-01
1.708633335797345998e+00
1.323435787263405938e+00
1.814137760039464364e+00
4.722947467125215848e-01
1.566969673217103232e+00
8.572668643866492300e-01
7.624685460858398045e-01
9.279086034768023739e-01
1.352169002095424233e+00
2.081570720064354063e+00
3.665025378892687868e+00
1.591579250679542756e+00
1.688465351055362440e+00
1.076182986221692506e+00
4.723795533885609466e+00
1.049280527678075892e+00
7.855332975892975744e-01
-2.333354722934721792e-03
8.699796230639007533e-01
1.988943746631177678e+00
1.437473881167989909e+00
1.498864215391178423e+00
9.906172803980684005e-01
1.488502946318055464e+00
1.408382446839200997e+00
-3.474184836342677496e-01
1.268375413260762308e+00
-9.472781338551199415e-01
-5.780219410694182880e-01
1.961963296475875307e+00
1.503283652011355720e+00
1.614734591313374379e+00
5.773107741700563844e-01
3.493411398067739704e+00
4.787271901274712249e+00
3.418979281802903891e+00
-4.215680337456846338e-01
2.272928374827079878e+00
-2.374018729825650986e-01
4.243014215319129701e-01
-2.390140095985309188e-01
2.661694988839895526e+00
1.896200346770482437e+00
1.847191524298898990e-01
1.694561273383731415e+00
2.195748453430143243e+00
1.322590204900507604e+00
-1.356269507917041262e+00
4.683819789429055636e-01
-1.284583019336547283e+00
6.510565052157611943e-01
-2.387291266932469735e-01
-2.100979794417494606e-01
1.263788949681474261e+00
2.288140498303374404e+00
1.376992252188867560e+00
9.299135996246910008e-01
1.770481137364031454e+00
1.185464843360553022e-01
1.845921806406199739e+00
2.864125900817107162e-01
2.565542477483748751e-01
3.699602054738255763e-01
1.503283652011355720e+00
1.845921806406199739e+00
1.314300467314102328e-01
-4.119627963819543215e-01
7.855332975892975744e-01
-2.240770022036708831e-02
4.867171569230393402e+00
-4.040535271147507324e-01
8.622334837137644037e-01
-8.006792951667269786e-01
1.910996153151268251e+00
7.855332975892975744e-01
-2.333354722720226704e-03
-2.333354722934721792e-03
1.845921806406199739e+00
-3.429934642939045375e-01
2.158530984336078262e+00
1.845921806406199739e+00
3.572113588302988418e+00
-3.765119893712258747e-01
-7.311102815112546782e-01
-4.372485789122040334e-01
1.698707259020820315e+00
-5.350128648584022706e-01
3.220328438810656557e+00
7.383981146906770654e-01
3.880432336104244762e-01
1.175346900530168659e+00
-4.504170467400281375e-01
3.036818613596298899e+00
5.965590245128182811e-01
-7.869984529386193639e-01
2.106789233320373267e+00
-7.348838616740827057e-02
-7.057841142199288154e-01
-7.612169891952846879e-01
2.559127762086541580e-01
-1.352038674158929199e+00
-2.156683406471888720e-01
-8.179367807124295897e-01
1.125603003374870292e+00
3.796906370643534423e+00
-1.222430988757733816e+00
-3.248334531154699611e-01
4.594982301932077906e-01
1.971827152610911904e+00
2.096283880171878167e+00
-3.115346111249033267e-01
5.260600539420544619e-01
4.467066934590288030e-01
1.836779678943650129e+00
1.618057533976255957e+00
2.490333513690483169e+00
1.481014596086423607e+00
7.172451897844972502e-01
5.862741128505172261e-01
4.921140861093393770e-01
7.105470514943462712e-01
1.460240590942261996e+00
1.721157400199539333e+00
1.730924105119999057e+00
9.312984437540097193e-01
2.174589706955472046e-01
-2.293010642846957658e-01
-1.163307619358482592e+00
4.462443534993955296e+00
2.241381322068827675e+00
4.633315373145317828e+00
3.288310622883527490e+00
-1.652359759093958713e+00
-4.770257700452875671e-01
3.686817989091952796e+00
2.670728595574223263e-02
-2.228965189762706078e-01
2.461646545909952799e+00
2.635788232156765609e+00
3.778470372780773356e-01
3.548904083484252681e+00
4.581963544672036370e-01
1.120592966107847310e-01
2.531274106683018665e+00
1.815593962242163961e+00
2.317358656860719179e+00
4.837048932075217467e-01
2.269589232633841824e-01
4.805387231617245014e+00
3.367368080884164172e+00
1.143817685416743224e+00
1.813536256501096844e+00
-1.872276106240475801e-01
5.873124239033434835e-01
-1.263365098703303824e+00
-8.217247923513475438e-01
1.970427320174072960e+00
3.695634454272096470e-01
-3.425196606775844366e-01
3.641957877101063001e-01
1.465364698679072486e+00
1.149221781791479380e+00
2.078123148009502152e+00
7.128021412060935313e-01
2.230840740613326822e-02
-3.489684795517613569e-01
-1.571363226175678696e+00
4.465687857547430140e-01
-5.077661163748763418e-01
-8.129529319474848581e-01
-7.103790185449667671e-01
4.833276079755084886e+00
3.813508115411382349e+00
1.577816618465097021e+00
-5.852236885410990741e-01
4.110454772729321693e-01
1.025607430162370326e+00
1.393258966379044006e+00
3.360314893293372407e+00
8.323947204794558408e-01
-1.446227265112232319e+00
-1.829399894216967581e-01
1.699580635653020755e+00
6.980820033789052470e-01
6.208862256985329120e-01
2.575398534728143396e+00
1.698840692611075509e+00
4.307380982983326501e-01
3.682824513844165093e-01
-7.556791983618624808e-01
2.530010141815798974e+00
5.497245938370547425e-01
1.762058922493605406e+00
1.570150234814077006e+00
1.697905788372321645e+00
1.697905788372321645e+00
-3.633323373094698994e-01
1.614355933523574649e-01
6.988834612098506760e-01
-5.174335707760506775e-01
1.546748981351399266e+00
-4.990552245117731989e-01
1.230390589890894892e+00
1.230390589890613118e+00
4.356096487950951612e+00
4.057530497948768300e+00
3.500621190603842692e+00
3.662184007380653306e-01
-7.713565956166450466e-01
3.019090211638435495e-01
4.200938803021035284e+00
-1.717223837292303878e+00
-1.341567820752721962e+00
2.137651124490695942e+00
1.057787043931980753e+00
3.482889481132691589e-01
1.983709139376930608e+00
-5.241833125653161396e-01
1.492406146315307325e+00
1.546748981351770524e+00
2.276037659118389733e+00
3.858809318017250689e+00
4.233393857682312245e+00
4.398255206275567986e+00
8.746938675830080445e-01
-4.550906991098566667e-01
-1.470953935356842601e+00
2.644200341750613248e-03
2.644200341750613248e-03
-9.186578101652729256e-01
5.032240114433391698e-01
-1.608376990465288481e+00
-8.254263659303744394e-01
1.414176430965051301e+00
-7.046595682613323586e-01
8.954929985083487365e-01
-4.375413481630292534e-01
3.203214199782437266e+00
-9.433808744576961391e-01
-1.172862094312185688e+00
4.382672798042918316e+00
-1.319020186792488003e+00
4.166655336520197039e+00
1.760709143354890927e+00
2.941647964858291608e+00
6.970455433122542122e-01
6.169812482716996449e-02
-3.290660002493071001e-01
4.458430468171296290e+00
4.715255076653400712e-01
2.164577738163132370e+00
6.169812482716996449e-02
2.755633277618614763e+00
2.559127762086541580e-01
3.099697035549727087e+00
-9.816663788193944473e-01
4.783896395715594885e+00
3.947709239747258181e+00
1.420922672141658127e+00
3.798654645779306893e-01
-1.466251050337454620e+00
1.229131546378814388e-01
1.317976933653864480e+00
-1.045297137692063894e+00
2.822881625239517245e+00
-1.991353285786043870e-01
1.057787043931980753e+00
1.122625421041530291e+00
6.707534081789996439e-01
1.818794971561888962e+00
-8.362064144987837455e-01
-1.042482231551900673e+00
1.896835469321743295e+00
9.892729535780090400e-01
1.282543740735821558e+00
4.843355277349504773e-01
1.328004350187361737e+00
1.352169002095424233e+00
-7.606479351146495649e-01
2.594501984735429811e+00
2.233892937682893987e+00
4.647020001615191021e+00
-1.496559712502094852e+00
1.693985677556293812e+00
1.216625029426139815e+00
7.624685460854965235e-01
1.988943746631177678e+00
-6.039687053505924386e-01
2.293540787635086620e+00
2.054876094370559514e+00
4.917936041653093504e+00
4.456596814138031881e+00
3.948059404640693160e+00
4.846891458556426002e+00
5.088467912747336008e+00
1.279671041364272455e+00
1.979910976856709803e+00
1.575963083097614348e+00
6.080153453088125159e-01
1.523118624346247563e+00
1.192084867536776338e+00
4.950654605379091189e-01
-6.134078037248413828e-02
-1.065262902012279911e+00
2.338586227650902849e-01
2.916243171840147141e-01
-7.371892944102398371e-01
4.635924694270651791e+00
2.936508080597560078e+00
4.752746276355646060e+00
9.771460655582329125e-01
1.482431392728169151e+00
1.124452001678073243e+00
1.596372185265999111e+00
1.124452001678073243e+00
6.795230851939737526e-01
2.035354178811184411e+00
8.364525232665483978e-01
1.124452001678073243e+00
2.035354178811184411e+00
1.747905279326962491e+00
2.467709025806021916e-01
2.035354178811184411e+00
2.410612799142978435e+00
2.072325958231637788e+00
2.047577728612075543e+00
4.647133712459563526e-01
3.820819714431308967e+00
1.546748981351399266e+00
4.497671521710757681e-01
1.729327266681898845e+00
2.098087202981032462e+00
1.729327266681898845e+00
1.847513737857563010e+00
7.322420454475448981e-01
2.986880815214605356e+00
1.847513737857563010e+00
-5.143363491038621671e-01
-5.066964398759024046e-01
-1.752067424020223863e+00
-8.243220694886324029e-01
3.657290594805823858e+00
3.253013958244882264e+00
3.021543318930318467e+00
1.031074871566021400e+00
4.249073923905276828e+00
3.154963182178021075e+00
2.330920944318500609e+00
4.678816583553146558e+00
4.342601122631965183e+00
3.628406324541018968e+00
4.079517233360728135e+00
2.136683257841139216e+00
1.613220047483749919e+00
1.459197510096662986e+00
1.921657666388637109e+00
2.943913902206060307e+00
9.929228425764382582e-01
2.250405617052892104e+00
2.943913902206060307e+00
2.412981451243022324e+00
2.168570863554142747e+00
2.622849322773896041e+00
1.620398393060158426e+00
1.200100745475335851e+00
2.654271826764079023e+00
1.670818232090333089e+00
2.870586142692536757e+00
1.696230572468957698e+00
3.493446964770540397e+00
7.842447805171716135e-01
1.403682787595787129e+00
-3.898359570786487094e-01
1.302130754834852855e+00
-4.791849901271434398e-01
1.302130754834852855e+00
-4.779586858124649229e-01
2.737260569700996626e+00
2.337995538582471777e+00
3.961959135747366023e-01
1.696204941192389626e+00
-1.073919791844766269e-01
1.033704147032715515e+00
1.071061400528358964e+00
1.696204941192389626e+00
2.492101895434849279e+00
1.461535066834024565e+00
1.405414164134932253e+00
1.696204941192389626e+00
-1.535477199395325343e-01
1.377725642823014018e+00
5.748345201209632549e-01
1.735772679275755515e+00
1.391332941355140962e+00
1.763842691846217559e+00
3.268782324039585685e+00
4.169410737855840487e+00
2.076830471465895833e+00
1.674227306640653001e+00
-7.521294512083038786e-01
2.098087202981032462e+00
1.546748981351770524e+00
2.820958737924744497e+00
2.443623570194772832e+00
2.098087202981032462e+00
2.055941508251630800e+00
1.200100745475259689e+00
1.012319376147330807e+00
1.302130754834852855e+00
-1.014330455713872148e-01
4.890417451111707337e+00
4.550149915867239159e+00
3.743819366009186744e+00
5.218348222788414148e+00
3.457398505569977409e+00
4.776793351977412172e+00
-2.312510040046502624e-01
1.674227306640653001e+00
3.510775387251103830e+00
2.556354284040479818e+00
4.134576936965130400e+00
-1.534486228446512168e-01
-9.074185407326169628e-01
-1.395664662516837629e+00
-1.048520617523444054e+00
-5.921281489610288329e-01
3.093015466005606395e-01
-5.375172503127911838e-01
-3.727035939525216168e-01
1.639441491594148426e+00
4.319479425968804076e-01
2.339558361556399291e+00
3.755972806310284184e+00
2.971155596404645216e+00
1.315778994548397973e+00
2.184092889419947614e+00
3.060921477848626893e+00
9.843836880188973071e-01
2.539007102165478091e-01
3.372248496739221224e+00
4.173782212297001415e+00
2.916243171840307014e-01
1.503494005761249586e+00
1.829799667292011822e+00
6.359439733455420907e-01
6.974550398494578918e-01
1.282543740735821558e+00
3.235084676875037424e-01
7.019956267972384811e-01
-1.075807975096219060e-01
1.029099595089030927e+00
2.502982168937339047e+00
1.124452001678073243e+00
1.282543740735821558e+00
1.921657666388637109e+00
1.556459555453266308e+00
1.218585293322300700e+00
7.645485929570031702e-01
2.502982168937339047e+00
2.502982168937339047e+00
2.046954940595523631e+00
-1.058253198165093334e-01
2.122153368977647059e+00
-7.006561867047171877e-01
1.697905788372307434e+00
8.187118961872608125e-02
-2.265470076317366299e-01
-2.265470076317366299e-01
5.088320526404287447e-01
2.186723345704221444e+00
-3.883588597617249061e-01
-4.631199099238996197e-01
2.083038089499097190e+00
7.922754132782602321e-01
7.014552755212370982e-01
7.014552755212370982e-01
1.788001807666328435e+00
7.014552755212370982e-01
-1.898585523070575043e-01
-2.390140095984703006e-01
4.137325946060110837e+00
3.571609497706051961e+00
1.327169867416937876e+00
-1.221681250332774971e+00
-6.605769402420798020e-01
1.241083565714526049e+00
3.018552711553771584e+00
8.215393722260763143e-01
-4.383561030900409161e-01
1.694514542967777704e+00
1.654792789066021896e+00
9.251552035352541559e-01
1.434089790844507606e+00
8.364525232664850041e-01
2.316640202611115473e-01
2.878013845405056337e+00
3.800672127985413873e+00
1.725063239076688459e+00
1.259698480125512665e+00
-1.160406656369249889e+00
1.920037948200638445e+00
3.207604105335745359e+00
6.994510345806626006e-02
2.494226590935855636e+00
-1.014330455713872148e-01
2.125990438621666812e+00
1.662514494884361760e+00
3.167166363255211614e-01
4.931673026235728230e+00
1.284269443060503724e+00
1.282543740735821558e+00
7.185260628734978505e-01
9.470718461225846596e-01
9.808965198571009125e-01
4.594331808711952014e+00
4.217618523285257659e+00
3.331134906744853019e+00
1.252045235026730596e+00
-3.802147319666215886e-01
-1.566960230489367056e-01
2.261091018858463642e+00
3.031417724620278698e+00
4.099616696818985773e+00
3.275434383743159650e+00
3.055786099360020991e+00
4.776954032541263828e+00
4.776954032541263828e+00
3.571195985005760853e+00
2.926277224135331423e+00
3.685612916293295349e+00
3.439960445634038688e+00
1.152734168937336712e+00
4.701566098402385485e-01
-3.454179268113495294e-01
2.596341399271148376e+00
-2.228965189762706078e-01
1.746239322327675536e+00
2.294960060733183482e+00
1.941767915813098266e+00
1.481014596086423607e+00
1.202402730215408999e+00
1.272357143733252816e+00
2.464250944444543290e+00
1.861372757143174628e+00
1.328004350187361737e+00
1.352169002095424233e+00
1.386979981475602308e-01
1.688465351055362440e+00
1.063127292590855255e+00
-1.013441513189333731e+00
-1.494746848192837652e+00
-1.700507209998248337e+00
-3.655672185580831623e-01
3.186871917117772846e-02
5.924803712188365656e-01
1.204238113638675278e+00
1.288900239286684846e+00
1.202402730215408999e+00
3.494702058272829426e+00
2.308382916491778403e+00
1.644659136606620997e+00
1.033704147032715515e+00
-2.415374711259397067e-01
4.015268240351308471e+00
4.861613385885821259e+00
4.714560337554563496e+00
1.095570899137751963e+00
1.546425501257547408e+00
3.926697538378876029e-01
1.328004350187361737e+00
7.655258957212398574e-01
2.054809807409518463e+00
4.125395941724871562e+00
2.877500441332219161e-01
5.009492987762442784e-01
4.990695758567152751e+00
2.403685074509885222e+00
1.104095423497356121e+00
1.386979981475602308e-01
1.445470970598350613e+00
-2.390140095985309188e-01
1.163960658733387277e+00
2.463745255685580560e+00
6.293117750736157978e-01
1.662514494884361760e+00
2.067561575231327886e+00
4.346766467881837848e+00
4.469215098895934268e+00
1.755867467632877155e+00
2.527035727911451701e+00
2.670070552812808806e+00
-2.974630091153065425e-01
-1.586880858848592313e+00
3.429696112555691734e+00
2.403339615247014116e+00
4.429561961593001307e+00
2.846817308192763463e+00
2.645032574572593553e+00
2.320787185622446458e+00
-6.671352249340316565e-01
1.684414993175955999e+00
-8.839828488395922168e-01
2.467709025806021916e-01
1.757646321757011743e+00
-1.574019361942803341e+00
1.524334323196481433e+00
-1.288511038878160653e+00
2.404614207816724747e+00
2.528338491024615831e+00
-3.290660002493071001e-01
2.812501119636758418e+00
-1.263345375411596416e+00
4.346444755427739892e+00
-2.121830644314246506e-01
4.257242583596851926e-01
5.841551586080613312e-01
4.327655169189984719e+00
-1.872276106240475801e-01
2.031309503234945968e+00
-1.253540056868669206e+00
4.810972243530707182e+00
4.902883507431345045e+00
7.541430676011687817e-01
1.823990316997848415e+00
3.950620288732836549e+00
6.814494757491090793e-01
9.937055893567925402e-01
2.473916490681709046e-01
4.913708977461507033e+00
4.365022454723535006e+00
1.290035931927519197e+00
1.538286658836699905e+00
1.978381460571229322e+00
2.891540006689026221e+00
1.255983142699995669e+00
3.038505616987833502e+00
-1.847423181293297079e+00
-1.563314641800736871e+00
-1.262419574938646205e+00
-1.591321860556751400e-01
-3.429118730316205177e-01
