1.091661262635087892e+00
1.063300044670438593e+00
1.090572032950858805e+00
1.066384486102171625e+00
1.062160603138805337e+00
1.075532314489512808e+00
1.075143491122412476e+00
1.069312297371479925e+00
1.062139676670373678e+00
1.068510334303497400e+00
1.063477574074761289e+00
1.063477574074761289e+00
1.063477574074761289e+00
1.062160603138805337e+00
1.079059778148010906e+00
1.063079090715516095e+00
1.065202599148610707e+00
1.065285741674521613e+00
1.063811842125811813e+00
1.118719116171436934e+00
1.062192931662332862e+00
1.079227198062918447e+00
1.094391698606934860e+00
1.064705005303965724e+00
1.064705005303965724e+00
1.063146247323290439e+00
1.067397051469557434e+00
1.061810337625260781e+00
1.078075921576313823e+00
1.065794892447016862e+00
1.072168646171430373e+00
1.062900577896973120e+00
1.064923537194686132e+00
1.063989648674821709e+00
1.076572866716397181e+00
1.070243704134889784e+00
1.063127666183425912e+00
1.064462951590412931e+00
1.069684347457085627e+00
1.068256567816959102e+00
1.061062845904988228e+00
1.061113884613753111e+00
1.062932424235603746e+00
1.063761290223763867e+00
1.092581851092352840e+00
1.061219556839285927e+00
1.064181004825365040e+00
1.108210320606134669e+00
1.068078083773633669e+00
1.062493242232458224e+00
1.061766837282351883e+00
1.060337341749386653e+00
1.063082906925337356e+00
1.070029291078437472e+00
1.063283532984999891e+00
1.062430878400568046e+00
1.060774624300119928e+00
1.060457768788428901e+00
1.060450084540204285e+00
1.062701461380543222e+00
1.060989580695695045e+00
1.060648305234814348e+00
1.060880829498146438e+00
1.060265391047572781e+00
1.065398303588810824e+00
1.065398303588810824e+00
1.070200697033518056e+00
1.061611350977823998e+00
1.060712454313024855e+00
1.061307546743666785e+00
1.062228812022145030e+00
1.060756194285706888e+00
1.070029291078437472e+00
1.060362580362834262e+00
1.060272696536630699e+00
1.060467285166753815e+00
1.060763150516910835e+00
1.062981082718597703e+00
1.060507575454658680e+00
1.061032776325817384e+00
1.062538570919929759e+00
1.061839179869086269e+00
1.060916605554517611e+00
1.060916605554517611e+00
1.060916605554515613e+00
1.091229617628147075e+00
1.066021411344174830e+00
1.070449886687536267e+00
1.061060359388648511e+00
1.062766313951597485e+00
1.061948063364525296e+00
1.062824322387780462e+00
1.062139574841067580e+00
1.062814384919704036e+00
1.062814384919704036e+00
1.060464243225434755e+00
1.063226001443480229e+00
1.060644250306275183e+00
1.063540632399008645e+00
1.081612688517248344e+00
1.060571897793458840e+00
1.061194051984716502e+00
1.067135495073766815e+00
1.071176077652320036e+00
1.060399212670934732e+00
1.063088955282831760e+00
1.062871539692957557e+00
1.065360004105754710e+00
1.060777578951292099e+00
1.063459475039879143e+00
1.065271957163701932e+00
1.061257297944053990e+00
1.061740950576387066e+00
1.061787792954518306e+00
1.064564810205756107e+00
1.062763694746103216e+00
1.061627972491480110e+00
1.061627972491480110e+00
1.062731310968427101e+00
1.061851463427746278e+00
1.062528136493773312e+00
1.061502507552530394e+00
1.061502507552530394e+00
1.061502507552530394e+00
1.062159036906975107e+00
1.062159036906975107e+00
1.061160978902802032e+00
1.061160978902802032e+00
1.060375037305519630e+00
1.064514950379306546e+00
1.061486887837669091e+00
1.063337070134105611e+00
1.062129975164257223e+00
1.062129975164257223e+00
1.064835154984280940e+00
1.064835154984282939e+00
1.077804623027636799e+00
1.060986415325580579e+00
1.078540671592907119e+00
1.076276689517425389e+00
1.062126323980475240e+00
1.072878528570354817e+00
1.066306495289855105e+00
1.063288925582060118e+00
1.061325257088207241e+00
1.062223577782875905e+00
1.071245499769140741e+00
1.073366772151257642e+00
1.062875068081167607e+00
1.062858961004342628e+00
1.062958935746532552e+00
1.060883398984002524e+00
1.060794382043866335e+00
1.062227371823616151e+00
1.062227371823616151e+00
1.063483969104963789e+00
1.060898750091764819e+00
1.062971189097924318e+00
1.062971189097926317e+00
1.060429958002432560e+00
1.060350238103466403e+00
1.061116945051515437e+00
1.060604584207836210e+00
1.064142509520587421e+00
1.060968203570795243e+00
1.061799238872078055e+00
1.060967598351378882e+00
1.060367107109795315e+00
1.067745734243773281e+00
1.061535919945975293e+00
1.062819458984945564e+00
1.064246362571947380e+00
1.069501665778763044e+00
1.060333098391360585e+00
1.061250746084915209e+00
1.060509277223210312e+00
1.078696125770082892e+00
1.060929706049837495e+00
1.062375406691528967e+00
1.064427816679867522e+00
1.070455656466430261e+00
1.067365665967659583e+00
1.060691315144493441e+00
1.061912626189289277e+00
1.062085756174028894e+00
1.060254144119867403e+00
1.062064699563333381e+00
1.062064699563333381e+00
1.061893192006167386e+00
1.061893192006167386e+00
1.061893192006167386e+00
1.063536520952168329e+00
1.063536520952168329e+00
1.060291991915902177e+00
1.060584031671930827e+00
1.062295198153452302e+00
1.060604584207834211e+00
1.060706251017076607e+00
1.062450105268923251e+00
1.076572866716397181e+00
1.063585458757545066e+00
1.063417039460234914e+00
1.060447878946310318e+00
1.061498528317680101e+00
1.062383665155685275e+00
1.063884252526277940e+00
1.060621196385433285e+00
1.061078996845263189e+00
1.061078996845263189e+00
1.061078996845263189e+00
1.061064842778233208e+00
1.061121035092925213e+00
1.062156270447422779e+00
1.060689793701169892e+00
1.060689793701171890e+00
1.060387264256179352e+00
1.060689793701171890e+00
1.068629891221546169e+00
1.065799293125804015e+00
1.062440899594922605e+00
1.063400412365689496e+00
1.060843081283700196e+00
1.065403483998295542e+00
1.064163378577500430e+00
1.062119052710718936e+00
1.068429846899622282e+00
1.065078418391648407e+00
1.063038765453230505e+00
1.156171453267005322e+00
1.061001226551715471e+00
1.060328972599015929e+00
1.060328972599011932e+00
1.063018762759137870e+00
1.060838900311003474e+00
1.061407862721858386e+00
1.062058764921367748e+00
1.060783349291170685e+00
1.060783349291170685e+00
1.061515978671573990e+00
1.061515978671573990e+00
1.066851060726874856e+00
1.061949465119635727e+00
1.062117403779776259e+00
1.065011089079558992e+00
1.060332052873996789e+00
1.060668692423021087e+00
1.084584404653215595e+00
1.060707790403876416e+00
1.061840214623406942e+00
1.061484345729209133e+00
1.061617995085555766e+00
1.064858639418476915e+00
1.061636330382179860e+00
1.062496335374265133e+00
1.070914595730845020e+00
1.060945928517727843e+00
1.062408943294776531e+00
1.060844470041976573e+00
1.062496335374265133e+00
1.075412795315813907e+00
1.062816622508959474e+00
1.062816622508959474e+00
1.060577783216911207e+00
1.065138942839881642e+00
1.060886982389780409e+00
1.060886982389780409e+00
1.060688387033043467e+00
1.060915435749394620e+00
1.060344105328444142e+00
1.061995221253392074e+00
1.067879266009076122e+00
1.061175739517781880e+00
1.060737362915961990e+00
1.063786067947249725e+00
1.063518714961829259e+00
1.062112628965497185e+00
1.064158777843794867e+00
1.060725074331775764e+00
1.060356733593936340e+00
1.068592732479042517e+00
1.066753398023044808e+00
1.066753398023044808e+00
1.061325662621560806e+00
1.061903073625222182e+00
1.064240185477639766e+00
1.061061946496469677e+00
1.065193831413915326e+00
1.068078083773629894e+00
1.060405455599956026e+00
1.060374950752275058e+00
1.060374950752275058e+00
1.060332740495965709e+00
1.060453475977429338e+00
1.060313756128548057e+00
1.060337283839917877e+00
1.067079802440119796e+00
1.060278485403552740e+00
1.062075628368674751e+00
1.060651970528794452e+00
1.060651970528794452e+00
1.063852598076793887e+00
1.060963337788294991e+00
1.060560355196433102e+00
1.064368974693913561e+00
1.060406415194510066e+00
1.060406415194510066e+00
1.060441435079673589e+00
1.060474807427125521e+00
1.060474807427125521e+00
1.060584031671930827e+00
1.062567606170080614e+00
1.063619117406242598e+00
1.061857677177038495e+00
1.061098109888105601e+00
1.064107780569609529e+00
1.079227198062918447e+00
1.062402631358715155e+00
1.077485239682751228e+00
1.061219556839285927e+00
1.061468675264485961e+00
1.067120375576094071e+00
1.060595439664211437e+00
1.062093532235529159e+00
1.078723878417753079e+00
1.062984521752643463e+00
1.068234489343714788e+00
1.068234489343707239e+00
1.064181004825361043e+00
1.064231897655321335e+00
1.060689497087994981e+00
1.082033908161718738e+00
1.060324965319440205e+00
1.062607953559136398e+00
1.064231897655321335e+00
1.064231897655321335e+00
1.061297942317410703e+00
1.060563531596724784e+00
1.060273370720008046e+00
1.080860247822288400e+00
1.060500536168544894e+00
1.061159825517813404e+00
1.062058764921364196e+00
1.064996615806176328e+00
1.064571193914656710e+00
1.062984521752643463e+00
1.061396447253139419e+00
1.060675957792535540e+00
1.060702954366815609e+00
1.061396447253139419e+00
1.061396447253141417e+00
1.071830323679945574e+00
1.064181004825363042e+00
1.064181004825363042e+00
1.064181004825363042e+00
1.060578333578102495e+00
1.060785267174172875e+00
1.067483320899986987e+00
1.064319426318415696e+00
1.062645514316077122e+00
1.064764074352570811e+00
1.060437972341212065e+00
1.060294077247523115e+00
1.060294077247523115e+00
1.060571678139736296e+00
1.060974725715298828e+00
1.061718896621045793e+00
1.064112563829539893e+00
1.060399534101535757e+00
1.065016439027150374e+00
1.060297304351145220e+00
1.060254042530091256e+00
1.062602533882474498e+00
1.060614790717887335e+00
1.064700889167612630e+00
1.060462645905279055e+00
1.060650908095739142e+00
1.062626245789943136e+00
1.060533875335582854e+00
1.067598697622490489e+00
1.080396956292740684e+00
1.064574892635369308e+00
1.071482983979655357e+00
1.062353000699189032e+00
1.064107780569609529e+00
1.062535292654017915e+00
1.063852427552426594e+00
1.060731803331511625e+00
1.070029291078441469e+00
1.062802774502081826e+00
1.063760902350864512e+00
1.064282770137979339e+00
1.063553955811064933e+00
1.063006801347169183e+00
1.071634268609426899e+00
1.063002930883050201e+00
1.060858347848645300e+00
1.060990409281255209e+00
1.063642867154695804e+00
1.060293857019478203e+00
1.064173813515925104e+00
1.064452871206081008e+00
1.061982404033962490e+00
1.067231660777338664e+00
1.062539967250313300e+00
1.060410177701633483e+00
1.061578534872617219e+00
1.061340629694174975e+00
1.063776750030321017e+00
1.083070904000870138e+00
1.061897968178195040e+00
1.066701012601178666e+00
1.070189519313606841e+00
1.060986415325580579e+00
1.063498717390991111e+00
1.070399754899128197e+00
1.062900577896973120e+00
1.061374075293741059e+00
1.060823162873368419e+00
1.061296686138539558e+00
1.060931972485709140e+00
1.060931972485705366e+00
1.060651146012108637e+00
1.061436226685410933e+00
1.060402329881882766e+00
1.060402329881882766e+00
1.061737102988768333e+00
1.062423625866609322e+00
1.064903680912360873e+00
1.060405540630129817e+00
1.060570885702779576e+00
1.061041076676372485e+00
1.064205680606241211e+00
1.070850005536456928e+00
1.061509554120446674e+00
1.060382631236613804e+00
1.065529401540523002e+00
1.061521268516586680e+00
1.060833906114792446e+00
1.070608232605189114e+00
1.061314442875596509e+00
1.060283889124359558e+00
1.060576992659475692e+00
1.061038571524509644e+00
1.060908767083820425e+00
1.060752412030585567e+00
1.060378369584523028e+00
1.060380812539375217e+00
1.065232922170737506e+00
1.062081548086383664e+00
1.061846911051750997e+00
1.061209686533846730e+00
1.062103227132355832e+00
1.062763870653656406e+00
1.064575614172197593e+00
1.076718337079810128e+00
1.060486113182983692e+00
1.064038353680867743e+00
1.066002464995545074e+00
1.062190394270539739e+00
1.184227047505458374e+00
1.061996052126062740e+00
1.061291565728526010e+00
1.065492456479189221e+00
1.061978608232606813e+00
1.061990516082264469e+00
1.062517182641655511e+00
1.064357932276346563e+00
1.064527639083287402e+00
1.063775485263428910e+00
1.064696117263763453e+00
1.095542474816458611e+00
1.060742136812743208e+00
1.069511803513637949e+00
1.065524222898565077e+00
1.061864099280795282e+00
1.064231222794223886e+00
1.071826432769144244e+00
1.085309104941215796e+00
1.069546341234306919e+00
1.067429950126528748e+00
1.070071048737155861e+00
1.072922829794983324e+00
1.091759700567044078e+00
1.063151908912597809e+00
1.063720653852244569e+00
1.068197694731851222e+00
1.065714971911642772e+00
1.071842347626101422e+00
1.064180670539784712e+00
1.089097357685274936e+00
1.063580474939091358e+00
1.061299865656547547e+00
1.060973630596318218e+00
1.060450084540206062e+00
1.091892156623122556e+00
1.064462951590412931e+00
1.063184790916460010e+00
1.068499197375135656e+00
1.071793411925535899e+00
1.060901615198279968e+00
1.064537843183710031e+00
1.110143476118689909e+00
1.069338399788023919e+00
1.061722209246993565e+00
1.065920704359515581e+00
1.066017276324113361e+00
1.060825907885546648e+00
1.060992130023379998e+00
1.072025061715079275e+00
1.061946638394399622e+00
1.068056199270095652e+00
1.064661609265369346e+00
1.061756612438667702e+00
1.060374842735066991e+00
1.068176351646358047e+00
1.062694080849003075e+00
1.060909827087958002e+00
1.063621210557380570e+00
1.061472718787311420e+00
1.061472718787305869e+00
1.066524588918564165e+00
1.060648305234814348e+00
1.062830326053150864e+00
1.060434575023216475e+00
1.060540766092636700e+00
1.062503291556877283e+00
1.124997247684734525e+00
1.062875749182075058e+00
1.072027539477872438e+00
1.065318949923172998e+00
1.064299397167111527e+00
1.060709590517137535e+00
1.060709590517137535e+00
1.068930208174488028e+00
1.070028781697825782e+00
1.087490546506384437e+00
1.063166620353296343e+00
1.064827578091349647e+00
1.066534571586981395e+00
1.071636166721470662e+00
1.077572763120824728e+00
1.080940578051824197e+00
1.063628899818263696e+00
1.068097673380577595e+00
1.060423111272967844e+00
1.062600033116610332e+00
1.062187574798902912e+00
1.060454616297842767e+00
1.066749738797325486e+00
1.064653171679012855e+00
1.066315048448955194e+00
1.085434126130215171e+00
1.063542868625563687e+00
1.198114651022376798e+00
1.065613220889296109e+00
1.120146511305285753e+00
1.061186991554890824e+00
1.154313602662386362e+00
1.066439288197838398e+00
1.064225990428033786e+00
1.072817925128281003e+00
1.086944185920577288e+00
1.067375179228247539e+00
1.089379311253122262e+00
1.072588571027708992e+00
1.066800552382185074e+00
1.084400501093012448e+00
1.089422536383718443e+00
1.073897962471023648e+00
1.073897962471023648e+00
1.123208118101614694e+00
1.061806661909144633e+00
1.087037864978655399e+00
1.070478453106230132e+00
1.066202237699324762e+00
1.062647749171786504e+00
1.063386974431327126e+00
1.064155184950301480e+00
1.098396733159488825e+00
1.061850504980875076e+00
1.102862415403896401e+00
1.065038468455629994e+00
1.067433213894686705e+00
1.063732428948181541e+00
1.062336114351501992e+00
1.060591959488708325e+00
1.063860122812864573e+00
1.072083980345140741e+00
1.066266867969210219e+00
1.060441129855906661e+00
1.061036872863838854e+00
1.061039103704315867e+00
1.062878913965546790e+00
1.063452614672933283e+00
1.097377078201658751e+00
1.063363085667986319e+00
1.070513258568262405e+00
1.066422987626953756e+00
1.137508566876868521e+00
1.063785410660206265e+00
1.063121224802758169e+00
1.072371652044790791e+00
1.060239078854711581e+00
1.060239078854711581e+00
1.062372214932644887e+00
1.060299274289830729e+00
1.060753619979799334e+00
1.060778622866483722e+00
1.076410183252154207e+00
1.072523596106519816e+00
1.063751977232563650e+00
1.063550289233243129e+00
1.068047637770564995e+00
1.060559194965568830e+00
1.061619844987453654e+00
1.061619844987453654e+00
1.060907541644088070e+00
1.060907541644088070e+00
1.071475110824765764e+00
1.062679301079374916e+00
1.062679301079374916e+00
1.061034915610807428e+00
1.060386041065092266e+00
1.061486887837669091e+00
1.066071872104557228e+00
1.064187855255031900e+00
1.060321575565342567e+00
1.062368598476300052e+00
1.066540058876380037e+00
1.066787936876538501e+00
1.070429862384339792e+00
1.089773688351580727e+00
1.063280861044780590e+00
1.070926074602627676e+00
1.066078407191941801e+00
1.072012048203422552e+00
1.066895421308642788e+00
1.064023236122549232e+00
1.062165728923955443e+00
1.115050863398611591e+00
1.267912458326296621e+00
1.071537811735261192e+00
1.066824665357889224e+00
1.062320959801181353e+00
1.060481860428217793e+00
1.060701366691308767e+00
1.062642632182492441e+00
1.060616353647858778e+00
1.065584468695699227e+00
1.061452825395937882e+00
1.071256146634146145e+00
1.119035520338752310e+00
1.197256506743036297e+00
1.064049120843425955e+00
1.063179498563613823e+00
1.240699139781715754e+00
1.321789729692903759e+00
1.063923424675492724e+00
1.071642838980927603e+00
1.065595518515270790e+00
1.070958592797931264e+00
1.066527784816392099e+00
1.066527784816394098e+00
1.065826420197031776e+00
1.063497035694824344e+00
1.075833096626010565e+00
1.082589022766741849e+00
1.080454870264962786e+00
1.150440426452942200e+00
1.063083148524533339e+00
1.064943578314404116e+00
1.064889926108256057e+00
1.065936371377724345e+00
1.065936371377724345e+00
1.175342058342358609e+00
1.077974420845845049e+00
1.070322087343493100e+00
1.075557066582466303e+00
1.072205680211338663e+00
1.102385407520962923e+00
1.083905339761515929e+00
1.070244679144458422e+00
1.062227371823616151e+00
1.062057583522019177e+00
1.061462475485941415e+00
1.061462475485941415e+00
1.068399196634257420e+00
1.068399196634257420e+00
1.066613190375261366e+00
1.063055882334852154e+00
1.062971189097926317e+00
1.060350238103466403e+00
1.060864328080834307e+00
1.067164246605320166e+00
1.063981362280171927e+00
1.063024682498272977e+00
1.068801571679454776e+00
1.060328377487944174e+00
1.060328377487944174e+00
1.060328377487944174e+00
1.063841318534980873e+00
1.079646998873278863e+00
1.103898835023105374e+00
1.064397187239771059e+00
1.062076466292758647e+00
1.065560616108109260e+00
1.071270546913325905e+00
1.062067963286102978e+00
1.073625658307932218e+00
1.065350314877847593e+00
1.065832644856924416e+00
1.063786398978516345e+00
1.062795872700134536e+00
1.062572342228414124e+00
1.060444170618599191e+00
1.069394753735416925e+00
1.062461597269156677e+00
1.061379608378036909e+00
1.061944354468096652e+00
1.061107535360265253e+00
1.072435699356058425e+00
1.062958361728105761e+00
1.065472683723576841e+00
1.060389781506446472e+00
1.062937998759289959e+00
1.061448893271556670e+00
1.066529962637806195e+00
1.065945996147168007e+00
1.060245310092744253e+00
1.065079932021455678e+00
1.061687537906881085e+00
1.062483148549042689e+00
1.074323137825355490e+00
1.065611032452571827e+00
1.099829774737024035e+00
1.118439999824639264e+00
1.119810141396190728e+00
1.217245373588072388e+00
1.072768713607901381e+00
1.072332618315196218e+00
1.063112216994922976e+00
1.063877730362550622e+00
1.068730504109710155e+00
1.060590148294861201e+00
1.065424948556337847e+00
1.063788927595981093e+00
1.064153286139891907e+00
1.061678294138231449e+00
1.061678294138225898e+00
1.060684242478301620e+00
1.060775249506320739e+00
1.060775249506320739e+00
1.060775249506320739e+00
1.073868127347796575e+00
1.062718506277822161e+00
1.062800853080898111e+00
1.060713985536753778e+00
1.060254144119867403e+00
1.063914829746497537e+00
1.061124616137198107e+00
1.063872407973478484e+00
1.060258735267482155e+00
1.061083440263917987e+00
1.072312415845199984e+00
1.062732625492275762e+00
1.126128354027167822e+00
1.065204159171382781e+00
1.062146648588936371e+00
1.061483432102378277e+00
1.060621196385433285e+00
1.060621196385433285e+00
1.069650315571179400e+00
1.062891355376183400e+00
1.064782806723506559e+00
1.061261588826416080e+00
1.060555908098598676e+00
1.060410724531399618e+00
1.060852306655672983e+00
1.060852306655674759e+00
1.061161797008146390e+00
1.064255157429936594e+00
1.063046916190190538e+00
1.154998707684319115e+00
1.084808939089380253e+00
1.062924788940181386e+00
1.062924788940181386e+00
1.062924788940181386e+00
1.062924788940181386e+00
1.062924788940181386e+00
1.080286873619102472e+00
1.080286873619102472e+00
1.069707423465264373e+00
1.065214268695456878e+00
1.064417010106393890e+00
1.064954916611906333e+00
1.064954916611898783e+00
1.064954916611908331e+00
1.064408501839239740e+00
1.065403483998289769e+00
1.062911351981855157e+00
1.066780470993804242e+00
1.066966268056999123e+00
1.069560987156219278e+00
1.064887954643471746e+00
1.063504195825186294e+00
1.063504195825191845e+00
1.064350495717281353e+00
1.062617169708865550e+00
1.062617169708861553e+00
1.062617169708865550e+00
1.062617169708865550e+00
1.062617169708865550e+00
1.065485053674613880e+00
1.069243055978880808e+00
1.066780470993804242e+00
1.065820275121775351e+00
1.063819483545877631e+00
1.098504665899660004e+00
1.073867228638935689e+00
1.073867228638933691e+00
1.064867836920366129e+00
1.084529238015893071e+00
1.064770986548120302e+00
1.064566549698748199e+00
1.118745189434218856e+00
1.070538522655221758e+00
1.065309637051887082e+00
1.063802070828703039e+00
1.062619906681770088e+00
1.064308504041255432e+00
1.066627698171389138e+00
1.067689220649767234e+00
1.067447650626054401e+00
1.063280828753823792e+00
1.064336145899018371e+00
1.066943420107815843e+00
1.061862160272681654e+00
1.060550371457740226e+00
1.081476050489708740e+00
1.081245095342453277e+00
1.111380173553556894e+00
1.064500902881755362e+00
1.065139179447414541e+00
1.068561680157573246e+00
1.075380415381604893e+00
1.359222410462527453e+00
1.060267174246408262e+00
1.067508901727400206e+00
1.360446713680556696e+00
1.382389340433514358e+00
1.142909680694737862e+00
1.073675401110565364e+00
1.088822479246474462e+00
1.060276859603300093e+00
1.121707528496376227e+00
1.063131205721465689e+00
1.066038312065268112e+00
1.061335178127321477e+00
1.060535948863205569e+00
1.061650632679065565e+00
1.063734348941617780e+00
1.061407862721856388e+00
1.064094350521024968e+00
1.061504263546147353e+00
1.064354546616706365e+00
1.060314746154283005e+00
1.060511920751510573e+00
1.060934760182868031e+00
1.062066942082205534e+00
1.069387072044960751e+00
1.062672571462313753e+00
1.072091292550299446e+00
1.062200039153163411e+00
1.060668692423017090e+00
1.060668692423021087e+00
1.084033513746694766e+00
1.063527213173152353e+00
1.060303709112077719e+00
1.066455418561391477e+00
1.061632575185077476e+00
1.061925342965313490e+00
1.069701645873048834e+00
1.061283260331048028e+00
1.060962146135009831e+00
1.062864297023071058e+00
1.061338363385482042e+00
1.060929175963484461e+00
1.060655620552323652e+00
1.073688405593419049e+00
1.071442354609113634e+00
1.099118176689659609e+00
1.102114849926857376e+00
1.082779303206562682e+00
1.062959865584465868e+00
1.062632749916084585e+00
1.064422741229148039e+00
1.075459530626988514e+00
1.060712836475806498e+00
1.060714722082489292e+00
1.060344105328444142e+00
1.071407661650756404e+00
1.067982231651661396e+00
1.072704869312786080e+00
1.184152045786930341e+00
1.063660693122999046e+00
1.186454281181080761e+00
1.063334170442160387e+00
1.063764226517045719e+00
1.063384754849728164e+00
1.083258657434801986e+00
1.126692874236427722e+00
1.443369473910339762e+00
1.062595228863962848e+00
1.062121490171729743e+00
1.419456213678132572e+00
1.067641256633327540e+00
1.096869983785393465e+00
1.061249250660115218e+00
1.062432477908309192e+00
1.061732858196510643e+00
1.082234436923636300e+00
1.077274010583948227e+00
1.069496984652823279e+00
1.061603924836022950e+00
1.060341712804424796e+00
1.065270998245630318e+00
1.060433166755250012e+00
1.060433166755248013e+00
1.060433166755250012e+00
1.065244954923249221e+00
1.060372469527337991e+00
1.110533267358206233e+00
1.068380994886038549e+00
1.065133832812273917e+00
1.078266303558368833e+00
1.063147750227697363e+00
1.061109782330409423e+00
1.100278303055623130e+00
1.065212924655368321e+00
1.067371161066445584e+00
1.070423463732676383e+00
1.063227363719957852e+00
1.063227363719957852e+00
1.060440471304233911e+00
1.060440471304233911e+00
1.060440471304233911e+00
1.063305502626912480e+00
1.063302973662712203e+00
1.061519652783265766e+00
1.063486378452324299e+00
1.062987315314452008e+00
1.061004569369830453e+00
1.068258479353988655e+00
1.062216732927722340e+00
1.076183613224903191e+00
1.085518131362087191e+00
1.084424818074191110e+00
1.067305062024046514e+00
1.073600360479845195e+00
1.064821849496424777e+00
1.061276914545070449e+00
1.063096464393481710e+00
1.060812972426643075e+00
1.060511985647554001e+00
1.061037946692196865e+00
1.061119837178430725e+00
1.062949613359029044e+00
1.061282284334029935e+00
1.060450837600913854e+00
1.064554295531804362e+00
1.062094472666805123e+00
1.061280679437669683e+00
1.061494775324083317e+00
1.061592904071704480e+00
1.151311490357138645e+00
1.073678341054133067e+00
1.063555558775267640e+00
1.063555558775267640e+00
1.063555558775267640e+00
1.063910026153170207e+00
1.201437210435550851e+00
1.060317373844075428e+00
1.062233060266104756e+00
1.072358865581069853e+00
1.061889313023258063e+00
1.065579485731738885e+00
1.071733273015612609e+00
1.079528799250798254e+00
1.060709515504018041e+00
1.072538680651180298e+00
1.062464164653487142e+00
1.060759220695939975e+00
1.065162798590165272e+00
1.060405540630129817e+00
1.060405540630128263e+00
1.060570885702777577e+00
1.061586748776303102e+00
1.073660834071826109e+00
1.076140478865893479e+00
1.064650948099570726e+00
1.093398241827515438e+00
1.213581418287134062e+00
1.061467583389691605e+00
1.076052397172747810e+00
1.065612584612481539e+00
1.062858749370516387e+00
1.065011868200682832e+00
1.165576672663246161e+00
1.073631674926440960e+00
1.103683636932106804e+00
1.164596260795101923e+00
1.063467097335476286e+00
1.064195247911898790e+00
1.078494673443407104e+00
1.063852400357110595e+00
1.063847028195403110e+00
1.076564392428805972e+00
1.075369913420061829e+00
1.060906664706219305e+00
1.060906664706219305e+00
1.061352539430892916e+00
1.063020245683370835e+00
1.063020245683370835e+00
1.063105654786783649e+00
1.062144935991456318e+00
1.064679394678796909e+00
1.065494376575762514e+00
1.061508705842467704e+00
1.061508705842467704e+00
1.061508705842465705e+00
1.066092691197935372e+00
1.060584994226178468e+00
1.060584994226178468e+00
1.063441943199940010e+00
1.063438124251502082e+00
1.060872942588172885e+00
1.068656273942011126e+00
1.064647663735153182e+00
1.060963337788294991e+00
1.060355294087656608e+00
1.060355294087656608e+00
1.060355294087656608e+00
1.062374249995082121e+00
1.062694861383423062e+00
1.060661526495467299e+00
1.060499919698317361e+00
1.060499919698317361e+00
1.060406415194516061e+00
1.060756548624283591e+00
1.061113141402783677e+00
1.063237489519487600e+00
1.071343598995736501e+00
1.063952596322821131e+00
1.067945626853419760e+00
1.061468675264487738e+00
1.061468675264485961e+00
1.061468675264485961e+00
1.061468675264487738e+00
1.063009191958437016e+00
1.063009191958440791e+00
1.063888074830254826e+00
1.062721403973485135e+00
1.060302678231949347e+00
1.061339010895196777e+00
1.065282132310421570e+00
1.061185914288554466e+00
1.060324965319440205e+00
1.060324965319440205e+00
1.060324965319445978e+00
1.060324965319445978e+00
1.060324965319438206e+00
1.060283574943977181e+00
1.060283574943977181e+00
1.068947174441682746e+00
1.061925994018076747e+00
1.061925994018076747e+00
1.060998454075981590e+00
1.063605343804725933e+00
1.060293676216777170e+00
1.060293676216777170e+00
1.070795646961958614e+00
1.062279094096427956e+00
1.068447550245470890e+00
1.063922399613381309e+00
1.061125176045110585e+00
1.062071751836935585e+00
1.062071751836935585e+00
1.077505064573710092e+00
1.062268542898709311e+00
1.066586486006343426e+00
1.061106858598230174e+00
1.062136681445785102e+00
1.060675957792535540e+00
1.060702954366815609e+00
1.060302784353580607e+00
1.061106858598230174e+00
1.060894947784724041e+00
1.088615332804303337e+00
1.060530924570160627e+00
1.063799564618007398e+00
1.071118966436409359e+00
1.066987622933107227e+00
1.065884538368282231e+00
1.068171069380993821e+00
1.352590408803499678e+00
1.063509240816508106e+00
1.156696513142611460e+00
1.063280744261972499e+00
1.130063428226320443e+00
1.064421183134071969e+00
1.060674376199931768e+00
1.060674376199931768e+00
1.060674376199931768e+00
1.062807250299044881e+00
1.071143383247000980e+00
1.062727159173532110e+00
1.060410177701633483e+00
1.060410177701633483e+00
1.068507443143775326e+00
1.153328788963012608e+00
1.067816624516204183e+00
1.096649503487920896e+00
1.072736696374767096e+00
1.071678654915519280e+00
1.066176182497884817e+00
1.064240225020825603e+00
1.062353833468412612e+00
1.068679774105736335e+00
1.067235420289531334e+00
1.062851942234392499e+00
1.062338724487792208e+00
1.062338724487792208e+00
1.062338724487792208e+00
1.060478943461776957e+00
1.060478943461776957e+00
1.061715544530874578e+00
1.061715544530874578e+00
1.061715544530874578e+00
1.061715544530874578e+00
1.065829260898192965e+00
1.065829260898192965e+00
1.061596683879260983e+00
1.060974725715298828e+00
1.060974725715298828e+00
1.062874156168100548e+00
1.062874156168100548e+00
1.060656210367473706e+00
1.061180262059051360e+00
1.061180262059051360e+00
1.068765157127355980e+00
1.068765157127348431e+00
1.060281113569815581e+00
1.060281113569815581e+00
1.061718896621045793e+00
1.061718896621045793e+00
1.064112563829539893e+00
1.077381306774227498e+00
1.062279094096427956e+00
1.075675428219037943e+00
1.063633558193648687e+00
1.063845365559022982e+00
1.069161090492928734e+00
1.060554372730258432e+00
1.061624362724046255e+00
1.060656210367472152e+00
1.067840056970093876e+00
1.064782381423452495e+00
1.062785324734614845e+00
1.062405252733347627e+00
1.063837969450357912e+00
1.060324668640701962e+00
1.060324668640701962e+00
1.061532052449555064e+00
1.061532052449553287e+00
1.061532052449555064e+00
1.061655522697633192e+00
1.061655522697633192e+00
1.064407902364540526e+00
1.064407902364544301e+00
1.060592869496782997e+00
1.060592869496781221e+00
1.061430594720797149e+00
1.063958144043371190e+00
1.067017219242900827e+00
1.062610810936132522e+00
1.062610810936132522e+00
1.061152524613904857e+00
1.067258001894036301e+00
1.062759683993213855e+00
1.063791242107817503e+00
1.062377333393604628e+00
1.064776444539518030e+00
1.074071956529728755e+00
1.061491326248882094e+00
1.060511855455676944e+00
1.064124079400045719e+00
1.120499288401090476e+00
1.061319345975161088e+00
1.061319345975162864e+00
1.061319345975161088e+00
1.062013072200540753e+00
1.063546292996303100e+00
1.061518227525310332e+00
1.067228579931254639e+00
1.121944450303485441e+00
1.287131880498290526e+00
1.068100904079867686e+00
1.063513305219306870e+00
1.078938900689570213e+00
1.082219595016496339e+00
1.061586748776303102e+00
1.218532396807063600e+00
1.073241838562891681e+00
1.071918693214758855e+00
1.123494722482212937e+00
1.119955866036112191e+00
1.064397449864146861e+00
1.061075757387140106e+00
1.063647938457455977e+00
1.082249974983580554e+00
1.286031729763778886e+00
1.071548346470422075e+00
1.108831448917490414e+00
1.078773210724548903e+00
1.075192773940255808e+00
1.060361480592606265e+00
1.063753758685224593e+00
1.062674093079033044e+00
1.095211597267788939e+00
1.118579544551858040e+00
1.067099908903095695e+00
1.079344602099164163e+00
1.352670064700610686e+00
1.088702839716713333e+00
1.075537233086739430e+00
1.070248847051164631e+00
1.074003227974221986e+00
1.078104212051151478e+00
1.060325867189998661e+00
1.064498199108217191e+00
1.068930208174488028e+00
1.062802774502083603e+00
1.062802774502081826e+00
1.063077935529946227e+00
1.062678029706175309e+00
1.084472009736896947e+00
1.071397176902486148e+00
1.071466646846875204e+00
1.072332783258945099e+00
1.063760902350864512e+00
1.073271093894269335e+00
1.070978962356455844e+00
1.068645148224222963e+00
1.065901896792504910e+00
1.066771174977512393e+00
1.063676188063423123e+00
1.063587831871556144e+00
1.063922401873907742e+00
1.063020921788045747e+00
1.065253867741252192e+00
1.064178168987304440e+00
1.061682798126510452e+00
1.065934695461924209e+00
1.060710847931165102e+00
1.061804973102139726e+00
1.061804973102137728e+00
1.061329201317313453e+00
1.064552254339227177e+00
1.076516505697346027e+00
1.060788728724015861e+00
1.080373456474270855e+00
1.063785852126553744e+00
1.090947055062641446e+00
1.074779574130828586e+00
1.067210437359551234e+00
1.065077794467675698e+00
1.062908529006798997e+00
1.069349351054568853e+00
1.067557324600555635e+00
1.065935529471743415e+00
1.062077588976990672e+00
1.061762564175012802e+00
1.062325881103292291e+00
1.068380702016936912e+00
1.076058508893620980e+00
1.063473120387616655e+00
1.067255382007556097e+00
1.081855315022804964e+00
1.078748723402001675e+00
1.063105012031752006e+00
1.065044350273590235e+00
1.065268303106880143e+00
1.063247461850133080e+00
1.073125988697867239e+00
1.064520273190628696e+00
1.063963653601118331e+00
1.063008902601946692e+00
1.077351911755870084e+00
1.067824292683053455e+00
1.061279579449444732e+00
1.061645943987499230e+00
1.066339394700456245e+00
1.061567963459904451e+00
1.081479780273066460e+00
1.061292632161203509e+00
1.068667532988528679e+00
1.064943914112244761e+00
1.061957757934565594e+00
1.073639945781033278e+00
1.061374075293741059e+00
1.061843494941523636e+00
1.061843494941523636e+00
1.061843494941523636e+00
1.060724592826769230e+00
1.060724592826769230e+00
1.060724592826773227e+00
1.061296686138539558e+00
1.061296686138539558e+00
1.061296686138537559e+00
1.063982014460792769e+00
1.063982014460796544e+00
1.063982014460792769e+00
1.063982014460792769e+00
1.063982014460796544e+00
1.063982014460792769e+00
1.060929886518591658e+00
1.060892573777233228e+00
1.061318448629124944e+00
1.061106884483285384e+00
1.063199828125062529e+00
1.067478915140215534e+00
1.061737102988768333e+00
1.066740172471920545e+00
1.060758035204216299e+00
1.060758035204216299e+00
1.065349883078483773e+00
1.065421240236534839e+00
1.060405540630129817e+00
1.060405540630129817e+00
1.060405540630129817e+00
1.060405540630129817e+00
1.060405540630124266e+00
1.060998423401579238e+00
1.060998423401579238e+00
1.060240568010896611e+00
1.060570885702777577e+00
1.060240568010892614e+00
1.060570885702777577e+00
1.060570885702777577e+00
1.098066963963225007e+00
1.100051710812527617e+00
1.062469813986658629e+00
1.065355862955730482e+00
1.063572697752350305e+00
1.121393288705934355e+00
1.073656576813884378e+00
1.067433213894686705e+00
1.219188833858590559e+00
1.355750620541226636e+00
1.065043470537168080e+00
1.063963288983842403e+00
1.065266631486930571e+00
1.065577826802819317e+00
1.070850005536456928e+00
1.063679511161921054e+00
1.071051548853923618e+00
1.071054377332160357e+00
1.083380135993175397e+00
1.063693140899266254e+00
1.163548101729097839e+00
1.067464085031746501e+00
1.066223476947242288e+00
1.067853602982449912e+00
1.061251909959647799e+00
1.069474516498087446e+00
1.067592018886402983e+00
1.061023211834813518e+00
1.064905247698322066e+00
1.062468220413450570e+00
1.069675227443853460e+00
1.066269888111435638e+00
1.408613940296924438e+00
1.063576239690294800e+00
1.469387982975905782e+00
1.060287327010198011e+00
1.064664736052974847e+00
1.077773947511594166e+00
1.071456263149225263e+00
1.072386150433051411e+00
1.064322215387378590e+00
1.066572423377655010e+00
1.082911190810627255e+00
1.097098456680189793e+00
1.061777140341481740e+00
1.065505280759016404e+00
1.062804395941618019e+00
1.067507175074827286e+00
1.060501563503427169e+00
1.061291565728524233e+00
1.061291565728531783e+00
1.062210790178652164e+00
1.072340465026166978e+00
1.075021591018791245e+00
1.087172752901490069e+00
1.065559202214037882e+00
1.087952758001841991e+00
1.062302861946658794e+00
1.064839798905039547e+00
1.066680723355006633e+00
1.088644285564974723e+00
1.067724604212158646e+00
1.072483300972305376e+00
1.074435677171208470e+00
1.083582483171494193e+00
1.074335561743879897e+00
1.067165098869648832e+00
1.150683898837942198e+00
1.119884104527638202e+00
1.078566364387318455e+00
1.078651258057437667e+00
1.172799549093007654e+00
1.078783156939711496e+00
1.060424325398752865e+00
1.075179879815503003e+00
1.072254240099131284e+00
1.074160703424827501e+00
1.066824954566384820e+00
1.066529962637808193e+00
1.076707132864855865e+00
1.061606266420079381e+00
1.062094690537427999e+00
1.143720129710117384e+00
1.062551596786154962e+00
1.061183504291584256e+00
1.061183504291584256e+00
1.074278911949563708e+00
1.061384486814289208e+00
1.086451612328010352e+00
1.060437972341210067e+00
1.060653087587755117e+00
1.060763150516916609e+00
1.061329201317313453e+00
1.063327235361438472e+00
1.060899399221551187e+00
1.063180483584435843e+00
1.061430984061117133e+00
1.063363860645710757e+00
1.064413497021076571e+00
1.061808959649104711e+00
1.062882459298336135e+00
1.060646365408603575e+00
1.060557437725775820e+00
1.062705200718729204e+00
1.061259234599750911e+00
1.061064719479453577e+00
1.061819848426988955e+00
1.062150101831532911e+00
1.060607732298774142e+00
1.060646365408605574e+00
1.063283934773145090e+00
1.063900052606773450e+00
1.060240562065771996e+00
1.061819848426988955e+00
1.062150101831532911e+00
1.060694067316162670e+00
1.061617297206180810e+00
1.062066942082205534e+00
1.060526056609787160e+00
1.062057121979937069e+00
1.061872039115001387e+00
1.061504263546147353e+00
1.062653194958329772e+00
1.061581876117636991e+00
1.076665300860918162e+00
1.064399464769701487e+00
1.060296665785437797e+00
1.060526056609787160e+00
1.060526056609787160e+00
1.060391231776462106e+00
1.061397439507373530e+00
1.064294127818207203e+00
1.061581876117636991e+00
1.064213712321936400e+00
1.076665300860918162e+00
1.063914829746497537e+00
1.062002360251917965e+00
1.060265438465017640e+00
1.060407862765906817e+00
1.060353700679063094e+00
1.060470443627355763e+00
1.060453475977429338e+00
1.061006091010701091e+00
1.060434575023216475e+00
1.062064699563333381e+00
1.064647663735153182e+00
1.062420616362124370e+00
1.061703282342660870e+00
1.064433765783814323e+00
1.060886059578631357e+00
1.060371837965159658e+00
1.062339307157754487e+00
1.060337613748464802e+00
1.060337613748464802e+00
1.061975093555907801e+00
1.060297256930133658e+00
1.060385804024621681e+00
1.061226017969003843e+00
1.061132356202272309e+00
1.060242058897713502e+00
1.061073720433334033e+00
1.060789104259680427e+00
1.060546336354658559e+00
1.060607732298774142e+00
1.060543142380816040e+00
1.061703282342660870e+00
1.061188150334762437e+00
1.060241669120520758e+00
1.066120407192829411e+00
1.060886059578631357e+00
1.062321745807043749e+00
1.061179608924598616e+00
1.060240272087004776e+00
1.060296665785437797e+00
1.060767371900537270e+00
1.064462951590416706e+00
1.061116945051515437e+00
1.060554446780661131e+00
1.062827575662610657e+00
1.061016238064574013e+00
1.061265481750430340e+00
1.060297256930133658e+00
1.060732610363476436e+00
1.061334029269088930e+00
1.061326722070931705e+00
1.063293816296449812e+00
1.070762651590024150e+00
1.067365665967659583e+00
1.061218428817033210e+00
1.061218428817033210e+00
1.060712454313024855e+00
1.068097673380575818e+00
1.062835499406564521e+00
1.061452825395935884e+00
1.081648673267036065e+00
1.060713123877163877e+00
1.065808916018761376e+00
1.072386150433051411e+00
1.060712454313024855e+00
1.061307546743676333e+00
1.061315558368878031e+00
1.075917174874209792e+00
1.061051021143339490e+00
1.060834730918431834e+00
1.060694648192523459e+00
1.061326169422527110e+00
1.062252430151873650e+00
1.062057121979937069e+00
1.065794892447016862e+00
1.060712454313024855e+00
1.062829819222988581e+00
1.066527784816396096e+00
1.061303385106956654e+00
1.060674376199931768e+00
1.060674376199931768e+00
1.061623738895862035e+00
1.061024486424267943e+00
1.060737362915961990e+00
1.060674376199931768e+00
1.060443678247897648e+00
1.061395338159874857e+00
1.062744629437966326e+00
1.060684242478305395e+00
1.061325804676715778e+00
1.065398303588810824e+00
1.066159929866973055e+00
1.063580474939095133e+00
1.061648165264431398e+00
1.061257071850298495e+00
1.069617583444511411e+00
1.060693887869575525e+00
1.060733557862064691e+00
1.061022446845778733e+00
1.066148680179233477e+00
1.061865019237385965e+00
1.061617931652130808e+00
1.063820172524336138e+00
1.077226716048034882e+00
1.062704100582712030e+00
1.060779356929829831e+00
1.060428879721171391e+00
1.060592525917989581e+00
1.061273870147374732e+00
1.060542950226001535e+00
1.061797329775397314e+00
1.061607112850834866e+00
1.064043316838699571e+00
1.060423111272973618e+00
1.060423111272973618e+00
1.061282284334035708e+00
1.065554608424109650e+00
1.069142357024625678e+00
1.061629370442339626e+00
1.078682052132661218e+00
1.060405540630128263e+00
1.061000191646639168e+00
1.061162184755450211e+00
1.062077878832502265e+00
1.067302894829508464e+00
1.071757102472156387e+00
1.061911394063541625e+00
1.061885307421553293e+00
1.063498683963517433e+00
1.060643170794258294e+00
1.067519852893906940e+00
1.061886485747540076e+00
1.076665300860916163e+00
1.061537180315962781e+00
1.061445838957651322e+00
1.062645514316075124e+00
1.064376804110536812e+00
1.062251955114726032e+00
1.065297077957464644e+00
1.060939405827457938e+00
1.070856490320787335e+00
1.062016685235368740e+00
1.060240568010890616e+00
1.064240185477639766e+00
1.066694883089467583e+00
1.069684347457085627e+00
1.060957488044152575e+00
1.060383598447686371e+00
1.060775249506320739e+00
1.062232272080744888e+00
1.060702949534297224e+00
1.060355294087656608e+00
1.060689497087994981e+00
1.061034904679275304e+00
1.061308250692998945e+00
1.061291565728528008e+00
1.062541835250388811e+00
1.061311547625363394e+00
1.061996052126062740e+00
1.061179608924600615e+00
1.060487029565956751e+00
1.066309866179121713e+00
1.061425972325116707e+00
1.060698943148663309e+00
1.061158046699953950e+00
1.060755470630057706e+00
1.060719900962747486e+00
1.062661354925084067e+00
1.063140836403007716e+00
1.064335088030248011e+00
1.077974420845845049e+00
1.061796497880787893e+00
1.061780123056583536e+00
1.060423117235532509e+00
1.062642593266795554e+00
1.060713123877161879e+00
1.060385974180703128e+00
1.061383797570194742e+00
1.060687212391480116e+00
1.061326169422521115e+00
1.062066942082205534e+00
1.072097175300029681e+00
1.061098109888105601e+00
1.061279987742822284e+00
1.062721403973485135e+00
1.063918017255767401e+00
1.060765113140719640e+00
1.060535952934303472e+00
1.062079981822983576e+00
1.061560552675481217e+00
1.063883448690884803e+00
1.068101173199927034e+00
1.064038353680867743e+00
1.068101173199929033e+00
1.060406415194516061e+00
1.062227371823623923e+00
1.061420974451837695e+00
1.062057121979937069e+00
1.060674376199931768e+00
1.061893192006167386e+00
1.061978608232606813e+00
1.076718337079810128e+00
1.061978608232606813e+00
1.094781970020602069e+00
1.060906664706219305e+00
1.062272111805799391e+00
1.061035647405535576e+00
1.062227371823623923e+00
1.060363727037795023e+00
1.061893192006167386e+00
1.066780470993802243e+00
1.061296686138539558e+00
1.062227371823623923e+00
1.064562499749371449e+00
1.060590148294866975e+00
1.076849023796877303e+00
1.061893192006167386e+00
1.062227371823623923e+00
1.062057583522019177e+00
1.061799238872078055e+00
1.075857498094500375e+00
1.061261588826416080e+00
1.067522667245012880e+00
1.074860512748230690e+00
1.063702418675055217e+00
1.061296686138539558e+00
1.061893192006167386e+00
1.062750917521803284e+00
1.064142509520589419e+00
1.062473275424491215e+00
1.063027510267413822e+00
1.076965477693819340e+00
1.062701461380543222e+00
1.062162120150839106e+00
1.060880130947255751e+00
1.067130159826898961e+00
1.064431795889736687e+00
1.068176351646352273e+00
1.062701461380543222e+00
1.067450363604121932e+00
1.061472718787311420e+00
1.060852306655674759e+00
1.060779458180409085e+00
1.060256558423473772e+00
1.062437997902855980e+00
1.060374842735065215e+00
1.061715544530872801e+00
1.061472718787311420e+00
1.065132873723885210e+00
1.061907525891368831e+00
1.060549884883452698e+00
1.062808407818201628e+00
1.063580474939095133e+00
1.060265391047574779e+00
1.063089561032413366e+00
1.068930208174490026e+00
1.061913699776636522e+00
1.060747166289310428e+00
1.060457768788428901e+00
1.060709590517137535e+00
1.060963337788294991e+00
1.060450084540206062e+00
1.060454616297842767e+00
1.063179498563613823e+00
1.064264899797175978e+00
1.062932459578693978e+00
1.061586748776303102e+00
1.060648305234814348e+00
1.065398303588810824e+00
1.061737102988768333e+00
1.061374075293741059e+00
1.061737102988768333e+00
1.060405540630128263e+00
1.060532548396675656e+00
1.060247152941631521e+00
1.060458274402168222e+00
1.060467285166752038e+00
1.061060359388644736e+00
1.061446080701504036e+00
1.090027606886769140e+00
1.061502507552530394e+00
1.060505099687128139e+00
1.068262889526065740e+00
1.068262889526071513e+00
1.061260548309534979e+00
1.061322407055585115e+00
1.061502507552526398e+00
1.063595192115075250e+00
1.062704052197555704e+00
1.060791990929706552e+00
1.061257297944053990e+00
1.060441321260783054e+00
1.062839337833528575e+00
1.060683548413964949e+00
1.061427170018915733e+00
1.060757967631233756e+00
1.061103646676114787e+00
1.061483513599239537e+00
1.064331597952624220e+00
1.060328972599015929e+00
1.061335178127321477e+00
1.061309206812055983e+00
1.062093532235529159e+00
1.061515978671573990e+00
1.060868554666360319e+00
1.061617931652134805e+00
1.064422741229148039e+00
1.060295325165316660e+00
1.060823868722379659e+00
1.061617931652134805e+00
1.066555753967795894e+00
1.060945945145535418e+00
1.060637694666054509e+00
1.061380501137948240e+00
1.063200923827257505e+00
1.060822561466496339e+00
1.063283934773145090e+00
1.064043316838699571e+00
1.063293816296449812e+00
1.061570079214029017e+00
1.067983238807973523e+00
1.063555558775267640e+00
1.061162184755459759e+00
1.061059888100143622e+00
1.060740494334803552e+00
1.062077878832496713e+00
1.061162184755450211e+00
1.061830958885251031e+00
1.060278485403552740e+00
1.064103403049422969e+00
1.061744098292076055e+00
1.062279596174136476e+00
1.060406415194516061e+00
1.060406415194516061e+00
1.062268542898709311e+00
1.062402631358715155e+00
1.061502507552530394e+00
1.060461647236882410e+00
1.061502507552530394e+00
1.060324965319438206e+00
1.060942750745823560e+00
1.060702954366815609e+00
1.062066942082205534e+00
1.062192931662328865e+00
1.060474807427125521e+00
1.063000639951222404e+00
1.062066313081003299e+00
1.062645514316075124e+00
1.062851942234392499e+00
1.060437972341210067e+00
1.064407902364542302e+00
1.060324965319438206e+00
1.073951922025820904e+00
1.062251955114726032e+00
1.064107780569609529e+00
1.061221777614852702e+00
1.060406747157005558e+00
1.061804973102137728e+00
1.060931972485705366e+00
1.071472828892101159e+00
1.064330902674189838e+00
1.070399754899128197e+00
1.064625376797869283e+00
1.062422803804422555e+00
1.061023211834803970e+00
1.060697114102115757e+00
1.060332374297106472e+00
1.060499919698317361e+00
1.060957488044150798e+00
1.068016376497532116e+00
1.061246580782052584e+00
1.061158684535714825e+00
1.060676411946249731e+00
1.060254144119867403e+00
1.060508361231554897e+00
1.061152394686858180e+00
1.062320521878745483e+00
1.060410724531399618e+00
1.061291565728528008e+00
1.062963735130814324e+00
1.063046843701631605e+00
1.060240167466294903e+00
1.062313564312216352e+00
1.060606781180629898e+00
1.060585505369933790e+00
1.063915244668600879e+00
1.063138520459972369e+00
1.068399196634257420e+00
1.060646166298825799e+00
1.060687212391480116e+00
1.062057121979937069e+00
1.062066942082205534e+00
1.061276914545070449e+00
1.067532784040464922e+00
1.062272111805799391e+00
1.060406415194516061e+00
1.062227371823623923e+00
1.061296686138539558e+00
1.061893192006167386e+00
1.062272111805799391e+00
1.060406415194516061e+00
1.065936371377720571e+00
1.062227371823623923e+00
1.062924788940185383e+00
1.069707423465266150e+00
1.061893192006167386e+00
1.071611133066103116e+00
1.073214519632254227e+00
1.069536499989525602e+00
1.065385741142417464e+00
1.061394141356489351e+00
1.062390697232774128e+00
1.061913699776634745e+00
1.060457768788428901e+00
1.060709590517137535e+00
1.060783349291170685e+00
1.060450084540206062e+00
1.060437972341210067e+00
1.060374842735065215e+00
1.060648305234814348e+00
1.061374075293741059e+00
1.061060359388644736e+00
1.060736859140578137e+00
1.060724756824916959e+00
1.060795776287628112e+00
1.060559194965568830e+00
1.061486887837671089e+00
1.060441321260777503e+00
1.061257297944053990e+00
1.061502507552530394e+00
1.061273152721991631e+00
1.061609498153594622e+00
1.060822561466490788e+00
1.060428792719040336e+00
1.061606853728056965e+00
1.060823629379437527e+00
1.063285243874390051e+00
1.065092816408373277e+00
1.063293816296449812e+00
1.065923619879754147e+00
1.064431074612153694e+00
1.061946638394405396e+00
1.061603924836024948e+00
1.060374950752275058e+00
1.060675957792535540e+00
1.062139574841067580e+00
1.064280608692952823e+00
1.062192931662332862e+00
1.060499919698317361e+00
1.060474807427125521e+00
1.061098109888105601e+00
1.062057121979937069e+00
1.064223245680611107e+00
1.060294895459338083e+00
1.061467583389691605e+00
1.060324965319438206e+00
1.062851942234392499e+00
1.061715544530872801e+00
1.060324965319438206e+00
1.061260329928173762e+00
1.064107780569609529e+00
1.061837943594658329e+00
1.060294634400922087e+00
1.060724592826773227e+00
1.060931972485709140e+00
1.060405540630128263e+00
1.069243055978875034e+00
1.067353672194188974e+00
1.060825907885544872e+00
1.060540766092638476e+00
1.060931972485705366e+00
1.065676622666966944e+00
1.060601563599154140e+00
1.062670124298458640e+00
1.060785267174172875e+00
1.061034904679275304e+00
1.061565916234094242e+00
1.060296665785437797e+00
1.060240562065773995e+00
1.060337613748461250e+00
1.060337284486337683e+00
1.060242293456883589e+00
1.060242058897715500e+00
1.060389604804602648e+00
1.060646166298825799e+00
1.062875068081165830e+00
1.061687537906881085e+00
1.064733603780411153e+00
1.070577821429207654e+00
1.079902942604550553e+00
1.060661526495467299e+00
1.061864099280795282e+00
1.068329724931793345e+00
1.060374842735065215e+00
1.061472718787311420e+00
1.065204967762348742e+00
1.063621210557384344e+00
1.066932386105255315e+00
1.060265391047574779e+00
1.061913699776630748e+00
1.061299865656547547e+00
1.060298250211002324e+00
1.060457768788428901e+00
1.060709590517137535e+00
1.060549884883452698e+00
1.062932459578693978e+00
1.060648305234814348e+00
1.065554608424109650e+00
1.062474475751492786e+00
1.061737102988768333e+00
1.060405540630128263e+00
1.061946638394401621e+00
1.063280051790722602e+00
1.061060359388644736e+00
1.062824322387780462e+00
1.063843571390967746e+00
1.063705252758744724e+00
1.062528136493773312e+00
1.060239078854713579e+00
1.062745565480384347e+00
1.060559194965568830e+00
1.060907541644088070e+00
1.061257297944053990e+00
1.060441321260783054e+00
1.061103646676111234e+00
1.060450084540206062e+00
1.060775249506320739e+00
1.060622502661704436e+00
1.060328972599015929e+00
1.061515978671573990e+00
1.061618581580488607e+00
1.060712836475806498e+00
1.060633186862748767e+00
1.060362766992473338e+00
1.061617931652140578e+00
1.060766483189284015e+00
1.061380501137948240e+00
1.060779356929829831e+00
1.060823629379439303e+00
1.060440471304233911e+00
1.063555558775267640e+00
1.065767083918501168e+00
1.060278485403552740e+00
1.060584994226178468e+00
1.060453475977429338e+00
1.075648184302999466e+00
1.060406415194516061e+00
1.060675957792535540e+00
1.061106858598235725e+00
1.060530924570160627e+00
1.060563531596724784e+00
1.060355294087656608e+00
1.062192931662332862e+00
1.060499919698317361e+00
1.060267984302725175e+00
1.060474807427125521e+00
1.061907525891370607e+00
1.062066942082205534e+00
1.065470061729969053e+00
1.066519846555928686e+00
1.060522018801944855e+00
1.060324965319438206e+00
1.061532052449555064e+00
1.062851942234392499e+00
1.066780470993804242e+00
1.085038605821755819e+00
1.064407902364542302e+00
1.062428899415932992e+00
1.062191589963747962e+00
1.061737102988768333e+00
1.061374075293741059e+00
1.061843494941519861e+00
1.063146676938326207e+00
1.062551596786156738e+00
1.061034904679275304e+00
1.060296665785435799e+00
1.060971244000061375e+00
1.060285340194756731e+00
1.072371608897060291e+00
1.061946638394401621e+00
1.067519852893906940e+00
1.060632169315928630e+00
1.061549176992430565e+00
1.061582054153504595e+00
1.060321575565342567e+00
1.061502507552530394e+00
1.066455418561391477e+00
1.060824712089571964e+00
1.060496879672849335e+00
1.098827084408070753e+00
1.060405540630128263e+00
1.061185914288554466e+00
1.061491326248882094e+00
1.061614440311955176e+00
1.060324965319438206e+00
1.060405540630128263e+00
1.060992130023379998e+00
1.065560673041192397e+00
1.060675957792535540e+00
1.062042359940121417e+00
1.084952965681139636e+00
1.063179628127320253e+00
1.060567610942328098e+00
1.066408712729187469e+00
1.060454616297842767e+00
1.060675957792535540e+00
1.061106858598230174e+00
1.061106858598235725e+00
1.060405540630128263e+00
1.064625376797863732e+00
1.060909827087956225e+00
1.060405540630128263e+00
1.065267460755377815e+00
1.065232374203721077e+00
1.068481476734103985e+00
1.063874878561382520e+00
1.060511920751510573e+00
1.062731612630241962e+00
1.068197694731851222e+00
1.063079577904124218e+00
1.065578627598403827e+00
1.062006484792305638e+00
1.062315697450623597e+00
1.064005753376523034e+00
1.061580832388164364e+00
1.096923952604639041e+00
1.064180670539784712e+00
1.061209715823826061e+00
1.063956155763598810e+00
1.070336725347982521e+00
1.061170491312568354e+00
1.069474516498087446e+00
1.061528568109407766e+00
1.064322215387376813e+00
1.063300044670444366e+00
1.077491416202567720e+00
1.097159975016377631e+00
1.140847518964764218e+00
1.087490546506384437e+00
1.063563108805131607e+00
1.081451830361350286e+00
1.064356193927377570e+00
1.060697786879752691e+00
1.061068136392959937e+00
1.060570019298522793e+00
1.060301842608806666e+00
1.062340810818473757e+00
1.060783349291170685e+00
1.065077794467677474e+00
1.060969031539106489e+00
1.060747166289306431e+00
1.061343889612777147e+00
1.060265391047574779e+00
1.061339010895196777e+00
1.060293311115877213e+00
1.072563492658029638e+00
1.253067250122491982e+00
1.158842411034351372e+00
1.066832895800627456e+00
1.073319071608455300e+00
1.061972838096249427e+00
1.077756019725496284e+00
1.067853602982449912e+00
1.077274010583948227e+00
1.064535274984545588e+00
1.072205680211340439e+00
1.062010621836427804e+00
1.062070700329210027e+00
1.061682798126510452e+00
1.062316762346699583e+00
1.060777578951292099e+00
1.065573916418799172e+00
1.060722226482740727e+00
1.062883802731782623e+00
1.062878913965546790e+00
1.062151811795712719e+00
1.062925043589959317e+00
1.060964353039869135e+00
1.062370533694085850e+00
1.080074915208425024e+00
1.064187855255031900e+00
1.060593250849980018e+00
1.060351994436322220e+00
1.062268542898709311e+00
1.060652162852145253e+00
1.068270299327733985e+00
1.088287677435661349e+00
1.066824665357889224e+00
1.060852306655674759e+00
1.061952273289589632e+00
1.065449143900493389e+00
1.061027083449570085e+00
1.061886485747540076e+00
1.062223577782875905e+00
1.062959394510125666e+00
1.071245499769142739e+00
1.062446242841665001e+00
1.072421007508961521e+00
1.245520184347466142e+00
1.071337074108169585e+00
1.065132873723890983e+00
1.065916817054572752e+00
1.076968384866594963e+00
1.068208131061712862e+00
1.060293857019480201e+00
1.063082906925337356e+00
1.060751557418784907e+00
1.060413120164156009e+00
1.061029434732704058e+00
1.070396356227610646e+00
1.060504733306721903e+00
1.069312297371479925e+00
1.119954384801763236e+00
1.061831500858051447e+00
1.060581430486683185e+00
1.060645283996968224e+00
1.062018281815760634e+00
1.060367107109795315e+00
1.060968203570791246e+00
1.063419189443927992e+00
1.064016349469038669e+00
1.062936369731644293e+00
1.061313580561685566e+00
1.060422577658870491e+00
1.060460295940347075e+00
1.061819848426988955e+00
1.061819848426988955e+00
1.062239380507867370e+00
1.061245595895063287e+00
1.060706251017076607e+00
1.062701461380548995e+00
1.061070479687748147e+00
1.062607953559136398e+00
1.061868851089142085e+00
1.061868851089140087e+00
1.070538522655219760e+00
1.071774390789429932e+00
1.065139179447414541e+00
1.062174025057737170e+00
1.139262067603572515e+00
1.062617025762556011e+00
1.073675401110565364e+00
1.108831448917490414e+00
1.079059778148012905e+00
1.065482277325704441e+00
1.060390252777412501e+00
1.061544253729696186e+00
1.062200039153163411e+00
1.064354546616706365e+00
1.060250207690729418e+00
1.061070479687748147e+00
1.061283260331048028e+00
1.071442354609113634e+00
1.082779303206562682e+00
1.072340465026164980e+00
1.062334902744934251e+00
1.079916635501053657e+00
1.070833616152947254e+00
1.061096156100379995e+00
1.061096156100379995e+00
1.065210061709032763e+00
1.061175739517778105e+00
1.085607939543848488e+00
1.072358865581069853e+00
1.060317745015084245e+00
1.143335845141509211e+00
1.060510793939115626e+00
1.062432477908309192e+00
1.064308504041258985e+00
1.117178791090549073e+00
1.068258479353988655e+00
1.072929807786555445e+00
1.067824944999885561e+00
1.070905988071003234e+00
1.060511985647559552e+00
1.090187593872066429e+00
1.068351163228699940e+00
1.061467583389691605e+00
1.068097673380575818e+00
1.073638420766042989e+00
1.065285741674523390e+00
1.093398241827515438e+00
1.061467583389691605e+00
1.064397187239771059e+00
1.061170491312568354e+00
1.064639932440289760e+00
1.066524588918562166e+00
1.076103839165359455e+00
1.067466273332849047e+00
1.063633331877515964e+00
1.072444440744473537e+00
1.112925286132862457e+00
1.067868765923730034e+00
1.077325142590220830e+00
1.072581844703445419e+00
1.063847028195403110e+00
1.063923798480568284e+00
1.060390252777412501e+00
1.061463103974775057e+00
1.065349803822698060e+00
1.061515978671573990e+00
1.066125039086833093e+00
1.066624040836922971e+00
1.060437907805744651e+00
1.060963337788294991e+00
1.062150101831532911e+00
1.074843901572094751e+00
1.060886982389780409e+00
1.060440471304233911e+00
1.064991086902393302e+00
1.066659038267496529e+00
1.061032776325817384e+00
1.079980814164148706e+00
1.070139221003916896e+00
1.060406451269638284e+00
1.060439128701037070e+00
1.060779356929833384e+00
1.060563531596724784e+00
1.067036288226886009e+00
1.061379523168256123e+00
1.063931554746428976e+00
1.107082233448688058e+00
1.098604653286726851e+00
1.068031449920110454e+00
1.096115541636781821e+00
1.182307964612364204e+00
1.060299760147856318e+00
1.060789104259680427e+00
1.060576285762970805e+00
1.061334029269088930e+00
1.060511290750567381e+00
1.061156468856543134e+00
1.064710835571979874e+00
1.061884493051952871e+00
1.066089258062283163e+00
1.061022446845778733e+00
1.060990130352639227e+00
1.064969457539886699e+00
1.087186436616716989e+00
1.063034086092117914e+00
1.088182916888384311e+00
1.060541163902024353e+00
1.060374765966639599e+00
1.061468437004119192e+00
1.061259234599750911e+00
1.061468437004119192e+00
1.062419450232457097e+00
1.063536520952168329e+00
1.063079090715516095e+00
1.061468437004119192e+00
1.063536520952168329e+00
1.062208188579434998e+00
1.062483148549042689e+00
1.063536520952168329e+00
1.062229323927100566e+00
1.060825073145637010e+00
1.060657013399413540e+00
1.060728688756220839e+00
1.067766712278746866e+00
1.061070479687748147e+00
1.060725419045128737e+00
1.060508699188090320e+00
1.061219556839284150e+00
1.060508699188090320e+00
1.060576992659475692e+00
1.061041585621085304e+00
1.063393069020020176e+00
1.060576992659475692e+00
1.062679806098701496e+00
1.062691750487547715e+00
1.091229617628147075e+00
1.067694226764385634e+00
1.122387252440393501e+00
1.108348745651960288e+00
1.064459357333866318e+00
1.060682980190821079e+00
1.102547771968313439e+00
1.063486338746955306e+00
1.061958864052376272e+00
1.073875910810568213e+00
1.069747815168350602e+00
1.065580582330733828e+00
1.068077965586075706e+00
1.060967598351378882e+00
1.060894675905292850e+00
1.061035778213156977e+00
1.060485317272660266e+00
1.064246362571947380e+00
1.060699713482032180e+00
1.062930546095790962e+00
1.064246362571947380e+00
1.062572342228414124e+00
1.061489533841190713e+00
1.062798859529447082e+00
1.061379608378036909e+00
1.060333098391358586e+00
1.062598711024026255e+00
1.060269133796183594e+00
1.064210145798631046e+00
1.061808281730113324e+00
1.071616744044529890e+00
1.062811337264935041e+00
1.060289846706279127e+00
1.062347923252806803e+00
1.060291991915902177e+00
1.062481681815612200e+00
1.060291991915902177e+00
1.062475030371104134e+00
1.062982304089091334e+00
1.062981826730628354e+00
1.060788804415275788e+00
1.060621196385433285e+00
1.061310477130276819e+00
1.060410724531399618e+00
1.060405377300087215e+00
1.060621196385433285e+00
1.063395725876746800e+00
1.061744098292076055e+00
1.063209903230118103e+00
1.060621196385433285e+00
1.062085756174030893e+00
1.060413440743893654e+00
1.060706531173869260e+00
1.061113884613753111e+00
1.060357659289401289e+00
1.060440676631242862e+00
1.063842338652240205e+00
1.069139129621331064e+00
1.060734045931216230e+00
1.060270849570584373e+00
1.064605447949011463e+00
1.061219556839284150e+00
1.061070479687748147e+00
1.062864712724438387e+00
1.061847379970957794e+00
1.061219556839284150e+00
1.061648995332446610e+00
1.060333098391360585e+00
1.060421520072908796e+00
1.060291991915902177e+00
1.061321431400543469e+00
1.082497034465707442e+00
1.072449421904622335e+00
1.066435654538530509e+00
1.118745189434220855e+00
1.064566549698748199e+00
1.075735671860104992e+00
1.062293905678487915e+00
1.060270849570584373e+00
1.069667773573568681e+00
1.063890315266694531e+00
1.068421297877769627e+00
1.068563281402955090e+00
1.066229699085882610e+00
1.070105343741506898e+00
1.069661321063439363e+00
1.071826432769144244e+00
1.069546341234306919e+00
1.069157380526456258e+00
1.062180160262198525e+00
1.061280725115810730e+00
1.130063428226318889e+00
1.063283532984999891e+00
1.068507443143775326e+00
1.063083148524533339e+00
1.060433975709315746e+00
1.060918859797716163e+00
1.071176077652320036e+00
1.062293332674824509e+00
1.067373412022488255e+00
1.066151524263784900e+00
1.072455017397163646e+00
1.060990130352637228e+00
1.060240167466294903e+00
1.061150008446430926e+00
1.060687212391480116e+00
1.060589091425552244e+00
1.062150101831532911e+00
1.061606853728056965e+00
1.060781077935988970e+00
1.061309206812057981e+00
1.061484345729209133e+00
1.064858639418476915e+00
1.061468437004119192e+00
1.062150101831532911e+00
1.060485317272660266e+00
1.060242293456883589e+00
1.060439578414621886e+00
1.060779443253297760e+00
1.064858639418476915e+00
1.064858639418476915e+00
1.060859478269119416e+00
1.062058764921362197e+00
1.064923759578326967e+00
1.064369554373596483e+00
1.061819848426986956e+00
1.061034115940294065e+00
1.061533884879003908e+00
1.061533884879003908e+00
1.061840214623406942e+00
1.061636330382179860e+00
1.062344439030529664e+00
1.062547470096048219e+00
1.060844470041976573e+00
1.071330075885488453e+00
1.064403207431898757e+00
1.064403207431898757e+00
1.061109782330409423e+00
1.064403207431898757e+00
1.067534517523929249e+00
1.061843494941523636e+00
1.072736696374759546e+00
1.065284787768723929e+00
1.061310803409290626e+00
1.067228579931256416e+00
1.063356504751267639e+00
1.060389855636798329e+00
1.066457116911305514e+00
1.060595439664211437e+00
1.063852598076795664e+00
1.060273370720006270e+00
1.063909068326748919e+00
1.060560355196433102e+00
1.060264543937744941e+00
1.063079090715519648e+00
1.061088246761461962e+00
1.062982547181165360e+00
1.066925158778805338e+00
1.060301745792594508e+00
1.060318413257179460e+00
1.073612081875785051e+00
1.060483360748443182e+00
1.063796570918632778e+00
1.061692228697577400e+00
1.061964024498044168e+00
1.061321431400543469e+00
1.060822395477262647e+00
1.060283574943977181e+00
1.069774430008438415e+00
1.085207910571000411e+00
1.062160603138805337e+00
1.062150101831532911e+00
1.060571897793458840e+00
1.061311894324900695e+00
1.060702954366815609e+00
1.073437028248169334e+00
1.069574604912252980e+00
1.064115886487883245e+00
1.060326897339759267e+00
1.326748436807995812e+00
1.239210570049462667e+00
1.061097418789504143e+00
1.076414394268513375e+00
1.069191547527492903e+00
1.073292615244202164e+00
1.063553955811066931e+00
1.090947055062639448e+00
1.090947055062639448e+00
1.065896638669510121e+00
1.063020921788038198e+00
1.079625305024004556e+00
1.066572594079235881e+00
1.060710847931161549e+00
1.061804973102137728e+00
1.062251955114726032e+00
1.066701012601178666e+00
1.062070700329210027e+00
1.062193824521916907e+00
1.061513129915426124e+00
1.129147588800124113e+00
1.060783349291170685e+00
1.060374950752275058e+00
1.060539591518852687e+00
1.061627972491480110e+00
1.060432410495209421e+00
1.060886982389780409e+00
1.060440471304233911e+00
1.061603924836024948e+00
1.060584994226178468e+00
1.060464545613116094e+00
1.065686603317784753e+00
1.071548346470420077e+00
1.160032414427489167e+00
1.062846513225996992e+00
1.062298995852676953e+00
1.062706934022390248e+00
1.060602508545823275e+00
1.060300752555723314e+00
1.060374950752275058e+00
1.064833579594306245e+00
1.061486887837669091e+00
1.060251624323987452e+00
1.060410724531399618e+00
1.064195247911894793e+00
1.070248847051164631e+00
1.079109014687539059e+00
1.077282498895257401e+00
1.060719900962747486e+00
1.060632325695539002e+00
1.061010398859558723e+00
1.060886982389780409e+00
1.060823868722379659e+00
1.061407862721858386e+00
1.074851867150395490e+00
1.062199585743586638e+00
1.062975579328698794e+00
1.084432250186567748e+00
1.061957559683675445e+00
1.060416393576284255e+00
1.061603924836024948e+00
1.060891013235250702e+00
1.061843494941519861e+00
1.067724604212162420e+00
1.064240185477635769e+00
1.061526737777290119e+00
1.060283574943977181e+00
1.065560616108109260e+00
1.078748723402001675e+00
1.072952931073382077e+00
1.065044350273590235e+00
1.065268303106880143e+00
1.063247461850133080e+00
1.063776750030321017e+00
1.073125988697867239e+00
1.064520273190628696e+00
1.063963653601118331e+00
1.077351911755870084e+00
1.067824292683053455e+00
1.062450105268923251e+00
1.061291565728528008e+00
1.064943914112241208e+00
1.064870550153153239e+00
1.067012024603933851e+00
1.062483148549042689e+00
1.065038468455629994e+00
1.082234436923636300e+00
1.063572697752350305e+00
1.068963532730011101e+00
1.063963288983842403e+00
1.065266631486930571e+00
1.068097673380575818e+00
1.063839045393101479e+00
1.330823904938227331e+00
1.071051548853923618e+00
1.061521268516592675e+00
1.060947513776231865e+00
1.060804305095130573e+00
1.070287859121590746e+00
1.062268542898709311e+00
1.060640280225546572e+00
1.092214627172839236e+00
1.076383014562885876e+00
1.079449699204989788e+00
1.062075711671306211e+00
1.065349514541518827e+00
1.068433076477373289e+00
1.060607732298774142e+00
1.060422784202884827e+00
1.062191395031055308e+00
1.099134060333102125e+00
1.075021591018791245e+00
1.087952758001841991e+00
1.061604649028279779e+00
1.060787161741507667e+00
1.063637638126764706e+00
1.064599365213462212e+00
1.063445619758608407e+00
1.124997247684738078e+00
1.072127238635506075e+00
1.076707132864885841e+00
1.061949465119671920e+00
1.062094690537391584e+00
