3.979202115563671214e+02
4.970590619353256443e+02
4.737016899600781130e+02
4.327327528232296459e+02
6.040526230297821257e+02
3.506997760088956966e+02
4.627492230896929186e+02
3.068225063619694879e+02
3.641127304985470801e+02
5.201808055635111714e+02
4.876301272006352292e+02
5.497312265634574260e+02
5.887233673712504469e+02
4.395326744764945488e+02
4.897022549146352048e+02
5.874933277755053496e+02
5.004120693333454710e+02
5.194190619353257716e+02
5.243990619353257898e+02
4.162117274701680003e+02
4.162117274701680003e+02
4.197926625630018975e+02
6.604118557475860598e+02
3.506626481236906443e+02
4.965409895332238648e+02
4.973021895289379017e+02
4.973021895289379017e+02
4.655509859720249324e+02
6.662316331559854916e+02
4.722224863027193464e+02
6.040526230297821257e+02
5.180387406281959102e+02
5.507261451352599124e+02
4.847590680100847749e+02
4.426721852378599351e+02
6.116017369951026694e+02
4.660690541792078534e+02
4.885065606794443056e+02
5.649133673712505015e+02
5.638765643644875354e+02
5.728554248878306225e+02
5.728554248878306225e+02
5.728554248878306225e+02
4.700524773746539040e+02
4.600771482077805103e+02
5.173792235961876713e+02
6.520213244030973101e+02
4.909233147689851648e+02
5.608107668478562573e+02
5.433518963742858432e+02
4.765913464123246968e+02
5.187815229196160089e+02
5.702313844749800182e+02
5.702313844749800182e+02
4.442351853314233949e+02
5.597116056287245556e+02
4.428743320553844569e+02
4.012227541767385333e+02
4.974327528232296913e+02
5.194579542344031324e+02
4.831416885807833523e+02
3.810611060010529059e+02
4.246216947697389514e+02
3.469116653503281213e+02
4.629313853366786589e+02
5.162865606794442783e+02
5.130565606794443738e+02
4.857165606794442851e+02
3.330227504830630778e+02
3.643728155710309125e+02
3.606424868765969336e+02
3.574124868765969154e+02
5.508412781479539717e+02
4.685616939128075273e+02
4.654417002736436757e+02
5.099718596459930495e+02
3.928927205025504463e+02
4.621997250462793545e+02
4.621997250462793545e+02
5.375060747887421257e+02
5.146284770866942608e+02
5.296234063559734295e+02
6.893815155127615526e+02
2.016231094223095852e+03
4.478655181435661916e+02
6.983214038112495246e+02
4.664472950819078960e+02
4.792157588383948905e+02
4.627178568071083760e+02
4.900578568071084078e+02
4.900578568071084078e+02
4.900578568071084078e+02
5.693633160985785935e+02
5.693633160985785935e+02
5.415052482083264067e+02
5.415052482083264067e+02
4.407704634750875812e+02
5.639413083304654037e+02
5.394634045947652794e+02
3.914526457245321467e+02
4.155116799317951291e+02
4.155116799317951291e+02
5.309844447340575471e+02
5.309844447340575471e+02
6.958914887114951853e+02
5.261777971972559271e+02
3.441396389726584744e+02
3.456904023783808384e+02
3.583614696199669538e+02
5.262778188056802264e+02
5.340650178174146276e+02
5.542530711991893213e+02
3.983297863913603010e+02
4.296801316837222089e+02
4.669597863913602396e+02
3.855125063619694856e+02
3.312100801223563167e+02
5.141757876606981199e+02
3.916985531826625220e+02
6.891111651615150322e+02
5.153714457330798950e+02
4.156296362460466298e+02
5.059733068277388384e+02
4.055619119374673573e+02
5.046047397625499684e+02
5.046047397625499684e+02
5.570333148573583912e+02
5.165945725021285853e+02
5.839111682544202040e+02
5.839111682544202040e+02
4.754051871572886512e+02
4.887366084610360986e+02
6.910624482247818605e+02
4.002969226605152926e+02
3.868916947697389332e+02
4.252013853366786407e+02
5.318339698825030837e+02
3.460217977951324428e+02
4.512165606794442851e+02
4.326477971972558976e+02
4.122227465886937807e+02
4.055515786518100185e+02
3.751626977439120196e+02
4.790745230587696142e+02
4.550852940126775934e+02
4.737451481918280365e+02
4.284296910302186348e+02
4.282896300158234340e+02
5.537813847322217953e+02
5.097992230896928163e+02
5.257792303709933321e+02
4.004427513227136615e+02
3.424813737066655221e+02
4.156296362460466298e+02
5.542292235961876941e+02
5.661428644764788487e+02
4.700773587636698494e+02
3.545410653210556688e+02
3.411327541767385014e+02
3.893423557676932774e+02
4.122227465886937807e+02
4.023224781926870719e+02
3.002622921933514704e+02
4.755109859720249688e+02
4.755109859720249688e+02
4.755109859720249688e+02
4.481709859720249369e+02
4.054609859720249005e+02
4.829687357443071960e+02
5.080765606794441851e+02
5.220569307722977328e+02
3.868916947697389332e+02
3.556821973020461201e+02
4.813755646664233154e+02
4.702914960186712960e+02
6.586013925718302744e+02
3.751626977439120196e+02
4.429878683504518904e+02
3.140303172665719558e+02
4.281827915633605244e+02
4.065827316440862091e+02
5.209333303755955740e+02
5.622738260033004281e+02
5.548161499020002339e+02
5.548161499020002339e+02
5.548161499020002339e+02
4.068916989441298142e+02
3.640127521464756342e+02
3.826726419556606515e+02
3.670027557961732327e+02
4.596421895289379904e+02
4.281827915633605244e+02
4.362808055635110236e+02
4.288221852378599124e+02
4.288221852378599124e+02
4.288221852378599124e+02
3.973628497607890608e+02
5.442952998502095170e+02
5.442952998502095170e+02
4.274616995696986237e+02
4.061526999597329564e+02
6.559135142934642317e+02
8.248513889509580395e+02
5.098620988633525144e+02
5.551790741120822759e+02
5.523890741120823122e+02
5.995414315962013916e+02
4.622652875680228135e+02
5.613833673712505288e+02
6.865610167700026523e+02
7.650513927443125795e+02
6.609407962482405310e+02
6.887315332266840642e+02
6.169315533721859310e+02
4.326477971972558976e+02
3.707527504830630960e+02
6.029113630811989424e+02
5.599320909008365561e+02
5.303814960186713279e+02
5.802439698825031655e+02
5.802439698825031655e+02
3.741203172665719876e+02
3.937703876036491693e+02
4.929485615506558247e+02
4.929485615506558247e+02
4.929485615506558247e+02
5.704559703602262744e+02
5.243711384482255653e+02
3.697726744764945579e+02
5.722536617859501575e+02
5.722536617859501575e+02
5.702126235299709833e+02
4.222028155710308965e+02
3.788627541767385765e+02
3.015893415361857706e+02
4.055724868765969404e+02
5.516239794186294603e+02
5.516239794186294603e+02
5.516239794186294603e+02
4.171726744764945920e+02
4.705309859720249506e+02
4.705309859720249506e+02
4.705309859720249506e+02
4.431909859720249187e+02
5.404173665706596239e+02
4.518473671379938423e+02
3.826926757136232595e+02
4.580017011623870076e+02
5.530933646013411362e+02
4.351228158415379426e+02
2.872616653503280872e+02
3.831915786518100049e+02
5.103787357443071642e+02
4.481005548283781650e+02
5.291936548767025670e+02
5.291936548767025670e+02
2.890192585582722131e+02
3.975226977439120333e+02
4.060913933702545933e+02
4.384296362460466412e+02
3.517603172665719740e+02
3.794426744764945738e+02
3.186114668865780573e+02
3.474327557961732396e+02
3.778996362460465548e+02
3.673128141766227941e+02
3.021102155173641108e+02
4.983890541792079034e+02
4.710490541792078716e+02
4.710490541792078716e+02
4.710490541792078716e+02
4.283390541792078352e+02
3.832124868765969268e+02
4.517009859720249096e+02
4.517009859720249096e+02
5.586633303755955922e+02
3.148817279697381650e+02
5.498361499020002157e+02
5.498361499020002157e+02
6.309308336642301356e+02
6.309308336642301356e+02
5.073169402989684613e+02
5.050845319999714320e+02
5.149965691721332632e+02
5.471626235299709151e+02
4.517009859720249096e+02
3.478727557961732373e+02
4.920365606794442783e+02
4.920365606794442783e+02
4.238421852378598942e+02
4.238421852378598942e+02
4.238421852378598942e+02
5.049361499020004089e+02
5.049361499020004089e+02
5.049361499020004089e+02
4.228027552666727615e+02
4.759585531826625129e+02
4.240418045803832570e+02
4.240418045803832570e+02
4.240418045803832570e+02
4.993490655908854592e+02
4.993490655908854592e+02
4.469201361317399801e+02
4.764709910673310560e+02
6.601615274003274862e+02
5.033478753222827322e+02
5.033478753222827322e+02
3.773527323101091611e+02
3.773527323101091611e+02
5.351896968533122845e+02
4.499826557215976663e+02
4.204327316440862319e+02
6.447817879137414820e+02
6.743316939779703034e+02
5.123196340409335789e+02
4.155516930475176309e+02
4.155516930475176309e+02
4.885196910302186097e+02
4.455417977951324247e+02
4.159916930475176287e+02
6.514514458820817708e+02
6.219014315962015189e+02
6.075721035237216938e+02
3.976228141766227964e+02
4.232927256359398029e+02
4.469816947697389082e+02
4.656415786518099935e+02
5.247421895289379563e+02
4.226627304985470346e+02
3.931127504830631096e+02
4.439416869552202911e+02
4.457614668865780345e+02
4.462014668865780322e+02
5.406352940126777185e+02
7.134224482247819878e+02
3.724612929694833383e+02
5.001492230896929527e+02
4.879412265634575192e+02
4.571213928253249605e+02
4.242736995546451908e+02
5.972116082603913583e+02
5.972116082603913583e+02
5.972116082603913583e+02
3.469116653503281213e+02
4.280113933702546092e+02
3.325827504830630801e+02
3.639328155710309147e+02
3.602024868765969359e+02
4.681216939128075296e+02
4.646692303709934322e+02
4.646692303709934322e+02
4.646692303709934322e+02
5.522833647439324523e+02
3.410525014872334282e+02
3.830813933702546024e+02
3.240302155173640699e+02
4.396124781926870924e+02
4.929690541792078307e+02
4.929690541792078307e+02
4.656290541792078557e+02
4.051324868765969427e+02
3.742017115731086960e+02
3.245516653503281645e+02
5.208265606794443556e+02
3.373226757136232550e+02
3.955396940884766650e+02
3.703127504830630983e+02
4.462809859720249506e+02
4.885796321773752879e+02
3.508613716792961554e+02
4.561009254550650667e+02
4.885065606794443056e+02
3.764414668865780413e+02
4.700705660384673479e+02
4.700705660384673479e+02
4.700705660384673479e+02
5.468161499020002339e+02
5.453769307722977828e+02
4.929485615506558247e+02
4.929485615506558247e+02
5.224992303709933594e+02
5.224992303709933594e+02
3.468917274701680071e+02
4.691385615506558224e+02
3.693326744764945602e+02
3.016503876036491647e+02
4.979285615506558429e+02
4.979285615506558429e+02
1.166781312309211671e+03
5.473339794186293830e+02
7.106914178935199971e+02
3.697726744764945579e+02
3.993225014872334100e+02
4.233820693333454415e+02
4.233820693333454415e+02
4.233820693333454415e+02
5.388550229833066396e+02
3.559816614139962780e+02
5.249165691721333360e+02
3.734611060010528831e+02
5.287461499020002975e+02
4.829015928118058127e+02
4.476521852378598965e+02
4.476521852378598965e+02
4.476521852378598965e+02
4.203121852378599215e+02
4.088793848100463606e+02
4.970590619353256443e+02
5.229595487978085657e+02
5.175395487978084930e+02
5.251608055635111896e+02
5.251608055635111896e+02
5.251608055635111896e+02
5.251608055635111896e+02
5.251608055635111896e+02
4.879890541792078693e+02
4.660690541792078534e+02
4.705309859720249506e+02
4.705309859720249506e+02
4.705309859720249506e+02
4.431909859720249187e+02
5.108665606794442624e+02
5.000813928253248264e+02
5.000813928253248264e+02
5.000813928253248264e+02
5.150765643644874672e+02
4.941992303709934049e+02
4.651109859720249915e+02
4.236627521464756114e+02
3.697927557961731964e+02
3.670027557961732327e+02
3.693527557961731986e+02
3.993422921933515113e+02
3.993422921933515113e+02
4.038220705047899628e+02
3.571222921933515408e+02
3.598117279697382287e+02
6.004521150699735017e+02
4.351228158415379426e+02
4.333190541792078534e+02
4.333190541792078534e+02
4.333190541792078534e+02
6.837718712547845143e+02
6.837718712547845143e+02
5.465317369951025057e+02
3.746417115731086938e+02
3.942917274701679844e+02
4.209518022330021267e+02
4.160696362460466275e+02
4.155516930475176309e+02
4.151116930475176332e+02
5.117596340409335767e+02
3.288794018598318871e+02
3.011294492914472016e+02
4.003222698876770664e+02
4.003222698876770664e+02
4.849795487978085475e+02
4.849795487978085475e+02
4.849795487978085475e+02
4.849795487978085475e+02
2.957300771649289572e+02
5.164378022285386578e+02
5.164378022285386578e+02
3.787222907247667081e+02
3.787222907247667081e+02
5.795408268522542130e+02
5.292639794186294466e+02
5.100645319999715639e+02
6.171010254590966042e+02
5.357852998502096398e+02
6.044659780960600983e+02
6.080521417864163141e+02
3.933425908301612708e+02
4.234324868765969541e+02
3.787222907247667081e+02
3.787222907247667081e+02
3.787222907247667081e+02
3.795625014872333622e+02
5.243021895289379017e+02
4.222227304985469800e+02
5.249165691721333360e+02
5.249165691721333360e+02
4.822065691721331859e+02
5.632261415674706768e+02
5.892417369951025421e+02
4.967534045947652430e+02
4.551108055635111214e+02
6.386308203734487279e+02
4.143527256359398052e+02
3.886828141766227986e+02
4.007827541767385355e+02
3.788627541767385765e+02
4.166526977439120287e+02
3.764613737066655403e+02
3.216714696199669561e+02
3.249916653503281623e+02
3.151113737066655744e+02
4.317827923894878950e+02
4.003222698876770664e+02
4.003222698876770664e+02
4.317827923894878950e+02
4.784721895289379745e+02
4.784721895289379745e+02
4.784721895289379745e+02
4.511321895289379995e+02
4.009626625630019134e+02
4.009626625630019134e+02
4.009626625630019134e+02
4.820585695219850209e+02
4.317827923894878950e+02
4.317827923894878950e+02
4.317827923894878950e+02
3.695020705047899696e+02
3.695020705047899696e+02
4.293528155710308738e+02
5.164378022285386578e+02
5.164378022285386578e+02
5.164378022285386578e+02
5.164378022285386578e+02
5.164378022285386578e+02
5.164378022285386578e+02
5.164378022285386578e+02
5.970550229833065714e+02
5.472575765833577179e+02
3.996028149150948252e+02
3.996028149150948252e+02
5.164281104090396184e+02
5.164281104090396184e+02
3.999216637253405224e+02
3.745427541767385264e+02
5.876957979786492388e+02
5.876957979786492388e+02
5.581452998502096534e+02
5.352678022285385850e+02
5.352678022285385850e+02
7.726112602739241311e+02
5.766083476525242304e+02
5.766083476525242304e+02
5.766083476525242304e+02
5.493758043507439197e+02
5.493758043507439197e+02
5.493758043507439197e+02
6.533538325769798121e+02
4.991005769845828581e+02
6.420136617859501484e+02
6.191358043507439106e+02
6.724636690046232843e+02
6.182514880104795338e+02
6.680312475439809532e+02
6.680312475439809532e+02
4.266624868765969154e+02
4.919696320478573170e+02
4.391012270531141439e+02
3.809017279697382037e+02
4.730825227513021218e+02
3.775816568665504178e+02
5.448561499020003112e+02
4.724195492883244469e+02
3.580203854668479835e+02
5.219785695219849231e+02
6.145732359644500775e+02
5.181750181603152896e+02
4.495413933702545819e+02
4.491013933702545842e+02
5.797181305126393909e+02
6.904514740968545539e+02
6.037039897444517464e+02
4.037826757136232345e+02
4.033426757136232368e+02
3.506626481236906443e+02
3.049017102548379512e+02
3.964196940884767741e+02
3.244625891495417136e+02
4.977396312481421319e+02
5.269585695219849413e+02
5.269585695219849413e+02
5.269585695219849413e+02
5.215313031291444759e+02
5.215313031291444759e+02
5.490165775197879157e+02
4.912981071768228389e+02
4.617477907096129002e+02
6.972120563856537956e+02
6.676621035237218393e+02
4.927377971972559294e+02
5.113975559858143356e+02
4.684201237698815135e+02
4.388696362460466389e+02
6.078015577101164126e+02
4.245352875680227953e+02
4.521550181603152510e+02
3.816813968822180527e+02
3.508613716792961554e+02
5.489695558776185180e+02
5.851416897083863660e+02
5.990212485212932734e+02
4.410317583941988460e+02
4.934611496750499100e+02
4.241027521464756092e+02
3.697927557961731964e+02
4.427626419556606265e+02
5.018627923894878791e+02
3.997822921933515090e+02
4.664427521464756410e+02
4.039420705047899673e+02
3.964620705047899492e+02
4.966369220739234152e+02
3.702327557961731941e+02
5.359345230587696278e+02
3.835213933702546001e+02
3.943433637254213977e+02
1.253371211881779573e+03
6.040526230297821257e+02
6.348724174050357760e+02
6.348724174050357760e+02
6.246912549074912704e+02
6.111415100272662357e+02
7.729917816845839980e+02
6.420015100272661357e+02
6.420015100272661357e+02
6.388916331559855735e+02
6.388916331559855735e+02
6.290610254590965269e+02
6.061817369951025967e+02
6.184321150699735199e+02
6.561515022330239617e+02
5.353685615506559543e+02
5.617590619353256898e+02
5.877917369951024966e+02
4.699621895289379836e+02
5.413975765833578180e+02
5.215531554868891817e+02
4.368110703745974774e+02
6.107721150699734380e+02
4.925792230896929027e+02
4.697010649559045987e+02
6.768615772951743565e+02
5.297548288188161223e+02
5.199365691721333178e+02
5.221396321773753471e+02
5.221396321773753471e+02
4.879890541792078693e+02
4.879890541792078693e+02
6.106710254590965405e+02
5.420355755559241970e+02
5.420355755559241970e+02
5.420355755559241970e+02
6.187817419811262880e+02
6.187817419811262880e+02
5.105778022285385873e+02
6.575115552145558695e+02
5.409990577353204344e+02
5.467087472407205269e+02
5.193996959403846176e+02
3.961425949089733649e+02
3.704725063619694652e+02
5.037396340409335949e+02
5.037396340409335949e+02
4.612116546502769552e+02
4.382928155710308715e+02
5.605747084804212363e+02
4.208016614139963281e+02
3.783416614139962917e+02
3.965617115731087097e+02
3.970017115731087074e+02
3.540199455867288520e+02
4.690926743398183589e+02
4.206816614139963235e+02
4.386001237698814634e+02
3.244702155173640676e+02
4.400524781926870901e+02
4.934090541792078284e+02
4.660690541792078534e+02
4.055724868765969404e+02
3.072300801223562985e+02
3.414925014872334259e+02
3.377626757136231959e+02
4.344397863913603146e+02
5.219477971972559089e+02
4.246216947697389514e+02
4.467209859720248915e+02
4.467209859720248915e+02
3.145899455867288452e+02
4.039218664213004217e+02
3.724612929694833383e+02
4.039218664213004217e+02
4.506127923894879359e+02
4.506127923894879359e+02
3.731017639693183128e+02
5.030422617640437579e+02
5.030422617640437579e+02
5.030422617640437579e+02
5.281220686881368920e+02
4.963708055635110554e+02
4.734921895289380132e+02
4.734921895289380132e+02
4.734921895289380132e+02
4.931420693333454324e+02
5.388985615506559270e+02
5.388985615506559270e+02
4.366128501453070498e+02
4.366128501453070498e+02
4.777109895332239375e+02
4.777109895332239375e+02
4.777109895332239375e+02
6.230233331183404744e+02
4.814328501458772394e+02
4.039218664213004217e+02
3.416411060010528900e+02
3.433214696199669334e+02
5.334267463401564555e+02
4.111425014872334032e+02
4.462520693333454460e+02
4.078913716792961281e+02
5.193996959403846176e+02
5.660875765833576452e+02
4.885796321773752879e+02
5.691973748395754455e+02
5.691973748395754455e+02
5.193996959403846176e+02
5.829071679271976336e+02
4.789628158415379175e+02
4.789818664213003672e+02
4.794381180448921214e+02
7.726112602739241311e+02
6.687319459846921745e+02
5.427315507616199284e+02
7.328196302765375094e+02
5.761413847322219226e+02
6.619014820663369392e+02
4.369733068277388384e+02
4.140951481918280024e+02
4.679633088062821002e+02
5.233511664288743077e+02
5.742733303755954921e+02
4.124627521464756228e+02
4.851092230896929323e+02
5.353845319999715002e+02
5.369469220739234743e+02
4.484001237698814748e+02
3.696322921933515318e+02
4.851092230896929323e+02
4.902592230896929095e+02
5.107790684845766123e+02
4.611765606794443215e+02
4.686342650587798175e+02
4.686342650587798175e+02
3.912175559858142719e+02
3.454615786518099867e+02
4.369733068277388384e+02
3.225826419556606197e+02
5.209854124380919984e+02
4.531278683504518767e+02
5.209455702987847872e+02
3.683396910302186029e+02
5.153587357443071824e+02
3.764515860441186419e+02
8.103007658940243800e+02
4.655622649712819907e+02
4.025625924046225350e+02
4.025625924046225350e+02
3.717425043307506485e+02
3.682726735543120640e+02
4.886609857755674966e+02
3.954224730022535823e+02
4.708620652242711344e+02
4.708620652242711344e+02
5.591931454821318539e+02
4.347420620438704759e+02
4.347420620438704759e+02
4.032813718810839418e+02
4.032813718810839418e+02
7.562523764630348069e+02
6.332026057683053750e+02
4.702914960186712960e+02
4.645146814993926228e+02
4.401975260527080422e+02
5.470108481254425215e+02
5.470108481254425215e+02
5.470108481254425215e+02
6.263212616311856209e+02
4.670742265545719079e+02
5.311417204179907685e+02
5.619616123578338147e+02
5.828108104793286657e+02
8.821326199462931754e+02
5.532612672064663002e+02
6.095565697458877139e+02
3.330227504830630778e+02
3.500417015939571570e+02
2.961728152928005784e+02
4.422248419203928052e+02
4.946533393110368024e+02
6.075721035237216938e+02
4.689714960186712460e+02
5.376112485212934189e+02
2.643802155173640358e+02
5.033690541792079216e+02
5.033690541792079216e+02
5.826739794186295285e+02
4.300097863913603078e+02
4.566809859720249278e+02
4.566809859720249278e+02
5.796115433363308966e+02
3.913026481236906875e+02
8.127313684295901339e+02
6.577333650050477445e+02
8.405912290454699587e+02
7.448524562658107016e+02
5.389312485212933552e+02
6.876114797008954156e+02
4.016577907096128683e+02
4.118236257068436998e+02
3.572535083499888628e+02
5.075033252365030876e+02
4.205221484602724900e+02
4.205221484602724900e+02
