1.491960891757479146e+02
1.491960411613475515e+02
1.491960494069026311e+02
1.491960517144849518e+02
1.491960730730266675e+02
1.491960953970124706e+02
1.491960423917501544e+02
1.491960627545498994e+02
1.491960555025217730e+02
1.491960445095409398e+02
1.491960460410666371e+02
1.491960465992852392e+02
1.491960647604653616e+02
1.491960597816910195e+02
1.491960511235148203e+02
1.491960663883358222e+02
1.491960491311777162e+02
1.491960411613475515e+02
1.491960411613475515e+02
1.491960729022741248e+02
1.491960729022741248e+02
1.491960585613074670e+02
1.491960741923724356e+02
1.491960512809270654e+02
1.491960437938801931e+02
1.491960489154450897e+02
1.491960489154450897e+02
1.491960437669170858e+02
1.491960754319248963e+02
1.491960507236203171e+02
1.491960730730266675e+02
1.491960423005219525e+02
1.491960512082698926e+02
1.491960411760592535e+02
1.491960495074239077e+02
1.491960745787633584e+02
1.491960411609578045e+02
1.491960492619066372e+02
1.491960647604653616e+02
1.491960492506190974e+02
1.491960557539788397e+02
1.491960557539788397e+02
1.491960557539788397e+02
1.491960507208702609e+02
1.491960491889709033e+02
1.491960423932033848e+02
1.491961054294844189e+02
1.491960671651701489e+02
1.491960849061439944e+02
1.491960741040021503e+02
1.491960886852371289e+02
1.491960772603744374e+02
1.491960905091852965e+02
1.491960905091852965e+02
1.491960570259261374e+02
1.491960953967524404e+02
1.491960608838174664e+02
1.491960606004582814e+02
1.491960517144849518e+02
1.491960464699375848e+02
1.491960711551995189e+02
1.491960815825878228e+02
1.491960472568234763e+02
1.491960741934948658e+02
1.491960464056474791e+02
1.491960492619066372e+02
1.491960492619066372e+02
1.491960492619066372e+02
1.491960516416544920e+02
1.491960533080093398e+02
1.491960507240616778e+02
1.491960507240616778e+02
1.491960820247592210e+02
1.491960472377906228e+02
1.491960488161979299e+02
1.491960684975884135e+02
1.491960581949949187e+02
1.491960452419562841e+02
1.491960452419562841e+02
1.491960517621336351e+02
1.491960434809496689e+02
1.491960651521607986e+02
1.491960802478626817e+02
1.491962065036520357e+02
1.491960554345924663e+02
1.491960910268136331e+02
1.491960486952462190e+02
1.491960539327457980e+02
1.491960466676850388e+02
1.491960466676850388e+02
1.491960466676850388e+02
1.491960466676850388e+02
1.491960666661723565e+02
1.491960666661723565e+02
1.491960565323092567e+02
1.491960565323092567e+02
1.491960456980910408e+02
1.491961055119512309e+02
1.491960651245143481e+02
1.491960599312694455e+02
1.491960486316928325e+02
1.491960486316928325e+02
1.491960606439045023e+02
1.491960606439045023e+02
1.491960764448663213e+02
1.491960464045832850e+02
1.491960971990846190e+02
1.491960872805386202e+02
1.491960766125602333e+02
1.491960467672463153e+02
1.491960582980767072e+02
1.491960709998859045e+02
1.491960454621284100e+02
1.491960460413355349e+02
1.491960454621284100e+02
1.491960627545498994e+02
1.491960913262799124e+02
1.491960535641672436e+02
1.491960428996690098e+02
1.491960870450750178e+02
1.491961113879836489e+02
1.491960434806908609e+02
1.491960675381813530e+02
1.491960495858684510e+02
1.491960601607910917e+02
1.491960601607910917e+02
1.491960671521730717e+02
1.491960604055014414e+02
1.491960824898430644e+02
1.491960824898430644e+02
1.491960570101971086e+02
1.491960492749726654e+02
1.491961359134850795e+02
1.491960495089363690e+02
1.491960472568234763e+02
1.491960464056474791e+02
1.491960614846586850e+02
1.491960494993112434e+02
1.491960492619066372e+02
1.491960464045832850e+02
1.491960546409598294e+02
1.491960468413063268e+02
1.491960602723875979e+02
1.491960604694342294e+02
1.491960562665599070e+02
1.491960573560279784e+02
1.491960433792917229e+02
1.491960435948172403e+02
1.491960985820449821e+02
1.491960423917501544e+02
1.491960424164404913e+02
1.491960516552723277e+02
1.491960787837537623e+02
1.491960434806908609e+02
1.491960423932033848e+02
1.491960724607712905e+02
1.491960484038854702e+02
1.491960463382550017e+02
1.491960606004582814e+02
1.491960639990284676e+02
1.491960546409598294e+02
1.491960507208217166e+02
1.491960645854251482e+02
1.491960437669170858e+02
1.491960437669170858e+02
1.491960437669170858e+02
1.491960437669170858e+02
1.491960437669170858e+02
1.491960423174611776e+02
1.491960492619066372e+02
1.491960494958174763e+02
1.491960472568234763e+02
1.491960492478876290e+02
1.491960552205931378e+02
1.491960763016973317e+02
1.491961128227890754e+02
1.491960602723875979e+02
1.491960466210455536e+02
1.491960882666870702e+02
1.491960565486072596e+02
1.491960555424601012e+02
1.491960663595625363e+02
1.491960625020877842e+02
1.491960511857614335e+02
1.491960511857614335e+02
1.491960511857614335e+02
1.491960487904235038e+02
1.491960516749651617e+02
1.491960512593086321e+02
1.491960605654994936e+02
1.491960489154450897e+02
1.491960565486072596e+02
1.491960445095409398e+02
1.491960495074239077e+02
1.491960495074239077e+02
1.491960495074239077e+02
1.491960571639398552e+02
1.491960562417145582e+02
1.491960562417145582e+02
1.491960488013473309e+02
1.491960602906561064e+02
1.491960641567497134e+02
1.491961147626680031e+02
1.491960507974031032e+02
1.491960422722446822e+02
1.491960422722446822e+02
1.491961133563587225e+02
1.491960562967232988e+02
1.491960647604653616e+02
1.491960839980912397e+02
1.491961128055669690e+02
1.491960850543498793e+02
1.491961035488198775e+02
1.491960968364970768e+02
1.491960464045832850e+02
1.491960516416544920e+02
1.491960889904789838e+02
1.491960738127653485e+02
1.491960763016973317e+02
1.491960614846586850e+02
1.491960614846586850e+02
1.491960882666870702e+02
1.491960875103243040e+02
1.491960428497480109e+02
1.491960428497480109e+02
1.491960428497480109e+02
1.491960525745969051e+02
1.491960834253262931e+02
1.491960597816910195e+02
1.491960632283327470e+02
1.491960632283327470e+02
1.491960730720880690e+02
1.491960533080093398e+02
1.491960606004582814e+02
1.491961018399305772e+02
1.491960507240616778e+02
1.491960614488101839e+02
1.491960614488101839e+02
1.491960614488101839e+02
1.491960597816910195e+02
1.491960437669170858e+02
1.491960437669170858e+02
1.491960437669170858e+02
1.491960437669170858e+02
1.491960483690263572e+02
1.491960483665175730e+02
1.491960597870564698e+02
1.491960488436489527e+02
1.491960647277498708e+02
1.491960533503075226e+02
1.491960741934948658e+02
1.491960468413063268e+02
1.491960423174611776e+02
1.491960454228579920e+02
1.491960632683863821e+02
1.491960632683863821e+02
1.491961034162567614e+02
1.491960602723875979e+02
1.491960464094704548e+02
1.491960434806908609e+02
1.491960882666870702e+02
1.491960597816910195e+02
1.491960766596839392e+02
1.491960605654994936e+02
1.491960434806908609e+02
1.491960532722706319e+02
1.491960891285929165e+02
1.491960411609578045e+02
1.491960411609578045e+02
1.491960411609578045e+02
1.491960411609578045e+02
1.491960411609578045e+02
1.491960507240616778e+02
1.491960437669170858e+02
1.491960437669170858e+02
1.491960663595625363e+02
1.491960729217799724e+02
1.491960511857614335e+02
1.491960511857614335e+02
1.491960843584826080e+02
1.491960843584826080e+02
1.491960494828002481e+02
1.491960604540844315e+02
1.491960492390876425e+02
1.491960730720880690e+02
1.491960437669170858e+02
1.491960605654994936e+02
1.491960492619066372e+02
1.491960492619066372e+02
1.491960495074239077e+02
1.491960495074239077e+02
1.491960495074239077e+02
1.491960511857614335e+02
1.491960511857614335e+02
1.491960511857614335e+02
1.491960605797303288e+02
1.491960428996690098e+02
1.491960495076449149e+02
1.491960495076449149e+02
1.491960495076449149e+02
1.491960411679946219e+02
1.491960411679946219e+02
1.491960460423603934e+02
1.491960438155949475e+02
1.491960773285174753e+02
1.491960466192316233e+02
1.491960466192316233e+02
1.491960555663663399e+02
1.491960555663663399e+02
1.491960433834265416e+02
1.491960586091465757e+02
1.491960555424601012e+02
1.491961199489566923e+02
1.491961180058614787e+02
1.491960435087728172e+02
1.491960472244938956e+02
1.491960472244938956e+02
1.491960433792917229e+02
1.491960494993112434e+02
1.491960472244938956e+02
1.491961116253418140e+02
1.491961133563587225e+02
1.491961257677556034e+02
1.491960532722706319e+02
1.491960528024781070e+02
1.491960472568234763e+02
1.491960468413063268e+02
1.491960489154450897e+02
1.491960555025217730e+02
1.491960516416544920e+02
1.491960726455201325e+02
1.491960766596839392e+02
1.491960766596839392e+02
1.491960562665599070e+02
1.491961359134850795e+02
1.491960802678876803e+02
1.491960423917501544e+02
1.491960465992852392e+02
1.491960464090411449e+02
1.491960630675739026e+02
1.491961167829052499e+02
1.491961167829052499e+02
1.491961167829052499e+02
1.491960741934948658e+02
1.491960464094704548e+02
1.491960516416544920e+02
1.491960533080093398e+02
1.491960507240616778e+02
1.491960472377906228e+02
1.491960424164404913e+02
1.491960424164404913e+02
1.491960424164404913e+02
1.491960647297395894e+02
1.491960628013651444e+02
1.491960464094704548e+02
1.491960891285929165e+02
1.491960507208217166e+02
1.491960411609578045e+02
1.491960411609578045e+02
1.491960411609578045e+02
1.491960507240616778e+02
1.491960735069653765e+02
1.491960741934948658e+02
1.491960492619066372e+02
1.491960597870564698e+02
1.491960433772221961e+02
1.491960516416544920e+02
1.491960437669170858e+02
1.491960435420012914e+02
1.491960788346091533e+02
1.491960829990425168e+02
1.491960492619066372e+02
1.491960766596839392e+02
1.491960453898009291e+02
1.491960453898009291e+02
1.491960453898009291e+02
1.491960511857614335e+02
1.491960494958174763e+02
1.491960428497480109e+02
1.491960428497480109e+02
1.491960424164404913e+02
1.491960424164404913e+02
1.491960729022741248e+02
1.491960428497480109e+02
1.491960597816910195e+02
1.491960875103243040e+02
1.491960428497480109e+02
1.491960428497480109e+02
1.491961577452720178e+02
1.491960614488101839e+02
1.491960979133664296e+02
1.491960597816910195e+02
1.491960628013651444e+02
1.491960491311777162e+02
1.491960491311777162e+02
1.491960491311777162e+02
1.491960582529468411e+02
1.491960742419078372e+02
1.491960492390876425e+02
1.491960815825878228e+02
1.491960511857614335e+02
1.491960468800837134e+02
1.491960495074239077e+02
1.491960495074239077e+02
1.491960495074239077e+02
1.491960495074239077e+02
1.491960433935981598e+02
1.491960411613475515e+02
1.491960434058202907e+02
1.491960434058202907e+02
1.491960445095409398e+02
1.491960445095409398e+02
1.491960445095409398e+02
1.491960445095409398e+02
1.491960445095409398e+02
1.491960411609578045e+02
1.491960411609578045e+02
1.491960437669170858e+02
1.491960437669170858e+02
1.491960437669170858e+02
1.491960437669170858e+02
1.491960492619066372e+02
1.491960464090411449e+02
1.491960464090411449e+02
1.491960464090411449e+02
1.491960492506190974e+02
1.491960424164404913e+02
1.491960437669170858e+02
1.491960516749651617e+02
1.491960605654994936e+02
1.491960605654994936e+02
1.491960605654994936e+02
1.491960645854251482e+02
1.491960645854251482e+02
1.491960669856115658e+02
1.491960645854251482e+02
1.491960729217799724e+02
1.491960737826852039e+02
1.491960533503075226e+02
1.491960411609578045e+02
1.491960411609578045e+02
1.491960411609578045e+02
1.491960741511969957e+02
1.491960741511969957e+02
1.491960745787633584e+02
1.491960735069653765e+02
1.491960729022741248e+02
1.491960495039843977e+02
1.491960434806908609e+02
1.491960472244938956e+02
1.491960472244938956e+02
1.491960435087728172e+02
1.491961010731635611e+02
1.491961003542350568e+02
1.491960658316000661e+02
1.491960658316000661e+02
1.491960434058202907e+02
1.491960434058202907e+02
1.491960434058202907e+02
1.491960434058202907e+02
1.491960913719759390e+02
1.491960463914371644e+02
1.491960463914371644e+02
1.491960646245989608e+02
1.491960646245989608e+02
1.491960843786147564e+02
1.491960614488101839e+02
1.491960604540844315e+02
1.491960860442396779e+02
1.491960562417145582e+02
1.491960525226228640e+02
1.491960737575638802e+02
1.491960601881524440e+02
1.491960507240616778e+02
1.491960646245989608e+02
1.491960646245989608e+02
1.491960646245989608e+02
1.491960628013651444e+02
1.491960489154450897e+02
1.491960555025217730e+02
1.491960492390876425e+02
1.491960492390876425e+02
1.491960492390876425e+02
1.491960512266996091e+02
1.491960745787633584e+02
1.491960651245143481e+02
1.491960445095409398e+02
1.491960844022676156e+02
1.491960528024781070e+02
1.491960532722706319e+02
1.491960606004582814e+02
1.491960606004582814e+02
1.491960602723875979e+02
1.491960787837537623e+02
1.491960766125602333e+02
1.491960741934948658e+02
1.491960787837537623e+02
1.491960576472917808e+02
1.491960658316000661e+02
1.491960658316000661e+02
1.491960576472917808e+02
1.491960489154450897e+02
1.491960489154450897e+02
1.491960489154450897e+02
1.491960489154450897e+02
1.491960585613074670e+02
1.491960585613074670e+02
1.491960585613074670e+02
1.491960428081236216e+02
1.491960576472917808e+02
1.491960576472917808e+02
1.491960576472917808e+02
1.491960669856115658e+02
1.491960669856115658e+02
1.491960533080093398e+02
1.491960463914371644e+02
1.491960463914371644e+02
1.491960463914371644e+02
1.491960463914371644e+02
1.491960463914371644e+02
1.491960463914371644e+02
1.491960463914371644e+02
1.491960582529468411e+02
1.491960474150021412e+02
1.491960532869040890e+02
1.491960532869040890e+02
1.491960456573256408e+02
1.491960456573256408e+02
1.491960742137487728e+02
1.491960606004582814e+02
1.491960534740537696e+02
1.491960534740537696e+02
1.491960562417145582e+02
1.491960463914371644e+02
1.491960463914371644e+02
1.491961096746279054e+02
1.491960444286410734e+02
1.491960444286410734e+02
1.491960444286410734e+02
1.491960534286352242e+02
1.491960534286352242e+02
1.491960534286352242e+02
1.491960624617431392e+02
1.491960453577779901e+02
1.491960632283327470e+02
1.491960534286352242e+02
1.491960631909142307e+02
1.491960765588181346e+02
1.491960878014627667e+02
1.491960878014627667e+02
1.491960507240616778e+02
1.491960435446993642e+02
1.491960465992191018e+02
1.491960729217799724e+02
1.491960601740229890e+02
1.491960742955886019e+02
1.491960511857614335e+02
1.491960434056896929e+02
1.491960875416378371e+02
1.491960428081236216e+02
1.491960687437957915e+02
1.491960582949413947e+02
1.491960464094704548e+02
1.491960464094704548e+02
1.491960455540281885e+02
1.491960998961039877e+02
1.491960614174580542e+02
1.491960597870564698e+02
1.491960597870564698e+02
1.491960512809270654e+02
1.491960735361694788e+02
1.491960433772221961e+02
1.491960618939512813e+02
1.491960435626143635e+02
1.491960428081236216e+02
1.491960428081236216e+02
1.491960428081236216e+02
1.491960819321647875e+02
1.491960819321647875e+02
1.491960492278509207e+02
1.491960456754418374e+02
1.491960464276624236e+02
1.491961243552823362e+02
1.491961257677556034e+02
1.491960464045832850e+02
1.491960475012668326e+02
1.491960460413737906e+02
1.491960434806908609e+02
1.491960933542234784e+02
1.491960562967232988e+02
1.491960582949413947e+02
1.491960779386275533e+02
1.491960788346091533e+02
1.491960434050680249e+02
1.491961179397265198e+02
1.491961063484500585e+02
1.491960744956448650e+02
1.491960832800554897e+02
1.491960516749651617e+02
1.491960605654994936e+02
1.491960512593086321e+02
1.491960576472917808e+02
1.491960645854251482e+02
1.491960516749651617e+02
1.491960669856115658e+02
1.491960669856115658e+02
1.491960495099610284e+02
1.491960605654994936e+02
1.491960604694342294e+02
1.491960464094704548e+02
1.491960646547599652e+02
1.491961585194525810e+02
1.491960730730266675e+02
1.491960735081183316e+02
1.491960735081183316e+02
1.491960878619325968e+02
1.491960761813645604e+02
1.491961198683928842e+02
1.491960761813645604e+02
1.491960761813645604e+02
1.491960754319248963e+02
1.491960754319248963e+02
1.491960860442396779e+02
1.491960745787633584e+02
1.491960737826852039e+02
1.491960973632680520e+02
1.491960428497480109e+02
1.491960411613475515e+02
1.491960745787633584e+02
1.491960489154450897e+02
1.491960474150021412e+02
1.491960697257555069e+02
1.491960463590750692e+02
1.491960737826852039e+02
1.491960423917501544e+02
1.491960463367296086e+02
1.491961024412769916e+02
1.491960599103466905e+02
1.491960492390876425e+02
1.491960435420012914e+02
1.491960435420012914e+02
1.491960411609578045e+02
1.491960411609578045e+02
1.491960860442396779e+02
1.491960551775509032e+02
1.491960551775509032e+02
1.491960551775509032e+02
1.491960745527659071e+02
1.491960745527659071e+02
1.491960463914371644e+02
1.491960932882375630e+02
1.491960411593401830e+02
1.491960422779627322e+02
1.491960433776112041e+02
1.491960618460688579e+02
1.491960627545498994e+02
1.491960435087728172e+02
1.491960435087728172e+02
1.491960482888126194e+02
1.491960533080093398e+02
1.491960602217446308e+02
1.491960742419078372e+02
1.491960742419078372e+02
1.491960735069653765e+02
1.491960735069653765e+02
1.491960934115152213e+02
1.491960597815103142e+02
1.491960742419078372e+02
1.491960460413737906e+02
1.491960891285929165e+02
1.491960507208217166e+02
1.491960411609578045e+02
1.491960411609578045e+02
1.491960507240616778e+02
1.491960913262799124e+02
1.491960628013651444e+02
1.491960597870564698e+02
1.491960454621284100e+02
1.491960464045832850e+02
1.491960472568234763e+02
1.491960437669170858e+02
1.491960437669170858e+02
1.491960934115152213e+02
1.491960684328083175e+02
1.491960802678876803e+02
1.491960684328083175e+02
1.491960576472917808e+02
1.491960576472917808e+02
1.491960699224375730e+02
1.491960511112122560e+02
1.491960511112122560e+02
1.491960511112122560e+02
1.491960491327261309e+02
1.491960445095409398e+02
1.491960489154450897e+02
1.491960489154450897e+02
1.491960489154450897e+02
1.491960491311777162e+02
1.491960428497480109e+02
1.491960428497480109e+02
1.491960571860689981e+02
1.491960571860689981e+02
1.491960437938801931e+02
1.491960437938801931e+02
1.491960437938801931e+02
1.491960663340320252e+02
1.491960571840208729e+02
1.491960684328083175e+02
1.491960815825878228e+02
1.491960766125602333e+02
1.491960497260357386e+02
1.491960628013651444e+02
1.491960491311777162e+02
1.491960788346091533e+02
1.491960433776112041e+02
1.491960474150021412e+02
1.491960435420012914e+02
1.491960483327928841e+02
1.491960483327928841e+02
1.491960433776112041e+02
1.491960491388370826e+02
1.491960533503075226e+02
1.491960684328083175e+02
1.491960456162163950e+02
1.491961096746279054e+02
1.491961224782716045e+02
1.491961009908150686e+02
1.491960448908605201e+02
1.491960985820449821e+02
1.491960808096747826e+02
1.491960675381813530e+02
1.491960573560279784e+02
1.491960674774600193e+02
1.491960825065271479e+02
1.491960663595625363e+02
1.491960516749651617e+02
1.491960423917501544e+02
1.491960604540844315e+02
1.491960495099610284e+02
1.491960460413737906e+02
1.491960645854251482e+02
1.491960423917501544e+02
1.491960423917501544e+02
1.491960422209690762e+02
1.491960492619066372e+02
1.491960610031139538e+02
1.491960610031139538e+02
1.491960475012668326e+02
1.491960468413063268e+02
1.491960675381813530e+02
1.491960512593086321e+02
1.491960558035961242e+02
1.491960466210455536e+02
1.491960551975247427e+02
1.491960433792917229e+02
1.491960423174611776e+02
1.491960468601194520e+02
1.491960848955142751e+02
1.491960658799758335e+02
1.491960618667328333e+02
1.491960618667328333e+02
1.491960627743086434e+02
1.491960597813985032e+02
1.491960454077128588e+02
1.491960507220462944e+02
1.491960491413119030e+02
1.491960491413119030e+02
1.491960698653533939e+02
1.491960670370264097e+02
1.491960670370264097e+02
1.491960788298258649e+02
1.491960788298258649e+02
1.491961327451151078e+02
1.491961452929771497e+02
1.491960763016973317e+02
1.491960602741392563e+02
1.491960476349706539e+02
1.491960852351774349e+02
1.491960852351774349e+02
1.491960852351774349e+02
1.491961058962693016e+02
1.491960610698025391e+02
1.491960747123031865e+02
1.491960755742759659e+02
1.491960844504357908e+02
1.491961670081739442e+02
1.491960879604468175e+02
1.491960492379570837e+02
1.491960516416544920e+02
1.491960488961108240e+02
1.491960533873815109e+02
1.491960598591306280e+02
1.491960662888851914e+02
1.491961257677556034e+02
1.491960763016973317e+02
1.491961063484500585e+02
1.491960891285929165e+02
1.491960411609578045e+02
1.491960411609578045e+02
1.491960614488101839e+02
1.491960454621284100e+02
1.491960437669170858e+02
1.491960437669170858e+02
1.491960775695229131e+02
1.491960512809270654e+02
1.491960983867949437e+02
1.491960646415370775e+02
1.491961061819088741e+02
1.491961510038319716e+02
1.491961063484500585e+02
1.491961152889165021e+02
1.491960464276624236e+02
1.491961947537694471e+02
1.491961788603508978e+02
1.491960664221563775e+02
1.491960511988193900e+02
1.491960511988193900e+02
