7.533399999999999181e+02
3.089300000000000068e+02
3.813999999999999773e+02
2.757100000000000364e+02
1.772899999999999920e+02
3.943000000000000114e+02
4.933199999999999932e+02
4.810199999999999818e+02
4.431100000000000136e+02
2.982500000000000000e+02
3.980299999999999727e+02
4.512400000000000091e+02
7.961499999999998636e+02
3.926100000000000136e+02
6.638899999999998727e+02
5.043299999999999841e+02
7.110099999999998772e+02
4.121499999999999773e+02
5.131000000000000227e+02
1.868000000000000114e+02
3.198899999999999864e+02
6.780899999999999181e+02
3.001600000000000250e+02
3.189300000000000068e+02
5.072799999999999727e+02
4.356899999999999977e+02
5.833400000000000318e+02
4.627200000000000273e+02
3.741100000000000136e+02
3.160400000000000205e+02
3.558400000000000318e+02
3.558400000000000318e+02
7.559899999999998954e+02
3.736200000000000045e+02
3.736200000000000045e+02
3.636999999999999886e+02
3.926499999999999773e+02
4.666499999999999773e+02
5.461499999999999773e+02
4.938899999999999864e+02
4.772600000000001046e+02
4.847400000000000091e+02
5.363300000000000409e+02
4.636600000000000250e+02
6.797999999999999545e+02
2.413799999999999955e+02
3.206899999999999977e+02
4.013200000000001069e+02
4.012400000000000091e+02
6.950599999999999454e+02
5.631699999999999591e+02
4.245199999999999818e+02
5.695599999999999454e+02
6.071299999999999955e+02
4.269200000000000159e+02
4.025699999999999932e+02
3.421600000000000250e+02
3.636999999999999886e+02
3.932400000000000091e+02
4.930400000000000205e+02
4.690799999999999841e+02
6.075799999999999272e+02
5.349099999999999682e+02
5.349099999999999682e+02
4.235500000000000114e+02
2.901899999999999977e+02
3.787799999999999727e+02
4.047099999999999795e+02
5.220600000000000591e+02
3.520500000000000682e+02
3.858600000000000136e+02
2.676499999999999773e+02
3.429600000000000364e+02
3.765600000000000023e+02
5.117200000000000273e+02
4.575899999999999750e+02
5.041999999999999886e+02
5.575800000000000409e+02
5.185000000000000000e+02
2.670600000000000023e+02
4.514499999999999886e+02
5.716500000000000909e+02
4.406600000000000250e+02
4.968899999999999864e+02
5.242999999999999545e+02
5.253799999999999955e+02
3.852300000000000182e+02
2.472599999999999909e+02
6.241299999999998818e+02
6.259200000000000728e+02
5.060400000000000205e+02
4.551600000000000250e+02
3.282599999999999909e+02
3.921899999999999977e+02
3.628399999999999750e+02
3.628399999999999750e+02
4.852400000000000091e+02
2.826000000000000227e+02
4.693999999999999773e+02
4.071000000000000227e+02
5.728100000000000591e+02
3.809200000000000159e+02
4.443600000000000136e+02
4.121499999999999773e+02
4.813000000000000682e+02
3.855199999999999818e+02
5.339600000000000364e+02
4.673700000000000045e+02
3.841700000000000159e+02
4.770699999999999932e+02
5.055600000000000023e+02
5.870999999999999091e+02
3.848899999999999864e+02
5.249300000000000637e+02
3.441200000000000045e+02
6.364700000000000273e+02
6.246799999999999500e+02
3.638299999999999841e+02
3.493799999999999955e+02
3.921899999999999977e+02
6.184700000000000273e+02
6.182999999999999545e+02
4.693999999999999773e+02
4.154900000000000091e+02
3.983800000000000523e+02
3.983800000000000523e+02
5.789800000000000182e+02
5.832000000000000455e+02
3.540199999999999818e+02
5.382000000000000455e+02
4.919399999999999977e+02
3.211900000000000546e+02
5.191800000000000637e+02
4.699900000000000091e+02
4.741200000000000045e+02
3.843399999999999750e+02
4.067799999999999727e+02
6.588999999999999773e+02
6.588999999999999773e+02
5.773600000000001273e+02
2.746899999999999977e+02
6.775399999999999636e+02
3.393799999999999955e+02
3.436499999999999773e+02
3.323799999999999955e+02
3.323799999999999955e+02
3.111300000000000523e+02
5.558600000000000136e+02
3.941700000000000159e+02
3.631700000000000159e+02
3.436499999999999773e+02
4.110000000000000000e+02
4.955099999999999909e+02
3.997300000000000182e+02
4.510400000000000205e+02
3.920400000000000205e+02
3.038700000000000045e+02
3.941700000000000159e+02
5.940799999999999272e+02
5.810900000000000318e+02
6.429700000000000273e+02
3.013600000000000136e+02
4.728999999999999773e+02
1.947500000000000000e+02
4.495799999999999841e+02
2.180999999999999943e+02
2.205200000000000102e+02
2.732799999999999727e+02
3.270799999999999841e+02
2.717000000000000455e+02
2.625000000000000000e+02
7.472699999999998681e+02
6.484600000000000364e+02
3.338200000000000500e+02
2.915700000000000500e+02
3.319600000000000364e+02
3.343799999999999955e+02
3.387300000000000182e+02
3.916299999999999955e+02
3.845899999999999750e+02
1.709900000000000091e+02
4.228000000000000114e+02
4.347200000000000273e+02
5.014499999999999886e+02
5.699700000000000273e+02
7.283899999999999864e+02
6.414999999999998863e+02
5.393900000000001000e+02
7.971799999999999500e+02
4.095500000000000114e+02
2.754100000000000250e+02
4.238399999999999750e+02
3.095000000000000000e+02
3.095000000000000000e+02
3.137699999999999818e+02
3.137699999999999818e+02
4.052799999999999727e+02
3.025000000000000000e+02
3.025000000000000000e+02
5.237400000000000091e+02
5.098100000000000023e+02
3.710799999999999841e+02
3.822600000000001046e+02
2.496899999999999977e+02
6.307400000000000091e+02
5.158799999999999955e+02
6.217599999999999909e+02
5.259800000000000182e+02
6.162799999999999727e+02
5.862500000000000000e+02
3.226100000000000136e+02
5.465900000000000318e+02
3.555199999999999818e+02
3.332900000000000205e+02
3.332900000000000205e+02
3.332900000000000205e+02
3.811200000000000045e+02
3.936399999999999864e+02
3.936399999999999864e+02
3.936399999999999864e+02
4.656299999999999955e+02
4.656299999999999955e+02
6.861299999999999955e+02
3.698500000000000227e+02
5.614100000000000819e+02
5.542400000000000091e+02
4.815699999999999932e+02
4.815699999999999932e+02
4.301200000000000045e+02
3.978299999999999841e+02
3.513700000000000045e+02
3.513700000000000045e+02
6.674399999999999409e+02
2.184799999999999898e+02
3.513100000000000023e+02
3.697699999999999818e+02
5.483699999999998909e+02
3.642900000000000205e+02
3.642900000000000205e+02
5.746700000000000728e+02
5.860900000000000318e+02
6.821099999999999000e+02
5.239000000000000909e+02
7.828299999999999272e+02
1.210359999999999900e+03
5.379600000000000364e+02
4.149400000000000546e+02
3.821200000000000045e+02
7.103600000000000136e+02
5.261800000000000637e+02
5.601400000000001000e+02
5.008200000000001069e+02
8.055099999999999909e+02
3.381500000000000341e+02
4.255799999999999841e+02
2.492800000000000011e+02
2.268400000000000034e+02
3.491600000000000250e+02
2.355300000000000011e+02
4.444499999999999886e+02
2.422800000000000011e+02
1.959399999999999977e+02
2.240800000000000125e+02
3.851899999999999977e+02
6.549400000000000546e+02
6.958999999999999773e+02
3.270400000000000205e+02
3.198300000000000409e+02
2.480200000000000102e+02
3.114600000000000364e+02
2.635199999999999818e+02
6.808999999999999773e+02
1.028690000000000055e+03
3.491299999999999955e+02
5.773099999999999454e+02
5.954500000000000455e+02
2.320200000000000102e+02
9.194199999999998454e+02
4.530400000000000773e+02
3.689800000000000182e+02
2.674499999999999886e+02
6.515299999999999727e+02
5.742999999999999545e+02
5.254199999999999591e+02
6.480000000000000000e+02
2.183799999999999955e+02
6.791200000000000045e+02
6.791200000000000045e+02
5.472300000000000182e+02
3.983399999999999750e+02
4.806700000000000159e+02
7.251399999999999864e+02
3.359100000000000250e+02
5.927500000000000000e+02
5.927500000000000000e+02
6.177300000000000182e+02
4.282400000000000091e+02
4.116999999999999886e+02
7.203799999999999955e+02
5.164200000000000728e+02
3.761899999999999977e+02
7.028299999999999272e+02
2.325800000000000125e+02
4.818399999999999750e+02
2.903300000000000409e+02
3.519399999999999977e+02
3.519399999999999977e+02
3.519399999999999977e+02
4.477200000000000273e+02
5.542799999999999727e+02
3.449399999999999977e+02
4.004900000000000091e+02
5.080700000000001069e+02
4.122900000000000205e+02
4.122900000000000205e+02
3.767000000000001023e+02
4.724800000000000182e+02
4.067300000000000182e+02
4.670000000000000568e+02
3.488400000000000318e+02
3.488400000000000318e+02
4.062799999999999727e+02
3.091399999999999864e+02
2.701000000000000227e+02
1.875000000000000000e+02
2.642300000000000182e+02
3.730700000000001069e+02
2.613500000000000227e+02
2.435699999999999932e+02
4.962099999999999795e+02
4.814300000000000637e+02
4.802900000000000205e+02
4.709700000000000273e+02
3.250400000000000205e+02
4.639399999999999977e+02
4.646999999999999886e+02
3.013600000000000136e+02
2.932799999999999727e+02
3.536299999999999955e+02
2.776600000000000250e+02
3.480900000000000318e+02
4.142900000000000205e+02
3.182500000000000000e+02
4.231600000000000250e+02
4.929599999999999795e+02
3.902400000000000091e+02
4.702000000000001023e+02
7.189099999999999682e+02
5.802899999999999636e+02
6.993499999999999091e+02
2.251200000000000045e+02
1.800399999999999920e+02
5.025300000000000864e+02
4.013100000000000023e+02
4.917500000000000000e+02
3.591000000000000227e+02
2.475600000000000023e+02
4.194499999999999886e+02
2.172400000000000091e+02
3.238000000000000114e+02
4.232000000000001023e+02
4.929500000000001023e+02
2.416899999999999977e+02
3.730700000000001069e+02
3.505300000000000296e+02
3.220600000000000591e+02
3.146399999999999864e+02
3.146399999999999864e+02
3.146399999999999864e+02
2.388100000000000023e+02
4.104200000000000159e+02
4.546800000000000068e+02
4.459599999999999795e+02
2.280600000000000023e+02
2.358899999999999864e+02
2.281299999999999955e+02
2.280300000000000011e+02
3.643800000000000523e+02
3.944100000000000250e+02
4.256300000000000523e+02
3.291100000000000136e+02
3.949399999999999977e+02
3.749900000000000091e+02
3.749900000000000091e+02
3.749900000000000091e+02
3.749900000000000091e+02
5.189600000000000364e+02
4.035299999999999727e+02
5.200000000000000000e+02
3.565099999999999909e+02
3.526700000000000159e+02
3.705799999999999841e+02
2.285099999999999909e+02
2.135200000000000102e+02
3.394000000000000341e+02
3.394000000000000341e+02
3.643800000000000523e+02
3.749100000000000250e+02
2.990800000000000409e+02
2.990800000000000409e+02
2.791299999999999955e+02
2.791299999999999955e+02
2.791299999999999955e+02
2.791299999999999955e+02
2.791299999999999955e+02
4.351800000000000068e+02
4.351800000000000068e+02
3.394000000000000341e+02
3.041100000000000136e+02
3.694300000000000068e+02
3.694300000000000068e+02
4.297000000000001023e+02
3.476299999999999955e+02
4.030700000000001069e+02
3.428000000000000114e+02
3.806499999999999773e+02
2.892300000000000182e+02
2.788199999999999932e+02
6.703200000000000500e+02
6.249600000000000364e+02
6.973699999999998909e+02
5.793199999999999363e+02
5.793199999999999363e+02
5.793199999999999363e+02
5.793199999999999363e+02
5.793199999999999363e+02
7.998199999999999363e+02
6.405199999999999818e+02
4.835400000000000205e+02
4.835400000000000205e+02
4.835400000000000205e+02
7.069800000000000182e+02
5.603799999999999955e+02
6.679300000000000637e+02
6.679300000000000637e+02
6.679300000000000637e+02
5.871800000000000637e+02
5.901000000000000227e+02
5.901000000000000227e+02
4.220600000000000023e+02
6.427599999999999909e+02
6.123300000000000409e+02
6.245000000000000000e+02
3.995199999999999818e+02
3.882500000000000000e+02
5.738400000000000318e+02
5.738400000000000318e+02
5.738400000000000318e+02
6.855600000000000591e+02
5.952599999999999909e+02
5.952599999999999909e+02
5.952599999999999909e+02
5.952599999999999909e+02
5.952599999999999909e+02
5.609299999999999500e+02
7.544800000000000182e+02
6.427599999999999909e+02
6.319800000000000182e+02
3.957900000000000205e+02
4.107900000000000205e+02
4.132099999999999795e+02
5.348500000000000227e+02
7.381800000000000637e+02
7.381800000000000637e+02
6.378600000000000136e+02
5.481399999999999864e+02
3.227400000000000091e+02
5.098899999999999864e+02
3.903200000000001069e+02
3.827799999999999727e+02
3.305000000000000000e+02
4.897200000000000273e+02
5.962799999999999727e+02
4.014300000000000637e+02
5.496800000000000637e+02
5.055600000000000023e+02
4.057000000000001023e+02
3.935700000000001069e+02
3.831600000000000250e+02
6.247300000000000182e+02
4.514599999999999795e+02
5.211100000000000136e+02
5.299200000000000728e+02
4.547699999999999818e+02
4.443600000000000136e+02
4.610899999999999750e+02
5.895299999999999727e+02
2.100399999999999920e+02
4.486100000000000136e+02
4.596100000000000136e+02
8.706800000000000637e+02
8.087200000000000273e+02
7.338199999999999363e+02
5.508800000000001091e+02
4.375500000000000114e+02
4.658100000000000023e+02
3.581899999999999977e+02
3.915199999999999818e+02
2.899900000000000091e+02
3.082599999999999909e+02
4.586600000000000250e+02
4.148199999999999932e+02
5.302300000000000182e+02
1.310490000000000236e+03
2.966600000000000250e+02
3.123600000000000136e+02
3.123600000000000136e+02
3.123600000000000136e+02
5.395299999999999727e+02
1.082820000000000164e+03
1.174280000000000200e+03
1.413539999999999509e+03
6.357999999999999545e+02
6.084100000000000819e+02
3.994200000000000159e+02
2.788199999999999932e+02
3.336200000000000045e+02
2.643400000000000318e+02
2.563799999999999955e+02
6.688400000000000318e+02
5.618799999999998818e+02
6.610000000000001137e+02
3.243500000000000227e+02
3.243500000000000227e+02
3.855500000000000114e+02
4.201299999999999955e+02
2.905500000000000114e+02
4.804800000000000182e+02
3.847000000000001023e+02
3.847000000000001023e+02
5.223500000000000227e+02
3.662200000000000273e+02
3.662200000000000273e+02
4.233100000000000023e+02
4.382099999999999795e+02
1.955600000000000023e+02
3.557200000000000273e+02
3.557200000000000273e+02
3.630199999999999818e+02
3.021200000000000045e+02
3.021200000000000045e+02
3.021200000000000045e+02
2.590000000000000000e+02
3.202000000000000455e+02
3.470700000000000500e+02
4.421600000000000250e+02
2.256399999999999864e+02
2.636399999999999864e+02
2.491600000000000534e+02
2.534300000000000068e+02
4.197799999999999727e+02
2.904299999999999500e+02
3.397000000000000455e+02
6.291999999999999318e+02
3.274700000000000273e+02
3.391700000000000159e+02
3.927699999999999818e+02
3.927699999999999818e+02
3.927699999999999818e+02
3.927699999999999818e+02
7.232000000000000455e+02
2.395099999999999909e+02
4.006200000000000614e+02
4.398399999999999750e+02
3.018200000000000500e+02
2.281299999999999955e+02
2.486399999999999864e+02
3.259100000000000250e+02
2.827900000000000773e+02
6.447300000000000182e+02
4.526700000000000159e+02
4.449200000000000159e+02
3.624700000000000273e+02
3.624700000000000273e+02
4.160699999999999932e+02
4.160699999999999932e+02
4.137799999999999727e+02
3.112800000000000296e+02
3.126000000000000227e+02
3.238700000000000045e+02
2.854200000000000159e+02
2.666100000000000136e+02
2.666100000000000136e+02
2.666100000000000136e+02
3.202100000000000364e+02
3.202100000000000364e+02
3.202100000000000364e+02
4.863299999999999841e+02
2.229600000000000080e+02
3.629599999999999795e+02
3.094200000000000159e+02
3.864399999999999977e+02
3.950299999999999727e+02
5.168900000000001000e+02
6.518100000000000591e+02
4.861600000000000250e+02
5.748700000000000045e+02
7.172299999999999045e+02
5.292900000000000773e+02
6.427799999999999727e+02
4.391499999999999773e+02
5.349300000000000637e+02
2.460800000000000125e+02
2.801700000000000159e+02
2.801700000000000159e+02
2.844399999999999977e+02
2.731700000000000159e+02
6.403099999999999454e+02
4.966499999999999773e+02
3.039600000000000364e+02
3.643100000000000023e+02
3.405199999999999818e+02
3.405199999999999818e+02
3.405199999999999818e+02
5.068299999999999841e+02
6.432100000000000364e+02
5.955099999999999909e+02
5.890099999999999909e+02
5.523700000000000045e+02
5.081600000000000250e+02
8.185599999999999454e+02
1.543239999999999782e+03
5.354399999999999409e+02
8.899499999999999318e+02
8.569699999999999136e+02
6.220199999999999818e+02
4.812900000000000205e+02
3.363299999999999841e+02
5.664500000000000455e+02
5.211900000000000546e+02
5.672100000000000364e+02
6.155699999999999363e+02
6.876600000000000819e+02
1.526819999999999936e+03
3.646100000000000136e+02
3.463399999999999750e+02
3.351700000000000159e+02
2.986299999999999955e+02
2.336399999999999864e+02
2.519099999999999966e+02
4.032699999999999818e+02
3.350699999999999932e+02
3.533399999999999750e+02
3.642699999999999818e+02
4.651700000000000159e+02
9.196000000000000227e+02
2.905699999999999932e+02
4.237599999999999909e+02
3.238999999999999773e+02
2.873600000000000136e+02
5.290799999999999272e+02
2.223700000000000045e+02
2.822799999999999727e+02
2.406399999999999864e+02
4.351200000000000045e+02
4.001600000000000250e+02
7.064399999999999409e+02
5.305599999999999454e+02
3.701399999999999864e+02
4.840000000000000000e+02
3.090400000000000205e+02
2.381100000000000136e+02
4.399800000000000182e+02
3.171500000000000341e+02
4.926399999999999864e+02
3.717799999999999727e+02
3.717799999999999727e+02
3.717799999999999727e+02
3.288500000000000227e+02
3.257400000000000091e+02
5.129400000000000546e+02
7.796499999999999773e+02
4.109500000000001023e+02
2.145099999999999909e+02
4.278100000000000023e+02
3.210700000000000500e+02
4.633299999999999841e+02
2.964900000000000091e+02
5.362799999999999727e+02
3.589700000000000273e+02
6.235199999999999818e+02
6.235199999999999818e+02
4.206499999999999773e+02
4.206499999999999773e+02
4.206499999999999773e+02
5.034200000000000159e+02
4.323299999999999841e+02
4.431899999999999977e+02
3.936700000000000728e+02
6.009700000000000273e+02
4.792200000000000273e+02
4.792200000000000273e+02
2.343799999999999955e+02
2.493799999999999955e+02
6.071900000000000546e+02
4.037400000000000091e+02
3.477000000000000455e+02
4.291299999999999955e+02
7.852200000000000273e+02
8.755199999999999818e+02
8.202799999999999727e+02
3.168000000000000114e+02
4.852099999999999795e+02
5.534300000000000637e+02
4.169900000000000091e+02
3.400199999999999818e+02
5.086999999999999886e+02
3.174800000000000182e+02
4.071000000000000227e+02
5.080500000000000114e+02
4.426100000000000136e+02
3.468300000000000409e+02
5.424900000000000091e+02
4.468799999999999955e+02
5.650299999999999727e+02
4.825099999999999909e+02
4.427099999999999795e+02
5.995799999999999272e+02
5.537599999999999909e+02
4.242200000000000273e+02
4.318199999999999932e+02
4.430899999999999750e+02
7.869399999999998272e+02
3.035500000000000114e+02
3.376399999999999864e+02
3.376399999999999864e+02
3.376399999999999864e+02
3.306399999999999864e+02
3.979900000000000091e+02
3.979900000000000091e+02
3.979900000000000091e+02
6.932699999999999818e+02
3.758100000000000591e+02
2.030999999999999943e+02
3.632600000000001046e+02
2.566999999999999886e+02
2.305000000000000000e+02
4.825099999999999909e+02
4.411899999999999977e+02
3.840600000000000023e+02
1.918300000000000125e+02
2.445900000000000034e+02
2.454300000000000068e+02
4.439700000000000273e+02
3.221800000000000068e+02
4.478899999999999864e+02
4.144900000000000091e+02
3.088700000000000045e+02
2.432100000000000080e+02
2.628799999999999955e+02
5.470699999999999363e+02
4.176299999999999955e+02
4.176299999999999955e+02
3.218500000000000227e+02
4.335700000000001069e+02
3.923899999999999864e+02
6.333600000000001273e+02
5.478899999999999864e+02
4.572900000000000205e+02
6.976399999999998727e+02
6.764199999999998454e+02
3.712400000000000091e+02
3.712400000000000091e+02
3.712400000000000091e+02
6.699099999999999682e+02
4.597799999999999727e+02
4.909100000000000250e+02
5.520299999999999727e+02
4.695000000000000000e+02
2.597400000000000091e+02
2.535500000000000114e+02
6.064499999999999318e+02
7.049099999999999682e+02
6.161800000000000637e+02
4.866299999999999955e+02
7.751200000000001182e+02
4.356899999999999977e+02
4.138500000000000227e+02
4.422300000000000182e+02
4.639900000000000091e+02
2.670299999999999727e+02
4.174300000000000068e+02
4.071000000000000227e+02
4.685400000000000205e+02
6.267599999999999909e+02
3.130800000000000409e+02
3.130800000000000409e+02
3.130800000000000409e+02
3.742799999999999727e+02
4.088600000000000136e+02
4.088600000000000136e+02
3.060800000000000409e+02
3.060800000000000409e+02
5.273200000000000500e+02
5.295599999999999454e+02
5.295599999999999454e+02
4.649599999999999795e+02
5.111700000000000159e+02
5.530400000000000773e+02
4.225400000000000205e+02
3.368700000000000045e+02
3.368700000000000045e+02
4.692099999999999795e+02
4.692099999999999795e+02
4.692099999999999795e+02
4.624300000000000068e+02
3.549500000000000455e+02
3.549500000000000455e+02
3.549500000000000455e+02
4.274200000000000159e+02
4.723000000000000114e+02
3.733500000000000227e+02
3.678700000000000045e+02
6.856899999999999409e+02
2.261599999999999966e+02
3.327200000000000273e+02
1.841100000000000136e+02
1.842899999999999920e+02
5.640099999999999909e+02
3.444500000000000455e+02
3.444500000000000455e+02
4.321200000000000045e+02
4.321200000000000045e+02
4.321200000000000045e+02
3.400199999999999818e+02
4.937099999999999795e+02
4.561700000000000159e+02
3.782600000000001046e+02
2.908500000000000227e+02
2.908500000000000227e+02
2.908500000000000227e+02
2.477299999999999898e+02
3.520500000000000682e+02
3.520500000000000682e+02
3.089300000000000068e+02
2.951200000000000045e+02
3.866299999999999955e+02
3.866299999999999955e+02
3.866299999999999955e+02
3.866299999999999955e+02
3.866299999999999955e+02
3.021200000000000045e+02
3.021200000000000045e+02
2.971399999999999864e+02
4.308899999999999864e+02
2.838500000000000227e+02
2.838500000000000227e+02
2.838500000000000227e+02
5.050899999999999750e+02
4.093100000000000023e+02
6.116500000000000909e+02
3.524300000000000068e+02
2.746000000000000227e+02
4.757200000000000273e+02
2.643000000000000114e+02
2.317899999999999920e+02
1.993700000000000045e+02
1.960999999999999943e+02
2.787599999999999909e+02
2.378899999999999864e+02
4.609200000000000159e+02
4.472400000000000091e+02
1.995200000000000102e+02
2.421600000000000534e+02
3.862099999999999795e+02
2.626000000000000227e+02
6.643099999999999454e+02
5.073299999999999841e+02
5.073299999999999841e+02
5.073299999999999841e+02
5.073299999999999841e+02
5.073299999999999841e+02
5.073299999999999841e+02
6.190499999999999545e+02
6.190499999999999545e+02
3.138199999999999932e+02
3.215800000000000409e+02
4.958100000000000591e+02
4.806700000000000159e+02
3.223500000000000227e+02
3.034399999999999977e+02
2.369499999999999886e+02
2.905500000000000114e+02
3.405900000000000318e+02
3.405900000000000318e+02
4.997799999999999727e+02
3.706200000000000045e+02
3.706200000000000045e+02
3.706200000000000045e+02
3.706200000000000045e+02
3.456399999999999864e+02
3.456399999999999864e+02
3.579100000000000250e+02
3.711399999999999864e+02
3.251200000000000045e+02
3.238000000000000114e+02
3.780799999999999841e+02
3.380299999999999727e+02
4.469800000000000182e+02
4.469800000000000182e+02
4.469800000000000182e+02
4.469800000000000182e+02
4.469800000000000182e+02
4.469800000000000182e+02
4.038600000000000136e+02
4.038600000000000136e+02
6.674800000000000182e+02
4.048000000000000114e+02
4.048000000000000114e+02
4.048000000000000114e+02
4.967200000000000273e+02
2.883799999999999955e+02
4.415000000000000000e+02
4.629200000000000159e+02
4.629200000000000159e+02
2.808700000000000045e+02
4.025099999999999909e+02
3.416900000000000546e+02
5.018100000000000023e+02
2.723600000000000136e+02
2.073700000000000045e+02
3.327200000000000273e+02
3.327200000000000273e+02
3.000099999999999909e+02
3.542900000000000205e+02
4.154900000000000091e+02
3.543000000000000114e+02
3.186600000000000250e+02
4.051899999999999977e+02
4.051899999999999977e+02
6.861499999999999773e+02
3.635500000000000114e+02
2.530300000000000011e+02
2.374300000000000068e+02
1.848300000000000125e+02
2.523100000000000307e+02
4.447900000000000205e+02
4.113899999999999864e+02
3.156100000000000136e+02
3.405900000000000318e+02
4.080500000000000114e+02
3.156100000000000136e+02
3.511200000000000045e+02
3.511200000000000045e+02
3.511200000000000045e+02
3.511200000000000045e+02
3.080000000000000000e+02
3.080000000000000000e+02
2.553400000000000318e+02
2.553400000000000318e+02
2.553400000000000318e+02
3.089400000000000546e+02
3.403300000000000409e+02
4.113899999999999864e+02
3.156100000000000136e+02
3.156100000000000136e+02
3.156100000000000136e+02
2.803200000000000500e+02
2.803200000000000500e+02
3.302599999999999909e+02
4.414200000000000159e+02
3.456399999999999864e+02
3.456399999999999864e+02
3.456399999999999864e+02
3.456399999999999864e+02
3.456399999999999864e+02
3.456399999999999864e+02
3.456399999999999864e+02
4.573600000000000136e+02
4.059100000000000250e+02
8.395399999999999636e+02
4.147900000000000205e+02
4.437099999999999795e+02
2.116899999999999977e+02
5.777799999999999727e+02
5.388599999999999000e+02
2.981499999999999773e+02
4.472200000000000273e+02
1.154059999999999945e+03
4.164399999999999977e+02
8.599399999999999409e+02
4.173399999999999750e+02
2.780600000000000023e+02
7.111899999999999409e+02
5.877599999999999909e+02
3.616299999999999955e+02
3.503600000000000136e+02
3.503600000000000136e+02
4.531399999999999864e+02
4.531399999999999864e+02
4.531399999999999864e+02
3.992300000000000182e+02
3.573600000000000136e+02
3.573600000000000136e+02
6.663900000000001000e+02
3.875799999999999841e+02
5.111000000000000227e+02
3.821200000000000045e+02
3.821200000000000045e+02
4.426200000000000045e+02
8.744600000000000364e+02
6.716599999999999682e+02
3.573999999999999773e+02
6.522999999999999545e+02
7.444299999999999500e+02
5.038800000000000523e+02
5.652100000000000364e+02
3.899599999999999795e+02
3.848200000000001069e+02
3.171100000000000136e+02
4.231899999999999977e+02
4.231899999999999977e+02
4.231899999999999977e+02
3.734300000000000637e+02
3.734300000000000637e+02
3.734300000000000637e+02
5.080099999999999909e+02
6.436900000000000546e+02
4.843899999999999864e+02
4.843899999999999864e+02
3.274100000000000250e+02
5.230699999999999363e+02
5.230699999999999363e+02
5.230699999999999363e+02
4.274599999999999795e+02
4.274599999999999795e+02
5.189700000000000273e+02
5.189700000000000273e+02
5.189700000000000273e+02
5.189700000000000273e+02
6.961900000000000546e+02
6.961900000000000546e+02
4.232900000000000205e+02
4.232900000000000205e+02
4.120199999999999818e+02
4.120199999999999818e+02
4.120199999999999818e+02
4.042500000000000000e+02
4.042500000000000000e+02
5.632300000000000182e+02
5.118000000000000114e+02
5.118000000000000114e+02
5.118000000000000114e+02
5.370499999999999545e+02
5.370499999999999545e+02
4.161899999999999977e+02
4.161899999999999977e+02
4.310500000000000114e+02
4.310500000000000114e+02
4.310500000000000114e+02
4.339700000000000273e+02
4.339700000000000273e+02
4.339700000000000273e+02
5.101399999999999864e+02
3.242699999999999818e+02
3.083700000000000045e+02
2.559099999999999966e+02
3.167300000000000182e+02
2.541500000000000057e+02
3.499499999999999886e+02
5.410800000000000409e+02
4.995000000000000000e+02
5.677200000000000273e+02
4.727300000000000182e+02
3.342000000000000455e+02
5.185900000000000318e+02
4.493399999999999181e+02
5.632300000000000182e+02
6.386399999999999864e+02
2.972999999999999545e+02
2.446399999999999864e+02
4.177099999999999795e+02
4.177099999999999795e+02
5.294300000000000637e+02
3.235299999999999727e+02
6.285500000000000682e+02
4.391299999999999955e+02
4.391299999999999955e+02
4.391299999999999955e+02
4.561999999999999886e+02
4.650600000000000023e+02
4.650600000000000023e+02
4.650600000000000023e+02
4.048000000000000114e+02
4.048000000000000114e+02
4.866299999999999955e+02
4.866299999999999955e+02
4.123999999999999773e+02
4.123999999999999773e+02
4.123999999999999773e+02
3.998799999999999955e+02
4.951700000000000159e+02
5.126299999999999955e+02
5.343400000000000318e+02
5.343400000000000318e+02
4.106600000000000250e+02
4.683700000000000045e+02
5.370499999999999545e+02
2.671800000000000068e+02
2.521800000000000068e+02
4.277799999999999727e+02
4.917500000000000000e+02
5.336200000000001182e+02
5.820500000000000682e+02
4.834599999999999795e+02
3.876800000000000068e+02
5.437300000000000182e+02
7.005499999999999545e+02
4.779800000000000182e+02
4.779800000000000182e+02
4.779800000000000182e+02
5.897000000000000455e+02
5.890000000000000000e+02
3.856000000000000227e+02
3.910799999999999841e+02
3.512000000000000455e+02
3.512000000000000455e+02
3.512000000000000455e+02
3.553899999999999864e+02
3.553899999999999864e+02
4.304900000000000091e+02
3.448700000000000045e+02
7.184500000000000455e+02
2.561800000000000068e+02
2.744499999999999886e+02
1.070880000000000109e+03
6.398200000000000500e+02
4.131499999999999773e+02
5.142799999999999727e+02
7.178600000000000136e+02
3.749700000000000273e+02
3.749700000000000273e+02
1.202109999999999900e+03
6.224800000000000182e+02
5.369300000000000637e+02
8.591799999999998363e+02
8.167399999999998954e+02
3.940199999999999818e+02
4.258100000000000023e+02
3.576100000000000136e+02
4.207300000000000182e+02
3.525299999999999727e+02
3.708000000000000114e+02
3.758799999999999955e+02
2.782599999999999909e+02
3.131100000000000136e+02
3.464399999999999977e+02
3.098999999999999773e+02
2.449099999999999966e+02
2.631800000000000068e+02
3.697400000000000091e+02
4.582300000000000182e+02
4.840000000000000000e+02
4.060899999999999750e+02
3.786800000000000068e+02
6.730599999999999454e+02
6.963999999999999773e+02
3.212599999999999909e+02
3.325300000000000296e+02
6.036900000000000546e+02
4.920699999999999932e+02
6.156399999999998727e+02
5.839100000000000819e+02
6.531899999999999409e+02
4.004599999999999795e+02
1.224500000000000000e+03
6.736900000000000546e+02
6.237599999999999909e+02
6.376500000000000909e+02
7.088599999999999000e+02
4.792599999999999909e+02
5.396100000000000136e+02
4.437500000000000000e+02
3.420699999999999932e+02
3.326100000000000136e+02
3.256100000000000136e+02
2.793000000000000114e+02
3.126299999999999955e+02
2.760900000000000318e+02
2.110999999999999943e+02
1.147950000000000045e+03
2.293700000000000045e+02
2.853899999999999864e+02
4.973999999999999773e+02
1.138679999999999836e+03
4.476600000000000250e+02
4.121499999999999773e+02
4.724200000000000728e+02
4.724200000000000728e+02
4.724200000000000728e+02
4.724200000000000728e+02
6.639800000000000182e+02
5.841400000000001000e+02
5.060000000000000568e+02
5.379400000000000546e+02
6.974199999999999591e+02
5.170600000000000591e+02
4.601800000000000637e+02
3.958500000000000227e+02
3.958500000000000227e+02
4.150799999999999841e+02
6.958899999999999864e+02
4.920699999999999932e+02
4.533899999999999864e+02
5.187100000000000364e+02
4.190600000000000023e+02
3.507400000000000091e+02
5.148899999999999864e+02
5.389400000000000546e+02
4.422200000000000273e+02
4.422200000000000273e+02
3.917000000000001023e+02
3.503700000000000045e+02
4.262799999999999727e+02
4.262799999999999727e+02
3.573700000000000045e+02
5.136600000000000819e+02
4.920799999999999841e+02
4.268899999999999864e+02
3.314700000000000273e+02
3.829900000000000091e+02
3.606499999999999773e+02
4.196000000000000227e+02
3.197200000000000273e+02
4.335799999999999841e+02
4.335799999999999841e+02
2.972799999999999727e+02
4.233600000000000136e+02
5.750099999999999909e+02
4.533899999999999864e+02
3.669399999999999977e+02
6.526099999999999000e+02
6.981299999999999955e+02
4.208000000000000114e+02
4.208000000000000114e+02
3.525600000000000591e+02
3.202000000000000455e+02
2.775199999999999818e+02
2.775199999999999818e+02
2.858700000000000045e+02
8.965600000000001728e+02
3.381100000000000136e+02
3.381100000000000136e+02
3.993100000000000591e+02
3.993100000000000591e+02
3.630899999999999750e+02
4.284100000000000250e+02
6.128000000000000682e+02
6.502100000000000364e+02
6.070899999999999181e+02
3.809200000000000159e+02
6.929500000000000455e+02
3.821200000000000045e+02
5.326800000000000637e+02
3.565199999999999818e+02
2.627599999999999909e+02
4.029800000000000182e+02
4.303899999999999864e+02
4.303899999999999864e+02
3.418799999999999955e+02
3.418799999999999955e+02
3.530500000000000114e+02
3.306100000000000136e+02
3.306100000000000136e+02
3.309800000000000182e+02
4.128299999999999841e+02
5.280600000000000591e+02
4.154599999999999795e+02
4.935299999999999727e+02
7.199099999999999682e+02
6.533399999999999181e+02
3.564499999999999886e+02
5.660900000000000318e+02
5.782599999999999909e+02
3.374700000000000273e+02
2.567599999999999909e+02
3.899499999999999886e+02
2.900900000000000318e+02
1.885600000000000023e+02
4.050799999999999841e+02
5.625099999999999909e+02
2.872500000000000000e+02
3.548899999999999864e+02
4.527600000000001046e+02
4.527600000000001046e+02
4.474300000000000637e+02
2.068300000000000125e+02
3.669900000000000091e+02
2.604300000000000068e+02
2.923299999999999841e+02
3.489100000000000250e+02
2.599700000000000273e+02
2.778799999999999955e+02
3.206899999999999977e+02
4.882799999999999727e+02
5.026600000000000250e+02
5.276400000000001000e+02
7.192000000000000455e+02
2.918200000000000500e+02
4.488000000000000114e+02
4.762099999999999795e+02
3.168000000000000114e+02
5.217000000000000455e+02
6.315000000000000000e+02
2.918200000000000500e+02
3.273300000000000409e+02
3.273300000000000409e+02
3.273300000000000409e+02
2.315500000000000114e+02
3.203300000000000409e+02
3.203300000000000409e+02
3.203300000000000409e+02
3.885299999999999727e+02
3.885299999999999727e+02
3.885299999999999727e+02
4.159399999999999977e+02
4.159399999999999977e+02
4.159399999999999977e+02
4.231100000000000136e+02
4.231100000000000136e+02
4.231100000000000136e+02
4.231100000000000136e+02
6.003299999999999272e+02
6.003299999999999272e+02
6.003299999999999272e+02
6.003299999999999272e+02
6.003299999999999272e+02
6.003299999999999272e+02
3.274300000000000068e+02
3.386000000000000227e+02
3.386000000000000227e+02
3.161600000000000250e+02
3.161600000000000250e+02
3.387000000000000455e+02
3.325000000000000000e+02
3.432700000000000387e+02
3.325000000000000000e+02
3.325000000000000000e+02
3.799900000000000091e+02
4.591299999999999955e+02
3.165400000000000773e+02
3.165400000000000773e+02
4.510400000000000205e+02
5.587200000000000273e+02
3.876000000000000227e+02
3.876000000000000227e+02
2.918200000000000500e+02
4.908600000000000136e+02
2.565299999999999727e+02
4.409200000000000159e+02
4.409200000000000159e+02
3.922099999999999795e+02
2.550099999999999909e+02
3.232300000000000182e+02
3.415200000000000387e+02
6.846900000000000546e+02
3.821200000000000045e+02
5.911200000000001182e+02
4.176299999999999955e+02
4.176299999999999955e+02
4.176299999999999955e+02
4.176299999999999955e+02
4.176299999999999955e+02
4.176299999999999955e+02
3.218500000000000227e+02
5.062400000000000091e+02
5.062400000000000091e+02
4.228000000000000114e+02
4.335700000000001069e+02
4.228000000000000114e+02
4.335700000000001069e+02
4.335700000000001069e+02
4.335700000000001069e+02
4.335700000000001069e+02
3.821200000000000045e+02
4.830699999999999932e+02
6.717799999999999727e+02
6.012999999999999545e+02
5.185899999999999181e+02
4.323500000000000227e+02
5.699700000000000273e+02
7.157299999999999045e+02
7.332499999999998863e+02
7.257000000000000455e+02
4.012200000000000273e+02
3.914499999999999886e+02
2.648199999999999932e+02
6.429700000000000273e+02
4.962599999999999909e+02
9.856299999999999955e+02
1.367990000000000009e+03
5.969000000000000909e+02
5.949300000000000637e+02
6.106799999999999500e+02
5.652100000000000364e+02
5.287500000000000000e+02
4.971700000000000159e+02
4.971700000000000159e+02
4.013100000000000023e+02
4.615799999999999841e+02
6.731800000000000637e+02
3.843399999999999750e+02
3.807300000000000182e+02
3.125299999999999727e+02
3.307999999999999545e+02
4.738200000000001069e+02
4.067200000000000273e+02
4.356100000000000136e+02
7.202400000000000091e+02
3.538199999999999932e+02
3.998399999999999750e+02
3.558400000000000318e+02
4.474700000000000273e+02
2.635199999999999818e+02
3.538199999999999932e+02
4.475799999999999841e+02
5.388500000000000227e+02
2.863899999999999864e+02
3.063400000000000318e+02
3.063400000000000318e+02
5.645600000000000591e+02
4.129000000000000909e+02
4.741000000000000227e+02
2.223199999999999932e+02
4.261800000000000068e+02
3.471600000000000250e+02
4.153800000000000523e+02
3.869800000000000182e+02
3.147400000000000091e+02
2.609800000000000182e+02
6.778899999999999864e+02
4.123600000000000136e+02
5.331200000000000045e+02
4.373399999999999750e+02
3.554900000000000091e+02
3.554900000000000091e+02
3.910000000000000000e+02
2.952200000000000273e+02
4.948199999999999932e+02
4.636299999999999955e+02
4.106600000000000250e+02
5.175099999999999909e+02
9.692999999999999545e+02
5.169800000000000182e+02
1.805079999999999927e+03
3.145699999999999932e+02
3.396399999999999864e+02
3.460199999999999818e+02
3.520900000000000318e+02
3.520900000000000318e+02
5.539900000000000091e+02
6.394300000000000637e+02
4.728500000000000227e+02
3.770699999999999932e+02
3.770699999999999932e+02
5.686300000000001091e+02
4.381600000000000250e+02
4.840199999999999818e+02
4.264599999999999795e+02
2.574700000000000273e+02
3.376700000000000159e+02
2.694700000000000273e+02
3.943799999999999955e+02
3.943799999999999955e+02
3.943799999999999955e+02
5.716799999999999500e+02
3.265600000000000023e+02
4.547300000000000182e+02
3.368199999999999932e+02
5.664500000000000455e+02
4.191399999999999864e+02
4.794100000000000250e+02
2.796100000000000136e+02
5.767599999999999909e+02
3.556800000000000068e+02
3.012599999999999909e+02
3.195299999999999727e+02
5.279500000000000455e+02
3.723100000000000591e+02
1.898499999999999943e+02
2.496800000000000068e+02
2.950400000000000205e+02
2.950400000000000205e+02
2.950400000000000205e+02
2.880400000000000205e+02
2.880400000000000205e+02
5.428700000000000045e+02
6.241299999999998818e+02
2.124700000000000273e+02
3.611200000000000045e+02
4.578500000000000227e+02
7.392699999999999818e+02
4.051200000000000045e+02
4.276600000000000250e+02
5.570000000000000000e+02
1.560400000000000205e+02
3.384300000000000068e+02
3.384300000000000068e+02
3.987799999999999727e+02
3.029200000000000159e+02
4.131700000000000159e+02
2.698999999999999773e+02
6.105399999999999636e+02
7.354499999999999318e+02
6.396699999999999591e+02
8.631100000000000136e+02
8.240600000000000591e+02
8.799800000000000182e+02
5.168599999999999000e+02
7.513899999999999864e+02
6.634599999999999227e+02
1.267279999999999973e+03
3.927099999999999795e+02
4.043500000000000227e+02
6.364800000000000182e+02
6.717699999999999818e+02
2.236600000000000534e+02
7.337299999999999045e+02
5.707400000000000091e+02
7.639000000000000909e+02
4.029800000000000182e+02
8.525800000000000409e+02
4.651499999999999773e+02
7.129099999999999682e+02
4.592699999999999818e+02
5.307799999999999727e+02
4.624599999999999795e+02
2.969900000000000091e+02
4.937200000000000273e+02
3.174800000000000182e+02
5.186499999999999773e+02
3.599700000000000273e+02
1.754200000000000045e+03
7.483200000000000500e+02
3.003600000000000136e+02
3.607099999999999795e+02
3.607099999999999795e+02
6.494300000000000637e+02
3.489100000000000250e+02
