4.594786910772057809e+02
3.126902530139021792e+02
3.442581029486941588e+02
2.920918259821550009e+02
2.127709846604469703e+02
3.856332273603672434e+02
4.139507920937127210e+02
3.912903371408465887e+02
3.896718093733107366e+02
3.068278185375310159e+02
4.133756900534048100e+02
3.889172056875854651e+02
4.792126506474911594e+02
3.600224526673191008e+02
4.578727692573650074e+02
3.982976644977227352e+02
4.431312662066441135e+02
3.550653629711255235e+02
4.288600713924979004e+02
2.128245504124301988e+02
3.129136573141672102e+02
5.215795844612506471e+02
3.038864215088938181e+02
3.205635074884706341e+02
3.786929793783271521e+02
4.390100631264973572e+02
4.344820514536842779e+02
4.268966868218822128e+02
3.827761831023260584e+02
3.068601983711728280e+02
3.657754388936210148e+02
3.657754388936210148e+02
4.811753273173686694e+02
3.431498577040017608e+02
3.431498577040017608e+02
3.746713240155427229e+02
3.560274781821556758e+02
3.789892382515907912e+02
4.445218575403703767e+02
4.265382947191212111e+02
3.852904389304762276e+02
4.064361083994634782e+02
4.327368302772518973e+02
4.012379255447427226e+02
5.013862364728343550e+02
2.610133898635084506e+02
3.214676473440325708e+02
3.873109596719880869e+02
3.958192405125665232e+02
4.667750123819748183e+02
4.907287208625380117e+02
4.338093364595099501e+02
5.128681622236219937e+02
4.339297144131720074e+02
3.902900090280975292e+02
4.107798581915744762e+02
3.414403581676220369e+02
3.746713240155427229e+02
3.449448099586751937e+02
4.232045632328631086e+02
4.234595135586252468e+02
4.648539383147441981e+02
4.627590483462162183e+02
4.627590483462173552e+02
4.315052301110208646e+02
3.004900045974748082e+02
3.923765655267522448e+02
3.724461017470234196e+02
4.288180990809212858e+02
3.411596286411274832e+02
3.446623596641242102e+02
2.852092971753969550e+02
3.402805992953696546e+02
3.728027027816148120e+02
4.904247726150290987e+02
3.936874172016952684e+02
3.591148326098024768e+02
4.410490374136125524e+02
4.101379635874745304e+02
2.850220330014313959e+02
4.369932437295673822e+02
4.148901902074090344e+02
3.831925233428613069e+02
4.895986432868747329e+02
5.024348904021643989e+02
4.048108683785346216e+02
3.538076984440719457e+02
2.632791127795771899e+02
3.945999852337292282e+02
4.696325095068964401e+02
3.577447295056100529e+02
3.817019566545775433e+02
3.213797200171864006e+02
3.617000351258109276e+02
3.747231168778544088e+02
3.747231168778544088e+02
4.335197983390775107e+02
2.912407031271317237e+02
3.993595128079203960e+02
4.203854899980697155e+02
4.491037696317675341e+02
3.677169466171613408e+02
3.868354999833550210e+02
3.550653629711258645e+02
4.494950966060081896e+02
3.709208057543437462e+02
4.510723572758977866e+02
4.662686532491573530e+02
3.704960070704320287e+02
4.000078356901004781e+02
4.055122543918197380e+02
4.071087004554454438e+02
3.460442674915240673e+02
4.251440995923200603e+02
3.336575254002253246e+02
4.376839660424862473e+02
4.102408901867446502e+02
3.420987886664250937e+02
3.434328146236341013e+02
3.617000351258109276e+02
3.924399456755453457e+02
4.070719487656380124e+02
3.993595128079203960e+02
3.726626520810244187e+02
3.590538578713552056e+02
3.590538578713552056e+02
4.180721584619732880e+02
3.902401245066440651e+02
3.567688897148481146e+02
4.069554120504286630e+02
4.010010900149196118e+02
3.150520225474868425e+02
3.662979585447541240e+02
3.732689298862474061e+02
3.590333862915350096e+02
3.539167262561151688e+02
3.528950171041039994e+02
4.476009871132795865e+02
4.476009871132795865e+02
3.905516795146077698e+02
2.855898624669719084e+02
4.658981182028454668e+02
3.380964031509116126e+02
3.363882346746183885e+02
3.319368861548632026e+02
3.319368861548632026e+02
3.104673298413930524e+02
4.101317835767501947e+02
3.560644039445312501e+02
3.396706563866110287e+02
3.363882346746183885e+02
3.692721648262402709e+02
4.005199303941242306e+02
3.567603563611468758e+02
3.898806044627157235e+02
3.492128215466430561e+02
3.124504656299119461e+02
3.560644039445312501e+02
4.276217366963962263e+02
4.304545022190679333e+02
4.385870855659553627e+02
3.111536256441366959e+02
3.784482965026573424e+02
2.184555930896753466e+02
3.809148180086990010e+02
2.398545116498777645e+02
2.425982027394198042e+02
2.836200894692091197e+02
3.246344414910605565e+02
2.826265926798042187e+02
2.843740296852203073e+02
4.817714149696936374e+02
4.470962232319447480e+02
3.286184689773393757e+02
3.001642454967436606e+02
3.301391752574674001e+02
3.341976489388457594e+02
3.384865912339940905e+02
3.560845640216406309e+02
3.471610060068264829e+02
2.020242715082836469e+02
4.287621474716239618e+02
3.788970176909787142e+02
3.992092148884480025e+02
4.563310290773586075e+02
4.766345697417846168e+02
4.006500447526779567e+02
3.872427923571359543e+02
4.317794390543479608e+02
3.694223500002623268e+02
2.943818675130252700e+02
3.767289803039332696e+02
3.041495642560714145e+02
3.041495642560714145e+02
3.181625164685545428e+02
3.181625164685545428e+02
3.846310724215571213e+02
3.112201523277251454e+02
3.112201523277251454e+02
4.326192635191113141e+02
4.520611360383256283e+02
3.349999722271749079e+02
3.481307365141869923e+02
2.669087719322163252e+02
4.251224782193640976e+02
3.986211063379383859e+02
4.406726789677270517e+02
4.271737252520445054e+02
4.343501816721926616e+02
4.406877525093541408e+02
3.201082715275912278e+02
3.928611716077940059e+02
3.377029534298947056e+02
3.187975094263206870e+02
3.187975094263206870e+02
3.187975094263206870e+02
3.437933509991893288e+02
3.447591066537605116e+02
3.447591066537605116e+02
3.447591066537605116e+02
4.032237650340475739e+02
4.032237650340475739e+02
4.723647911943553481e+02
3.377131250792369315e+02
4.486500104235005892e+02
4.433937539678425992e+02
4.104233658378566361e+02
4.104233658378550444e+02
3.909165178107130600e+02
3.620383438746516731e+02
3.445312378380612017e+02
3.445312378380612017e+02
4.610745380807559854e+02
2.366199031379702831e+02
3.376987008937064729e+02
3.759608900916000493e+02
3.865349967084308105e+02
3.401389851353275162e+02
3.401389851353271183e+02
4.147446900684513480e+02
5.144607363926214703e+02
4.628690701380285191e+02
3.857976492707292664e+02
4.524329164923323674e+02
4.772881948435770028e+02
4.087251091914052950e+02
3.394000749981553895e+02
3.732492486892414263e+02
4.739892443719081712e+02
3.555067594950886019e+02
4.193723695377217382e+02
4.123090372097844352e+02
4.566325845867588669e+02
3.220331082056749779e+02
3.713875875839704008e+02
2.693084633654956406e+02
2.465238930911025363e+02
3.509342869900838764e+02
2.532672149962788524e+02
4.213805637649620621e+02
2.588368405971264679e+02
2.200305811994952023e+02
2.582590007921396591e+02
3.507023244626813607e+02
5.480964989289786899e+02
4.661842330824700298e+02
3.222714092822287739e+02
3.240455096496787064e+02
2.686330632252795567e+02
3.200663437585251927e+02
2.704538038769749164e+02
4.600003049954573271e+02
4.839628082802171321e+02
3.400090621934442652e+02
3.621961318675923280e+02
4.302048162367981377e+02
2.578550260066218698e+02
4.754597773463103181e+02
4.045047114143001181e+02
3.425305218150765540e+02
2.856795347916046808e+02
3.930297142702708015e+02
4.480144893297077147e+02
3.797109834732530658e+02
4.456223060217348007e+02
2.488752499089549133e+02
4.635852634950331321e+02
4.635852634950331321e+02
4.785750558963553658e+02
4.122523023431722891e+02
3.984940106069710168e+02
4.870452873052532254e+02
3.412459168396535460e+02
4.274934477945419644e+02
4.274934477945419644e+02
4.350259089621800968e+02
3.683689160394166606e+02
3.571299747144313983e+02
4.448058311945613923e+02
3.952694815217404880e+02
3.510869971029363796e+02
4.472728480013716990e+02
2.500973050256247916e+02
3.854533868287233531e+02
2.969624953888018126e+02
3.407102093455301883e+02
3.407102093455301883e+02
3.407102093455301883e+02
3.928803771637039404e+02
4.111912046966263006e+02
3.420242602195800146e+02
3.528663090177251433e+02
4.170142751819589080e+02
3.518558611215482301e+02
3.518558611215482301e+02
3.427750487538368134e+02
4.206397880262680928e+02
3.556587395485268530e+02
3.966062373679497455e+02
3.500693234206006537e+02
3.500693234206006537e+02
3.688600521204116944e+02
3.115739453294843315e+02
2.763619630831209406e+02
2.125438920210842468e+02
2.762491444925427686e+02
3.443151231309774403e+02
2.767251012094239968e+02
2.636961587590318459e+02
3.890491719273953208e+02
3.867207834968280622e+02
3.908160924527841757e+02
4.000978304115805031e+02
3.271265903601014315e+02
4.046347139154967181e+02
4.072339459576508602e+02
3.020161374770034968e+02
2.985548879607767958e+02
3.383432878425479089e+02
2.842187684682832014e+02
3.380708525759893632e+02
4.076164089145299272e+02
3.187224517321751591e+02
3.770587227718740451e+02
5.013419945032779879e+02
4.011601252625225129e+02
4.328443280770906654e+02
4.835243864836661487e+02
3.853551843214739279e+02
4.372870199012719468e+02
2.570197871878947922e+02
2.094919851856766400e+02
3.916244438935336234e+02
3.612159693276857411e+02
3.839250890317840685e+02
3.352186716293976474e+02
2.683788522547693560e+02
3.573669301468120238e+02
2.359438460262862520e+02
3.290477460258439351e+02
3.732273981760727111e+02
3.880121162586741548e+02
2.574502934946131631e+02
3.443151231309774403e+02
3.341520994514834797e+02
3.292273285020655180e+02
3.052153804715708247e+02
3.052153804715708247e+02
3.052153804715708247e+02
2.559472625860185246e+02
3.972380791356903842e+02
4.281029988199990157e+02
3.849343967193548224e+02
2.505407973508905002e+02
2.569451732216464848e+02
2.460790845946361003e+02
2.472478116369501606e+02
3.717311532501153692e+02
3.691154788713194534e+02
3.705723169900608696e+02
3.326416448407054531e+02
3.500904672511067020e+02
3.376313372364928114e+02
3.376313372364928114e+02
3.376313372364928114e+02
3.376313372364928114e+02
4.030215167929054587e+02
4.015078564745813310e+02
4.226812718297730953e+02
3.420807243048085411e+02
3.430328771871364779e+02
3.880277322214880087e+02
2.508654468283294534e+02
2.334901475198919911e+02
3.352252535185892839e+02
3.352252535185892839e+02
3.717311532501153692e+02
3.833189983160858105e+02
2.992124992082100903e+02
2.992124992082100903e+02
2.857415299005489260e+02
2.857415299005489260e+02
2.857415299005505176e+02
2.857415299005489260e+02
2.857415299005489260e+02
4.408401796578522749e+02
4.408401796578522749e+02
3.352252535185892839e+02
3.116847016544868438e+02
3.372779607197441010e+02
3.372779607197441010e+02
3.911036633339943478e+02
2.955664649550810736e+02
4.171028204263717498e+02
3.441281611395088476e+02
3.563400337283476915e+02
3.068754728087459398e+02
2.970810917674488678e+02
4.211531314105075126e+02
4.283587360441996452e+02
4.495438902547148814e+02
4.499375098100462083e+02
4.499375098100462083e+02
4.499375098100462083e+02
4.499375098100462083e+02
4.499375098100462083e+02
4.855625246703847893e+02
4.457541201122536449e+02
4.227873454908748272e+02
4.227873454908748272e+02
4.227873454908748272e+02
4.792667727150573000e+02
4.154703972888398766e+02
4.585589092040136165e+02
4.585589092040136165e+02
4.585589092040136165e+02
4.257940495864752961e+02
4.289381120223114863e+02
4.289381120223114863e+02
4.023233942723219343e+02
4.505208227186434442e+02
4.320134225859904404e+02
4.344602190865651323e+02
4.103865502479952170e+02
3.986807855991512497e+02
4.382705067861419934e+02
4.382705067861420503e+02
4.382705067861420503e+02
4.615107317142563375e+02
4.500303460817244172e+02
4.500303460817249857e+02
4.500303460817244172e+02
4.500303460817244172e+02
4.500303460817244172e+02
4.229124008607976748e+02
4.839455852647155325e+02
4.505208227186434442e+02
4.541782675267966738e+02
3.826539347111269080e+02
4.000956185270266019e+02
4.037585535370200773e+02
4.508109958155470167e+02
4.891239991052977985e+02
4.891239991052977985e+02
4.383085385508022682e+02
3.486054302365579360e+02
3.046063088578784459e+02
3.977831111811648839e+02
3.582940271738696651e+02
3.544308832870511310e+02
3.333611584213624610e+02
3.896465765600611348e+02
3.982016460365751414e+02
3.643552768717800632e+02
4.104576558513600162e+02
4.055122543918197380e+02
3.646769438509328438e+02
3.476559382241940739e+02
3.465935116187213225e+02
4.369620988484695090e+02
3.814329348793655754e+02
4.034364542092429247e+02
4.175957027561800032e+02
3.875847771296730002e+02
3.868354999833550210e+02
3.885187057967490318e+02
4.225233575378475166e+02
2.307392196776343098e+02
3.866275281950393605e+02
4.316972732092234537e+02
5.049539299323334944e+02
4.835603264367852034e+02
4.847035252772114973e+02
3.662400097367880107e+02
3.761369013382648063e+02
3.433045875233323727e+02
3.429036824363190590e+02
3.558290160039630905e+02
2.979192590537874139e+02
3.141648616374125140e+02
3.720845567234973146e+02
3.479664403138697253e+02
3.852592239471444486e+02
4.835268044140237862e+02
3.112817739933324788e+02
3.206069394326551674e+02
3.206069394326551674e+02
3.206069394326551674e+02
4.462944404112682264e+02
4.576520646905513559e+02
4.555128222380749321e+02
4.129389926225057366e+02
3.973723384666253651e+02
3.955554510686020535e+02
3.576852719719298079e+02
2.938939665826351302e+02
3.226485526879498593e+02
2.795989798197740015e+02
2.728893724567060985e+02
4.098983261201854020e+02
4.425656858491789194e+02
4.603671395174796999e+02
3.133416085721621016e+02
3.133416085721621016e+02
3.484617735285112872e+02
3.911237216700743602e+02
2.957134028473478224e+02
4.036827587240807702e+02
3.461708103367792546e+02
3.461708103367792546e+02
4.105327791911980739e+02
3.427956599793656096e+02
3.427956599793656096e+02
3.750668809489764044e+02
3.806145937691257473e+02
2.222614718904896165e+02
3.431985464972448199e+02
3.431985464972448199e+02
3.639850330133455145e+02
2.970190667587656890e+02
2.970190667587656890e+02
2.970190667587656890e+02
2.700776927144179353e+02
3.208253808746089817e+02
3.412750432433537640e+02
4.222678119201455047e+02
2.487994864289537986e+02
2.752631951913791681e+02
2.713425148733762740e+02
2.719167641466123655e+02
3.444681961031287756e+02
3.019842415788938297e+02
3.328086130530255673e+02
4.429049808764581257e+02
3.238370831813335258e+02
3.348016895364129368e+02
3.495618148086085739e+02
3.495618148722072078e+02
3.495618148722072078e+02
3.495618148722072078e+02
4.203879903297867600e+02
2.570128564190750353e+02
3.637571166436312069e+02
3.865091873327633039e+02
3.083424046359153863e+02
2.460790845946361003e+02
2.624000845777972586e+02
3.132842807914564673e+02
2.929511748081319524e+02
4.388324358903851135e+02
4.095187986755103111e+02
4.267443283357064274e+02
3.323060702723929012e+02
3.323060702723929012e+02
3.558129917221042433e+02
3.558129917221042433e+02
3.867119818388901535e+02
3.191262249650768013e+02
3.207944023885250999e+02
3.280226626449244804e+02
3.019818054368460025e+02
2.764377291265330996e+02
2.764377291265330996e+02
2.764377291265330996e+02
3.205709507844114796e+02
3.205709507844114796e+02
3.205709507844114796e+02
4.843417489207565723e+02
2.407942383766312844e+02
3.517722682609729077e+02
3.165136710736965142e+02
3.444802261782595565e+02
3.496268851334303918e+02
4.430813968786356440e+02
4.131248147303837186e+02
3.547905752690210193e+02
3.882029839928325146e+02
4.464159690749522156e+02
3.612224200909254250e+02
3.968319707137435444e+02
3.803673313175922317e+02
4.368860860020651558e+02
2.712252775214943767e+02
2.859973310246818414e+02
2.859973310246818414e+02
2.948768923858619360e+02
2.827082023013892922e+02
4.091024488841609354e+02
4.063176790377410157e+02
3.003473773519930319e+02
3.351438742150173766e+02
3.201322041136531880e+02
3.201322041136531880e+02
3.201322041136531880e+02
5.003017119018887229e+02
4.517463069727164111e+02
4.286489133584855153e+02
4.012652526914736200e+02
4.098496774573218318e+02
4.683785258087549437e+02
4.786066574437160739e+02
4.857512643445547837e+02
4.215908323827006257e+02
4.561729034319346283e+02
4.723976940711417569e+02
4.616268362878237212e+02
4.776022167899664055e+02
3.448048934968595063e+02
4.416822027563658821e+02
4.302727595855432128e+02
4.435816857034242275e+02
4.331856986971019410e+02
4.718037042385709015e+02
4.844514638279241012e+02
3.254759106682488436e+02
3.149289713683978675e+02
3.241317924470808975e+02
2.989539161093356370e+02
2.533631868901401276e+02
2.701747892268784881e+02
3.496175076842714020e+02
3.169067445276144213e+02
3.282752075073293554e+02
3.721815911905857774e+02
4.169219421628792475e+02
4.803685669981987303e+02
2.962656385213826979e+02
4.132634769411515663e+02
3.174513060475643442e+02
2.937222289045366779e+02
4.416441791853647487e+02
2.421492219236889412e+02
2.908140015443741504e+02
2.625802893154200319e+02
4.379072011750213278e+02
3.889202396559342105e+02
4.838427965887216260e+02
4.529006188997030335e+02
3.736697612007850466e+02
4.906433977633395784e+02
3.155346861782506949e+02
2.552823177319853016e+02
4.284332584238011350e+02
3.113438348990417808e+02
4.524047918991769848e+02
3.866908710372136966e+02
3.866908710372136966e+02
3.866908710372136966e+02
3.285349044196905766e+02
3.156989818951881830e+02
3.655111180843284160e+02
4.798344500306430405e+02
3.647945751539051571e+02
2.399032042783006204e+02
3.774908106488481394e+02
3.117481751255526206e+02
4.276869375767187194e+02
3.067708291308970843e+02
4.495968158412335924e+02
3.633756229609701336e+02
4.699991482678344710e+02
4.699991482678344710e+02
3.949765370987763617e+02
3.949765370987763617e+02
3.949765370987763617e+02
4.087421737272664473e+02
3.790496150027843782e+02
3.867718152989968416e+02
3.593919134616654105e+02
3.925061905993371170e+02
4.770154828335074058e+02
4.770154828335074058e+02
2.577685228950996361e+02
2.688961596722194258e+02
4.572072741761512589e+02
3.620534380242935981e+02
3.527720330622318556e+02
4.223181566461383909e+02
4.805041730372701636e+02
4.774899956826674838e+02
4.811897201542277003e+02
3.282064562988763896e+02
4.864250681980693116e+02
5.166199857077990600e+02
4.225354596110325929e+02
3.362117988896144425e+02
4.974515353030695337e+02
3.216183455324276679e+02
4.203854899980697155e+02
4.954801240043784105e+02
4.367427089825001758e+02
3.506685207844597016e+02
4.505361023709979804e+02
4.026530382979037199e+02
4.450517897682607895e+02
4.576084069381932977e+02
3.944059709734942203e+02
4.397211687133883515e+02
4.469236085745435503e+02
3.683540716532644410e+02
3.915372806635814982e+02
3.896553712700321057e+02
4.423437963418473373e+02
3.110873431988283642e+02
3.275532978366518932e+02
3.275532978366518932e+02
3.275532978366518932e+02
3.203137549085995488e+02
3.543826960435641240e+02
3.543826960435641240e+02
3.543826960435641240e+02
4.118354945252643233e+02
3.622973484119365821e+02
2.241811199193777782e+02
3.414177686767169462e+02
2.732976144449628464e+02
2.494873629139992204e+02
4.576084069381932977e+02
4.290870713901337012e+02
3.575250015095136291e+02
2.159425427741169869e+02
2.681007949240355401e+02
2.687438372671097113e+02
3.430460149505810250e+02
3.213352066157837612e+02
4.101875555487900442e+02
3.707043425188184074e+02
3.178772143982922671e+02
2.640352605523698344e+02
2.730001388724448930e+02
4.342124003089023745e+02
4.010212252776084370e+02
4.010212252776084370e+02
3.116572891595641863e+02
4.233396006178089692e+02
4.081133801886084598e+02
4.024664208299285519e+02
3.946728684271436123e+02
3.755156842245985445e+02
4.467281827489998136e+02
4.130262407994231353e+02
3.766340519224903574e+02
3.766340519224903574e+02
3.766340519224903574e+02
4.701855755746606746e+02
3.715713711695618713e+02
4.034098119970540210e+02
4.104859914180295846e+02
4.446361445798182785e+02
2.798552090371065333e+02
2.714559072870889622e+02
4.249656152805420106e+02
4.796762930513410197e+02
3.943130351528514552e+02
3.395747129566485114e+02
4.691231631551154351e+02
3.790851007085929041e+02
3.867406991183631817e+02
3.515738733611582347e+02
3.847151442140472000e+02
2.878724890761671418e+02
4.268070635590843835e+02
3.688520164113133433e+02
3.782741892904510337e+02
4.354851631877637601e+02
3.040100841256708577e+02
3.040100841256708577e+02
3.040100841256708577e+02
3.374272597466771231e+02
3.926332877614598829e+02
3.926332877614598829e+02
3.089233029176697300e+02
3.089233029176697300e+02
4.368877969975285964e+02
4.312006481729657708e+02
4.312006481729657708e+02
3.960966168051913314e+02
4.216625259989439201e+02
4.151538578847118970e+02
3.730863715046081666e+02
3.195864400619938692e+02
3.195864400619938692e+02
4.100376228764724829e+02
4.100376228764724829e+02
4.100376228764731081e+02
3.837162742740729868e+02
3.435143996534587245e+02
3.435143996534587245e+02
3.435143996534587245e+02
3.754706746652527727e+02
3.899535162692782819e+02
3.795924652900525302e+02
3.386251558626760811e+02
4.624894758257751732e+02
2.501493595532272138e+02
3.293321648757982985e+02
2.108158729302625432e+02
2.203284239922770666e+02
4.160333417962938825e+02
3.319751647390209541e+02
3.319751647390209541e+02
4.087296555537651557e+02
4.087296555537651557e+02
4.087296555537651557e+02
3.421744849550095751e+02
4.331475044936511836e+02
4.014035596108427058e+02
3.465140367141634101e+02
2.972914631498713334e+02
2.972914631498713334e+02
2.972914631498713334e+02
2.677801792855245822e+02
3.411596286411274832e+02
3.411596286411274832e+02
3.126902530139021792e+02
3.007573203746704849e+02
3.908207287918502288e+02
3.908207287918502288e+02
3.908207287918502288e+02
3.908207287918502288e+02
3.908207287918502288e+02
2.970190667587656890e+02
2.970190667587656890e+02
3.134115400995565892e+02
4.326096626333617223e+02
2.898269499741505797e+02
2.898269499741505797e+02
2.898269499741505797e+02
4.389256371131024821e+02
3.789984838913823637e+02
4.345114875592341832e+02
3.439120185512797434e+02
2.838150038395106662e+02
3.600992249648866164e+02
2.838202263619438099e+02
2.500308159696647863e+02
2.197767595949079578e+02
2.167689792536057212e+02
2.936022126745102696e+02
2.636924755948842289e+02
4.001804794685230036e+02
3.835177092712069680e+02
2.230406825369151420e+02
2.629766589344566796e+02
3.580905103497352684e+02
2.688835820421365952e+02
4.483729059952833609e+02
4.093605529673848764e+02
4.093605529673848764e+02
4.093605529673848764e+02
4.093605529673848764e+02
4.093605529673848764e+02
4.093605529673848764e+02
4.457718488555013323e+02
4.457718488555013323e+02
2.893007550226552667e+02
3.235526447356060089e+02
3.956357880423925053e+02
3.984940106069710168e+02
3.124831442096055980e+02
3.132846012363438604e+02
2.540813677457250037e+02
3.074957235655288059e+02
3.449200771201466296e+02
3.449200771201452085e+02
4.650138820485889255e+02
3.755006994956094104e+02
3.755006994956094104e+02
3.755006994956094104e+02
3.755006994956094104e+02
3.205990821683771514e+02
3.205990821683771514e+02
3.627857001370267085e+02
3.449941252340531719e+02
3.298547564445179319e+02
3.290477460258439351e+02
3.496639840083502691e+02
3.385421372684812127e+02
4.093490783292916717e+02
4.093490783292916717e+02
4.093490783292916717e+02
4.093490783292916717e+02
4.093490783292916717e+02
4.093490783292916717e+02
3.687121134295620664e+02
3.687121134295620664e+02
4.650232654672640820e+02
3.492273167277176640e+02
3.492273167277176640e+02
3.492273167277176640e+02
4.956273981773882724e+02
3.061711588178117154e+02
3.777705649318090195e+02
4.227245348396336908e+02
4.227245348396336908e+02
2.931545477232853045e+02
3.915209884016702517e+02
3.428368141471568720e+02
3.884163448003785106e+02
2.804099879995210358e+02
2.274535516086729103e+02
3.293321648757982985e+02
3.293321648757982985e+02
3.149301404390632229e+02
3.377339663096720983e+02
3.726626520810244187e+02
3.432674476559013215e+02
3.265933836311134542e+02
3.504767164861399351e+02
3.504767164861399351e+02
4.646400919002433625e+02
3.711757624988763382e+02
2.765826383028220334e+02
2.577639707781747802e+02
2.110172523262269237e+02
2.768318263692971186e+02
3.816172630219991788e+02
4.229900617806645187e+02
3.196429970334143604e+02
3.449200771201466296e+02
4.207764069865344823e+02
3.196429970334143604e+02
3.535790183381334941e+02
3.535790183381334941e+02
3.535790183381334941e+02
3.535790183381334941e+02
3.102083341921827468e+02
3.102083341921827468e+02
2.739279672734371616e+02
2.739279672734371616e+02
2.739279672734371616e+02
3.137160956438961534e+02
3.243352245332549728e+02
4.229900617806645187e+02
3.196429970334143604e+02
3.196429970334143604e+02
3.196429970334150426e+02
2.934262272047564011e+02
2.934262272047564011e+02
3.333176244402591806e+02
3.971208222875199567e+02
3.205990821683771514e+02
3.205990821683760714e+02
3.205990821683760714e+02
3.205990821683760714e+02
3.205990821683760714e+02
3.205990821683760714e+02
3.205990821683771514e+02
4.090570494495644311e+02
3.838842862085494971e+02
4.809840676985946857e+02
4.243551908297043838e+02
3.847683973566097393e+02
2.334064114870078299e+02
5.159783255723471029e+02
4.413499931220746930e+02
3.096381645617858567e+02
3.650443766663136671e+02
4.477498358761700956e+02
3.715504643521312573e+02
4.495671528404252513e+02
3.728275252364850871e+02
2.954716530820516027e+02
4.380979280063976375e+02
4.096893908990172122e+02
3.420702130689037972e+02
3.340438627148135993e+02
3.340438627148135993e+02
4.067103329876260887e+02
4.067103329876260887e+02
4.067103329876259181e+02
3.495960968044810784e+02
3.357515764097677788e+02
3.357515764097677788e+02
4.585217064136122076e+02
3.515575492958485029e+02
3.972232421262272055e+02
3.732492486892414263e+02
3.732492486892414263e+02
3.561927573639139837e+02
4.498715745710816805e+02
4.575530311740193383e+02
3.358998932360740923e+02
4.490915926633808795e+02
4.688447725311993395e+02
3.605409625061958536e+02
4.180090696673440789e+02
3.593328943237196995e+02
3.719402504812859434e+02
3.174054042871725869e+02
4.147085450875837296e+02
4.147085450875833885e+02
4.147085450875837296e+02
3.361282399071015448e+02
3.361282399071015448e+02
3.361282399071015448e+02
4.045876603529528097e+02
4.515946388736068684e+02
4.283867306811697517e+02
4.283867306811694675e+02
3.182083185129916956e+02
4.319988329008821779e+02
4.319988329008821779e+02
4.319988329008821779e+02
3.822292373585312362e+02
3.822292373585312362e+02
4.534128339084230674e+02
4.534128339084240338e+02
4.534128339084240338e+02
4.534128339084240338e+02
4.705297520252085519e+02
4.705297520252085519e+02
3.704847227251314621e+02
3.704847227251314621e+02
3.752255385399321312e+02
3.752255385399321312e+02
3.752255385399321312e+02
3.501003500112934717e+02
3.501003500112934717e+02
4.764585700982265735e+02
4.379117992746657819e+02
4.379117994531006275e+02
4.379117992746657819e+02
4.459677348559554275e+02
4.459677348559565075e+02
3.928753975144136916e+02
3.928753975144136916e+02
3.651031136819328253e+02
3.651031136819328253e+02
3.651031136819328253e+02
3.730006436614757490e+02
3.730006436614757490e+02
3.730006436614757490e+02
3.629640491053209530e+02
3.160068761556194090e+02
3.047191742809935135e+02
2.749301642028203787e+02
3.201138435716491131e+02
2.728090425901717140e+02
3.316832929347490335e+02
3.978966557103153718e+02
4.074620578310780274e+02
4.276512722946946496e+02
3.801220248529542687e+02
3.320972081745847504e+02
4.491375942113202200e+02
4.542281250251727442e+02
4.764585701184714708e+02
4.650120882158442441e+02
3.080906428624771252e+02
2.630327191596632019e+02
3.613076764918350818e+02
3.613076764918350818e+02
4.355890018271256849e+02
3.269944144837172644e+02
4.394671124139408676e+02
4.250442531055105064e+02
4.250442531055105064e+02
4.250442531055105064e+02
3.847067257744458857e+02
4.017499145614168015e+02
4.017499145614168015e+02
4.017499145614168015e+02
3.492273167277176640e+02
3.492273167277176640e+02
3.963894963229697055e+02
3.963894963229697055e+02
3.592510779540774593e+02
3.592510779540774593e+02
3.592510779540774593e+02
3.516269241824230676e+02
3.952936934568690504e+02
4.025254285771380864e+02
4.368856245368944542e+02
4.368856245368944542e+02
3.549593267727722150e+02
3.810242417841670317e+02
4.459677348559565075e+02
2.836813355179299379e+02
2.734593313356656381e+02
4.348390971829726936e+02
4.044243651390830792e+02
4.075710489424498633e+02
4.223361970504705596e+02
4.696032075109783364e+02
3.887131175801283689e+02
4.951909305974356243e+02
5.057653131398908499e+02
4.074070761285443041e+02
4.074070761285447020e+02
4.074070761285443041e+02
4.483854545366964430e+02
4.498704974852735177e+02
3.454095031130061102e+02
3.841935463534092605e+02
3.350272357127635132e+02
3.350272357127635132e+02
3.350272357127635132e+02
3.376976970071706319e+02
3.376976970071707456e+02
4.349550493602925485e+02
3.292559210492638044e+02
4.557516885772112687e+02
2.646985571981159637e+02
2.864796913703190739e+02
4.766293122038684942e+02
4.446044893207612176e+02
3.709455055344092216e+02
3.951693995322482351e+02
4.876644790476090066e+02
3.947410598237758563e+02
3.947410598237758563e+02
4.576166734831878102e+02
4.223439806999975872e+02
3.883839073118371630e+02
4.548655827255204258e+02
4.635303710168196289e+02
3.605091909908201728e+02
3.435828739823239744e+02
3.128059047268826021e+02
3.424502659953164994e+02
3.102333784195146791e+02
3.203045441830576010e+02
3.226590759408207987e+02
2.854185840127827305e+02
3.179249685644670080e+02
3.229744922413009363e+02
3.133756341925973743e+02
2.579252670074008620e+02
2.698508006021967276e+02
3.466420473254127614e+02
4.490783466443864427e+02
4.906433977633400332e+02
4.170188181999629933e+02
3.927840749944105596e+02
4.634350059974726719e+02
4.770036103038419242e+02
3.118811176627438044e+02
3.236152952658217146e+02
4.419798228763601173e+02
4.055798145537781920e+02
3.919955910874126630e+02
3.902139508053614918e+02
4.561031843588591528e+02
4.116063604328485894e+02
4.841413812802626353e+02
4.248131590518963208e+02
3.940995800353007894e+02
4.379834238242538618e+02
4.843967510506422514e+02
3.844993087900635373e+02
3.923089391629662259e+02
3.671217728436888024e+02
3.279702559733326552e+02
3.312560036316432956e+02
3.223087880219486578e+02
2.944895329390738539e+02
3.143480077650492035e+02
2.946408926931047745e+02
2.305291957506197207e+02
4.995474961889642600e+02
2.474207669577840534e+02
2.943588919914315625e+02
4.335028332068982309e+02
4.996492366360149617e+02
3.859605037224416151e+02
3.550653629711255235e+02
4.025795889559113903e+02
4.025795889559113903e+02
4.025795889559113903e+02
4.025795889559113903e+02
4.586606091331913717e+02
4.456659404802962854e+02
3.577495595865879636e+02
3.887577668343288337e+02
4.665427878190587307e+02
4.276450310818198659e+02
3.984169469935860093e+02
3.485681400224627282e+02
3.485681400224627282e+02
3.237638819701563762e+02
4.767054989337578945e+02
4.055798145537781920e+02
3.971251754201686595e+02
4.046057663634032906e+02
3.685108878716025060e+02
3.390556096721292079e+02
4.161227695852719535e+02
4.141928377601820443e+02
3.793660294711157803e+02
3.793660294711157803e+02
3.553815608190741955e+02
3.389207844108983636e+02
3.620347553971552657e+02
3.620347553971552657e+02
3.380900960602907048e+02
4.291937322022689614e+02
4.016012948978915347e+02
3.487361823097409115e+02
3.343341745030352854e+02
3.450490596903752589e+02
3.387628241264171152e+02
3.929509262434428365e+02
3.168279090468519144e+02
4.095507319355348272e+02
4.095507318405975639e+02
3.029575861831392558e+02
4.125618482321617648e+02
4.615018257095669014e+02
3.914542011589356889e+02
3.404764361769857715e+02
4.529120220973154005e+02
4.686468224006533774e+02
3.730434635152028022e+02
3.730434635152028022e+02
3.401337512483709133e+02
3.208253808746092659e+02
2.851554356220207751e+02
2.851554356220207751e+02
2.961132168507407982e+02
5.156508622144131095e+02
3.372947099877049482e+02
3.372947099877049482e+02
3.483196792414086076e+02
3.483196792414086076e+02
3.415066293032022031e+02
3.743363189977545744e+02
4.345457711417494693e+02
4.768311674359759991e+02
4.590349832655047067e+02
3.677169466171613408e+02
4.732106115999031886e+02
3.732492486892414263e+02
4.059960338174265075e+02
3.578323768286001609e+02
2.813619211443432278e+02
4.025709173050001937e+02
4.381273175955121246e+02
4.381273175955134889e+02
3.362068104809043803e+02
3.362068104809043234e+02
3.598037245387757253e+02
3.278603807516450956e+02
3.278603807516450956e+02
3.340614637393375688e+02
3.625065181680292881e+02
4.062474684834998584e+02
3.708597327964039891e+02
3.931837353602489316e+02
4.479816189402644682e+02
4.041905227268459271e+02
3.422892733094246864e+02
4.264171448496525727e+02
4.210104677733677363e+02
3.296601806920213562e+02
2.754303761554658649e+02
4.009103719522169058e+02
3.020315423513055748e+02
2.135408550520066626e+02
3.663311109974810620e+02
4.209125247060460424e+02
2.936462982700170414e+02
3.412239165695900169e+02
3.360516323611448115e+02
3.360516323611448115e+02
3.650345993646643592e+02
2.284577271878060003e+02
3.428328604126089090e+02
2.792069360493612180e+02
2.974348973123562132e+02
3.255164197146139031e+02
2.769624051751861771e+02
2.860593188587613440e+02
3.214676473440325708e+02
3.898099907506632462e+02
4.935783879063877180e+02
5.115295305703716622e+02
5.359187418165362260e+02
3.031254319423334778e+02
4.490710224616083792e+02
4.775420604509864688e+02
3.282064562988763896e+02
4.152057945004503381e+02
3.932965014513297319e+02
3.031254319423334778e+02
3.344083149596030466e+02
3.344083149596030466e+02
3.344083149596030466e+02
2.557208258264873564e+02
3.199690729477879358e+02
3.199690729477879358e+02
3.199690733518669958e+02
3.935609925978413912e+02
3.935609925978413912e+02
3.935609925978413912e+02
4.291318885668451344e+02
4.291318885668451344e+02
4.291318885668451344e+02
4.293192360493997057e+02
4.293192360493997057e+02
4.293192360493997057e+02
4.293192371389848745e+02
4.950921051224260054e+02
4.950921061643675216e+02
4.950921051224260054e+02
4.950921051224260054e+02
4.950921061643675216e+02
4.950921051224260054e+02
3.182037489260319489e+02
3.341047645734825551e+02
3.341047645734825551e+02
3.135453351315036343e+02
3.135453351315045438e+02
3.208779712879497197e+02
3.401860430433379747e+02
3.484400786534932308e+02
3.401860430433379747e+02
3.401860430433379747e+02
3.932068088819895024e+02
3.857464403547617167e+02
3.069047137989616090e+02
3.069047137989616090e+02
3.957309591070602437e+02
4.665502752803195676e+02
4.001090874473878785e+02
4.001090874473878785e+02
3.031254319423334778e+02
4.878667535853529671e+02
2.736461055996733194e+02
4.440212286517970028e+02
4.440212286517970028e+02
4.037243704065062957e+02
2.727450412913083255e+02
3.277849617242393379e+02
3.393582460825597309e+02
4.189893610083231579e+02
3.732492486892414263e+02
4.301821756827828267e+02
4.010212252776084370e+02
4.010212252776084370e+02
4.010212252776084370e+02
4.010212252776084370e+02
4.010212252776076980e+02
4.010212252776076980e+02
3.116572891595641863e+02
4.278814525052671343e+02
4.278814525052668500e+02
4.104556954490305998e+02
4.233396006178089692e+02
4.104556954490305998e+02
4.233396006178089692e+02
4.233396006178089692e+02
4.233396006178089692e+02
4.233396006178089692e+02
3.732492486892414263e+02
4.599052490180586119e+02
4.148845099139066406e+02
4.090996676663710900e+02
4.310169598457765119e+02
3.753393052130901424e+02
4.470324244446572379e+02
4.440174149638605172e+02
4.500954177408624446e+02
4.619690125686486226e+02
4.168012656579707027e+02
4.026291252316935925e+02
2.838385160856050788e+02
4.385870855659553627e+02
3.534590389267772252e+02
4.675016887804600287e+02
4.685177487150798470e+02
4.302568958901741212e+02
4.283408064607876895e+02
4.338746150998676399e+02
4.180090696673440789e+02
4.043070586906322319e+02
3.913227550507259025e+02
3.913227550507259025e+02
3.639895439900589622e+02
3.844748947830653947e+02
4.241094648150596527e+02
3.799444312792350615e+02
3.561529238604920238e+02
3.093146442010326496e+02
3.245559573849596973e+02
3.684020447305907737e+02
3.502111273463422094e+02
3.832889656874905313e+02
5.420672331881569335e+02
3.456558400421247370e+02
3.524583691126716190e+02
3.316149139129336731e+02
4.123996363781117793e+02
2.819652312763132613e+02
3.456558400421249644e+02
4.366587556500625169e+02
3.609562509396061500e+02
3.026584359359269456e+02
3.149793333311502010e+02
3.149793333311502010e+02
4.150037348180849790e+02
3.681635311585386034e+02
3.788817111253766825e+02
2.426937415424400797e+02
3.904357424534779852e+02
3.241298046299364159e+02
3.763648803017036357e+02
3.710978105882837212e+02
3.147740709145876963e+02
2.766111412925325794e+02
4.697517756908762863e+02
4.166667537184940784e+02
5.015001939842503589e+02
4.329929661439416009e+02
3.561579539114040358e+02
3.561579539114053432e+02
4.019491889665679878e+02
3.067511979809577269e+02
4.864972733250515375e+02
4.628982241733379510e+02
3.487216602438766699e+02
5.093235333841960255e+02
4.541190231212266895e+02
4.178211937972285455e+02
5.212881574937227924e+02
3.112837424607672574e+02
3.217488153315638328e+02
2.928215842012695589e+02
3.537315602520907305e+02
3.537315602520907305e+02
5.169592400022802394e+02
5.465805130045735041e+02
4.655651286166696536e+02
3.778177858409804912e+02
3.778177858409804912e+02
5.178387107432693028e+02
3.453335657178362226e+02
3.515613746896646035e+02
3.315164303414784399e+02
2.668559459955548050e+02
3.380984069859329111e+02
2.807837989881844578e+02
3.546393195640957856e+02
3.546393195640957856e+02
3.546393195640957856e+02
4.045762152131919720e+02
3.314841961274345294e+02
3.797394239424205011e+02
3.362781350950417050e+02
4.145541088692536960e+02
3.569266584783030112e+02
4.025335503914382684e+02
2.833696981656404432e+02
4.166193523181057117e+02
3.342689286187710991e+02
3.032879222535480039e+02
3.168426631079482831e+02
3.385134532977893969e+02
3.380395606177917216e+02
2.141350573914008351e+02
2.697307117714980222e+02
3.064240923420329636e+02
3.064240923420334184e+02
3.064240923420329636e+02
2.992046125087264841e+02
2.992046125087273367e+02
4.008914174110528847e+02
3.945999852337292282e+02
2.452051146039015066e+02
3.397191375056868310e+02
3.707321796942770789e+02
4.885389262612980019e+02
3.501459845703404881e+02
3.769803461717850155e+02
4.122251962917626429e+02
1.954230789699638535e+02
3.222800742655846875e+02
3.222800742655846875e+02
3.511464665050054350e+02
2.974056057405371121e+02
3.531238690826133393e+02
2.863343015367709654e+02
4.731791570793407118e+02
4.753997225840508349e+02
4.439660543642640960e+02
5.030490012909741608e+02
4.905160965939828088e+02
4.755900164335455997e+02
4.561391126403668181e+02
4.733303587565412727e+02
4.470227047862657059e+02
5.024443288279863395e+02
2.950074757911697816e+02
3.610647847973509670e+02
4.437504163679762428e+02
4.541695969751615962e+02
2.505321754422707272e+02
4.778878222591672511e+02
3.876107644678046427e+02
4.796512603650843403e+02
4.138343147264546928e+02
4.765640210750359529e+02
4.168916888832353607e+02
4.798836964869267376e+02
3.618714604965499007e+02
4.402489474827269760e+02
3.896637974223564811e+02
3.071950354403567758e+02
5.021199375595364245e+02
3.319596765802935465e+02
4.917632971325441531e+02
3.746490876479238636e+02
4.828445209713739246e+02
4.526558533341938073e+02
2.988266362827743023e+02
3.323306539396486983e+02
3.323306539396486983e+02
4.182736540520465951e+02
3.399648503241427875e+02
