1.169681104504568054e+02
1.121385240428792542e+02
1.124473718542740812e+02
1.131218857584061652e+02
1.166960232083152391e+02
1.122185611742117999e+02
1.126735324627523482e+02
1.131397486533787884e+02
1.124549786256418997e+02
1.124432090870274266e+02
1.123815066698785188e+02
1.127430099990497894e+02
1.162140657220953699e+02
1.131886806184704568e+02
1.137790128228430007e+02
1.135401091954703645e+02
1.160521563188380725e+02
1.121970598608295830e+02
1.127940293398256699e+02
1.145013112518187341e+02
1.144783259667706972e+02
1.172038719646061224e+02
1.122354766296933235e+02
1.121661216359279081e+02
1.141538068013267662e+02
1.136071047390043418e+02
1.132421685741866781e+02
1.124459510553137704e+02
1.121990785962518089e+02
1.120223519555894143e+02
1.124463358513636280e+02
1.124463358513636280e+02
1.159389580433819873e+02
1.122671775541484323e+02
1.122671775541484323e+02
1.125804146199050564e+02
1.127308325296557854e+02
1.133341479038031565e+02
1.131226834838095954e+02
1.125659223229753252e+02
1.133229634655142064e+02
1.125795444140976116e+02
1.131715574809172580e+02
1.122887395982805003e+02
1.160988723485240968e+02
1.132379782938647281e+02
1.120968608977115508e+02
1.122936957549920294e+02
1.122814580453525792e+02
1.139516272912192676e+02
1.144751234347347690e+02
1.127319604224951064e+02
1.157521530232848761e+02
1.135014310734676997e+02
1.121212064120281298e+02
1.123340586748037140e+02
1.123560953803128086e+02
1.125804146199050564e+02
1.121094672105688375e+02
1.125656483659189462e+02
1.125406022724358905e+02
1.133099291168319809e+02
1.134010559227429553e+02
1.134010559227429553e+02
1.127500970673636118e+02
1.124193628861206093e+02
1.127197672373665114e+02
1.122012912447432740e+02
1.127947977697480439e+02
1.119102344945030296e+02
1.123855315190866548e+02
1.129771300696618397e+02
1.123004110674496303e+02
1.120049222081718767e+02
1.132964559182880748e+02
1.129869467614005885e+02
1.146020528319309477e+02
1.132458386894723645e+02
1.132664309950359467e+02
1.126656808847770321e+02
1.128263650053909402e+02
1.143100782445362000e+02
1.128880793592197875e+02
1.130340921728734855e+02
1.139322764880133008e+02
1.136078303631241084e+02
1.127263485891449051e+02
1.134671426820365099e+02
1.139191754809345127e+02
1.137690090517857300e+02
1.152463913742609378e+02
1.128857705772949629e+02
1.121678018465988345e+02
1.124327552615311134e+02
1.125413794916923393e+02
1.125413794916923393e+02
1.126031200857171655e+02
1.124436438019694577e+02
1.123892955735352643e+02
1.124120671439895460e+02
1.133402600923823940e+02
1.121691561790658653e+02
1.127130457880858359e+02
1.121970598608295830e+02
1.129204991629400894e+02
1.121350668209411339e+02
1.131668687866310989e+02
1.136847781570094327e+02
1.121139759341941300e+02
1.129644850136638183e+02
1.134940211159129291e+02
1.146092313347213292e+02
1.124713147820356909e+02
1.130404608753273266e+02
1.133803030685957651e+02
1.142245981932154706e+02
1.139875427449230187e+02
1.125133821914165964e+02
1.122768281223389977e+02
1.124327552615311134e+02
1.143915402737496407e+02
1.140614415682922527e+02
1.123892955735352643e+02
1.125758439127919246e+02
1.123211891076126960e+02
1.123211891076126960e+02
1.135928277980870575e+02
1.151222845829077244e+02
1.125572339323246212e+02
1.133981160460807871e+02
1.129503365874132896e+02
1.142150695002654004e+02
1.152615239875655959e+02
1.136903812383353056e+02
1.144182491159954367e+02
1.124667584400112048e+02
1.124317496619770083e+02
1.143993268770057909e+02
1.143993268770057909e+02
1.152765768835187714e+02
1.128982002699500100e+02
1.142351293655682980e+02
1.125998959147101459e+02
1.129187009266684640e+02
1.128208990298300307e+02
1.128208990298300307e+02
1.140582059349715962e+02
1.132318516099766441e+02
1.126762389832842359e+02
1.127051917342933649e+02
1.129187009266684640e+02
1.125699972410941569e+02
1.130831480150943378e+02
1.126030580681696165e+02
1.129501123372714773e+02
1.123843306991247317e+02
1.127894121618515300e+02
1.126762389832842359e+02
1.131824494037394828e+02
1.131539998897066965e+02
1.135431604568398853e+02
1.128362261115867966e+02
1.136417796641218843e+02
1.136974734959210878e+02
1.129278612088650107e+02
1.131721476446885077e+02
1.131297009469265618e+02
1.123908061012726165e+02
1.121730350980265598e+02
1.124192391876044326e+02
1.139422614717197177e+02
1.149584760457386352e+02
1.136238957527234419e+02
1.130961592571076295e+02
1.124955238467549634e+02
1.121412687491710471e+02
1.121642101587562337e+02
1.121843723795475256e+02
1.126110089986453318e+02
1.121000239714986719e+02
1.153995218876631554e+02
1.144742345625961377e+02
1.127129252962805452e+02
1.134840285012623156e+02
1.133077788051822807e+02
1.154095568608004072e+02
1.171635697069856121e+02
1.140277169233027621e+02
1.230869360314281948e+02
1.126133412293073377e+02
1.126432912007437182e+02
1.125893890966747222e+02
1.120399714974511198e+02
1.120399714974511198e+02
1.124500973303236435e+02
1.124500973303236435e+02
1.122723067481339569e+02
1.123905045110405609e+02
1.123905045110405609e+02
1.126139613067387870e+02
1.130254575011717293e+02
1.120109133105751908e+02
1.126945143096399988e+02
1.153701091821300793e+02
1.141253290767926671e+02
1.133363500742999150e+02
1.138877143903192319e+02
1.128930730026898317e+02
1.136773129725953879e+02
1.135960451456685689e+02
1.122804060647502098e+02
1.142622736694415266e+02
1.120738174300603873e+02
1.119454007877355792e+02
1.119454007877355792e+02
1.119454007877355792e+02
1.122932528749430219e+02
1.121160918736359662e+02
1.121160918736359662e+02
1.121160918736359662e+02
1.123126233061987165e+02
1.123126233061987165e+02
1.141027840238750599e+02
1.120548145392121313e+02
1.133172703313280181e+02
1.132923564512809520e+02
1.122995614653344063e+02
1.122995614653343779e+02
1.121525616311624418e+02
1.128780422011746509e+02
1.122580333416389351e+02
1.122580333416389351e+02
1.137964366467392949e+02
1.130606064612215960e+02
1.135013397786984228e+02
1.121338700272302304e+02
1.152255143744400101e+02
1.121008892108511787e+02
1.121008892108511219e+02
1.136845627524080413e+02
1.156110775165039399e+02
1.139024290331027487e+02
1.140449374784518000e+02
1.179777667092493658e+02
1.227573973969220589e+02
1.133107528022499650e+02
1.145956877105221423e+02
1.118825959513279571e+02
1.146980946957980194e+02
1.186828000754271812e+02
1.129051225965945235e+02
1.128857796470874746e+02
1.182039943716607837e+02
1.118446464854669387e+02
1.123919598393660948e+02
1.152023829626479881e+02
1.148271182881047849e+02
1.129774076270975200e+02
1.138005205384059764e+02
1.122173181233752217e+02
1.137415534050700359e+02
1.136793656986405381e+02
1.155790175874503092e+02
1.123232348570670212e+02
1.185956816556757758e+02
1.139281128843115880e+02
1.122133546108321411e+02
1.124387467920149817e+02
1.126207022142164078e+02
1.129480968367928284e+02
1.128886076885585936e+02
1.135454610976434537e+02
1.245392629167346144e+02
1.129692352842149177e+02
1.207857683092789500e+02
1.132694598458990498e+02
1.129203801324355254e+02
1.232951582023696488e+02
1.123113953166951262e+02
1.124291442475652190e+02
1.136718333630467015e+02
1.216603780052668355e+02
1.131030830314758475e+02
1.140325670424774387e+02
1.135799496679922242e+02
1.153990750011189732e+02
1.134421453038135184e+02
1.134421453038135184e+02
1.140180612922588210e+02
1.128557787368119847e+02
1.129993519420983858e+02
1.149977465321818499e+02
1.127812686339079988e+02
1.147062610979660491e+02
1.147062610979660491e+02
1.141183372503689668e+02
1.136906919002101830e+02
1.136847715491050934e+02
1.183881277448076759e+02
1.136237360363683564e+02
1.138565052067018684e+02
1.153341665420557547e+02
1.142431362995708071e+02
1.133315800228746895e+02
1.122667250953681730e+02
1.119542232620240867e+02
1.119542232620240867e+02
1.119542232620240867e+02
1.124353507948662525e+02
1.135980802822288354e+02
1.125200684860024154e+02
1.122175316003889947e+02
1.130671043720627864e+02
1.123693685658931400e+02
1.123693685658931400e+02
1.122295952907737160e+02
1.124936709367570415e+02
1.125669052867638840e+02
1.130111025770186757e+02
1.122869373048629313e+02
1.122869373048629313e+02
1.126566733285662281e+02
1.123256451577082800e+02
1.128567575056200667e+02
1.141905417506004454e+02
1.146996579973700676e+02
1.121934814272923262e+02
1.136061430890737824e+02
1.126466518120585221e+02
1.131238477236628626e+02
1.134859374260269220e+02
1.131364471165439625e+02
1.123362066829566857e+02
1.123581456198796502e+02
1.123553940015141137e+02
1.123666978561466010e+02
1.122929207099691240e+02
1.122467863453948098e+02
1.120522952838214508e+02
1.148055211179799926e+02
1.120406642402332693e+02
1.123674751434574546e+02
1.121349689255759330e+02
1.122156470897679696e+02
1.142070077820694394e+02
1.128170614094113375e+02
1.126668564975318105e+02
1.159227089413797955e+02
1.168415832730762105e+02
1.176734743157748824e+02
1.158375208782645842e+02
1.163543118652184489e+02
1.131203412562782376e+02
1.126896922255527329e+02
1.134703059497597764e+02
1.120225902984987556e+02
1.126185721376989335e+02
1.123525927130635012e+02
1.130541373244362120e+02
1.123771103191954239e+02
1.122374033122414971e+02
1.131686084744560787e+02
1.141730906037933835e+02
1.121934814272923262e+02
1.118698075425828193e+02
1.127660276865285311e+02
1.119548692164593859e+02
1.119548692164593859e+02
1.119548692164593859e+02
1.135278700519851185e+02
1.122282612402806450e+02
1.125429660208867375e+02
1.124096667801680667e+02
1.129999180435457049e+02
1.129987721425400622e+02
1.127539539413894403e+02
1.135571908299095583e+02
1.128274823766397361e+02
1.125126803030575360e+02
1.124055994609454530e+02
1.126001211628422425e+02
1.120548360859179127e+02
1.120050647874175951e+02
1.120050647874175951e+02
1.120050647874175951e+02
1.120050647874175951e+02
1.133269774725279291e+02
1.123261235357537089e+02
1.129998756268934272e+02
1.119719411162896563e+02
1.119722342575437608e+02
1.125323513815683185e+02
1.129863861232778817e+02
1.131788410535156686e+02
1.121138500037771308e+02
1.121138500037771308e+02
1.128274823766397361e+02
1.121905331429338162e+02
1.119845516393544642e+02
1.119845516393544642e+02
1.120822276056101430e+02
1.120822276056101430e+02
1.120822276056101288e+02
1.120822276056101430e+02
1.120822276056101430e+02
1.129054274075303539e+02
1.129054274075303539e+02
1.121138500037771308e+02
1.126488066185079475e+02
1.120383062038708601e+02
1.120383062038708601e+02
1.121411469304819946e+02
1.183570350288948845e+02
1.125516521193450075e+02
1.122429686323914382e+02
1.134800384496138719e+02
1.126840688400733370e+02
1.126459028109573381e+02
1.153448271916491166e+02
1.142346226373410900e+02
1.151071426270697202e+02
1.127614329496702794e+02
1.127614329496702794e+02
1.127614329496702794e+02
1.127614329496702794e+02
1.127614329496702794e+02
1.158432349217656991e+02
1.136753138062869226e+02
1.123289609681939680e+02
1.123289609681939680e+02
1.123289609681939680e+02
1.156443671013001904e+02
1.128963963358499996e+02
1.136223101422618811e+02
1.136223101422618811e+02
1.136223101422618811e+02
1.131854329523247458e+02
1.131731787092396502e+02
1.131731787092396502e+02
1.118586850961926871e+02
1.136201412720403567e+02
1.139392879612349390e+02
1.142554618378425175e+02
1.122728762550845829e+02
1.128250698532988849e+02
1.130602552037737496e+02
1.130602552037737354e+02
1.130602552037737354e+02
1.136043820080071356e+02
1.127465007662915468e+02
1.127465007662915468e+02
1.127465007662915468e+02
1.127465007662915468e+02
1.127465007662915468e+02
1.130166599671541405e+02
1.156258495522361756e+02
1.136201412720403567e+02
1.139326139512590856e+02
1.122642724275203392e+02
1.122845039136449969e+02
1.123051072110375372e+02
1.131681751591470260e+02
1.143607153342994565e+02
1.143607153342994565e+02
1.139840556728646419e+02
1.219144698613846742e+02
1.156762998069022217e+02
1.132504227048589343e+02
1.134627494226808722e+02
1.132214237566159341e+02
1.125404428528106280e+02
1.132335871587812761e+02
1.148109815808758754e+02
1.130578052073652202e+02
1.131320865790822410e+02
1.134940211159129291e+02
1.126503994064219256e+02
1.122696661816420374e+02
1.125326419593979494e+02
1.138392736063876072e+02
1.128223097019668302e+02
1.133972439724555983e+02
1.133417348725772484e+02
1.127688601778010167e+02
1.127130457880858359e+02
1.128725719673832231e+02
1.137159554966827955e+02
1.140010476618063251e+02
1.124897335224274855e+02
1.126655794775900716e+02
1.184253078108460926e+02
1.158214072037837354e+02
1.144719497604310021e+02
1.177207429975950674e+02
1.134598702128743213e+02
1.163732528923637091e+02
1.130459770797882868e+02
1.125813247392745353e+02
1.139251254420448305e+02
1.134198631990485779e+02
1.134809145668992016e+02
1.141643164157623858e+02
1.138779645337923370e+02
1.264370779241817218e+02
1.128515690926033699e+02
1.123971528259353789e+02
1.123971528259353789e+02
1.123971528259353789e+02
1.128944532019975497e+02
1.260695030571166910e+02
1.300044324862690530e+02
1.331052734732599276e+02
1.181095771990517846e+02
1.143408624520495493e+02
1.126451488551478803e+02
1.144790120261316702e+02
1.119834333962573538e+02
1.140101569306719966e+02
1.134486000964732284e+02
1.166138610762276073e+02
1.132174509104438584e+02
1.138650628501387416e+02
1.121976275793674915e+02
1.121976275793674915e+02
1.121290434418977213e+02
1.119207703604836155e+02
1.122735378261676544e+02
1.124993020360978875e+02
1.120818363941966851e+02
1.120818363941966851e+02
1.133945663068381862e+02
1.125069668088304127e+02
1.125069668088304127e+02
1.126297756897697724e+02
1.123793007058102802e+02
1.151290530257723788e+02
1.119499816860575265e+02
1.119499816860575265e+02
1.122300187045960485e+02
1.119028497290698994e+02
1.119028497290698994e+02
1.119028497290698994e+02
1.127878249638019383e+02
1.122027189795430360e+02
1.121459575965546094e+02
1.121959072435337248e+02
1.131153250569562942e+02
1.133578583267004376e+02
1.126620487931095766e+02
1.126496180223737440e+02
1.142807796210170181e+02
1.132768190949836367e+02
1.132580956427710532e+02
1.137465667560692992e+02
1.132267257687660020e+02
1.123223448967227824e+02
1.119834713474805596e+02
1.119834713319199295e+02
1.119834713319199295e+02
1.119834713319199295e+02
1.228970140314238364e+02
1.147119359468237292e+02
1.127996609256651936e+02
1.124475002475307548e+02
1.124211183360765034e+02
1.127539539413894403e+02
1.139297866553263106e+02
1.121955961918039719e+02
1.125611101457272980e+02
1.136382358001266937e+02
1.121856330195838041e+02
1.124360526435294503e+02
1.120210430717563668e+02
1.120210430717563668e+02
1.125711941722462512e+02
1.125711941722462512e+02
1.119025337044659238e+02
1.124668700949194573e+02
1.123984895204999503e+02
1.128696993467911653e+02
1.131226804755917641e+02
1.123710995254344027e+02
1.123710995254344027e+02
1.123710995254344027e+02
1.122012649524107815e+02
1.122012649524107815e+02
1.122012649524107815e+02
1.130889545491601638e+02
1.128742051635474581e+02
1.122713715513148429e+02
1.128497399840419462e+02
1.123344721851579067e+02
1.120412473839547687e+02
1.129642109009674869e+02
1.145513508296059939e+02
1.150299702147832619e+02
1.154439431494834309e+02
1.166389626645164554e+02
1.170504017897405760e+02
1.151735609163441154e+02
1.123610951160555373e+02
1.127434171964754768e+02
1.128600692443857696e+02
1.121913961963945354e+02
1.121913961963945354e+02
1.125184610662888218e+02
1.124608833461219035e+02
1.141499581370752452e+02
1.127921837042342759e+02
1.120550231608095686e+02
1.120518860611209107e+02
1.117627706833622767e+02
1.117627706833622767e+02
1.117627706833622767e+02
1.132944001518405628e+02
1.136531141443438599e+02
1.134322006955068218e+02
1.147586290905066164e+02
1.132439348059208299e+02
1.132100180878888835e+02
1.162332658411814634e+02
1.277918918686740142e+02
1.133768272165599882e+02
1.213280186116854225e+02
1.176865191513991391e+02
1.136123312872128963e+02
1.130473775302130548e+02
1.159710375359149452e+02
1.131762342530668946e+02
1.125352697095193690e+02
1.132029042667663532e+02
1.137312016691758885e+02
1.140868894035225196e+02
1.273255482787376138e+02
1.147628315953764542e+02
1.151488213689486031e+02
1.122515261642403885e+02
1.120037096099013212e+02
1.132305705231720907e+02
1.127261693617422225e+02
1.138785847301421512e+02
1.148004532623302225e+02
1.146155986107858951e+02
1.126552944613808194e+02
1.124204096420204877e+02
1.206861948745331574e+02
1.123350146890696379e+02
1.118631563419214103e+02
1.122195299415717500e+02
1.122252065148992273e+02
1.129342253186731568e+02
1.131771289819573241e+02
1.121848489257755688e+02
1.126750956978563352e+02
1.131265803520582836e+02
1.122619562773859343e+02
1.145407761648573342e+02
1.132002572489739407e+02
1.144894151980583956e+02
1.136783251457499944e+02
1.135574435937634519e+02
1.134274326953605510e+02
1.123943466580660413e+02
1.121436179458399920e+02
1.131260065549257234e+02
1.122572954638163196e+02
1.122572954638163196e+02
1.122572954638163196e+02
1.122961584251944913e+02
1.121526504994107398e+02
1.169126620035377471e+02
1.176911803394023366e+02
1.134448275845013683e+02
1.145715473222756344e+02
1.123531722609499326e+02
1.120680256364790779e+02
1.124628138359625495e+02
1.125284295382563897e+02
1.131790464340023306e+02
1.130215783623783778e+02
1.136818442048472377e+02
1.136818442048472377e+02
1.118571960131985321e+02
1.118571960131985321e+02
1.118571960131985321e+02
1.130421291419684735e+02
1.126760698698906964e+02
1.123737873875381297e+02
1.128782925159414958e+02
1.157471606304231386e+02
1.130606524674953732e+02
1.130606524674953732e+02
1.130806116206558016e+02
1.128762798959879632e+02
1.132694688158862988e+02
1.123015735414000744e+02
1.138394824329488983e+02
1.121209455549309979e+02
1.168823739662907712e+02
1.173441995704288843e+02
1.161954093801240617e+02
1.142136935089874044e+02
1.156594449093720698e+02
1.157516131114613245e+02
1.145865949318326784e+02
1.123314041934792584e+02
1.131955120734301801e+02
1.122549370598489276e+02
1.124120671439895460e+02
1.131641378953083716e+02
1.127918890520136586e+02
1.123797025611754066e+02
1.132168632329310043e+02
1.121711687041282204e+02
1.132881034580073703e+02
1.128876060156629393e+02
1.124282963642821755e+02
1.137636409734076466e+02
1.132858355612841450e+02
1.124043536628324063e+02
1.122100527907341956e+02
1.124548292790033486e+02
1.244797076845108563e+02
1.135394374510684798e+02
1.134834171127615576e+02
1.134834171127615576e+02
1.134834171127615576e+02
1.144371379485522482e+02
1.134647648992334581e+02
1.134647648992334581e+02
1.134647648992334581e+02
1.226188643282006154e+02
1.123000996430094602e+02
1.135690313120525587e+02
1.128248986345200819e+02
1.126696971369170228e+02
1.135881063995656888e+02
1.128876060156629393e+02
1.124226647579663734e+02
1.132707591580178246e+02
1.138512845114935743e+02
1.125941108495150615e+02
1.125842006652763132e+02
1.150011823582766510e+02
1.121835947488972636e+02
1.119866007438147619e+02
1.128186883410536439e+02
1.131155414274595472e+02
1.129494482876647652e+02
1.126915128519308666e+02
1.133658364665956100e+02
1.117384700325905840e+02
1.117384700325905840e+02
1.120950623081225785e+02
1.119068631549575059e+02
1.124067189225778378e+02
1.140484700467108041e+02
1.141724531109086769e+02
1.134593757197567498e+02
1.151093587163551319e+02
1.192621752938014481e+02
1.119444578337010512e+02
1.119444578337010512e+02
1.119444578337010512e+02
1.146543259574083322e+02
1.135188528373078611e+02
1.131291460160197744e+02
1.131019222893618092e+02
1.128807372325711071e+02
1.127610800715730335e+02
1.130765616447391722e+02
1.150156368616930962e+02
1.144183625617830842e+02
1.158533470168061257e+02
1.184743011302934264e+02
1.169678804819523776e+02
1.127737019266666607e+02
1.119013939972645488e+02
1.142137810648650600e+02
1.129240672734493813e+02
1.158078344099611456e+02
1.131599930583008700e+02
1.126878735498649036e+02
1.133702827544170617e+02
1.140631023319946991e+02
1.119331378007113642e+02
1.119331378007113642e+02
1.119331378007113642e+02
1.120043147906369398e+02
1.121953791022094293e+02
1.121953791022094293e+02
1.121430545065764761e+02
1.121430545065764761e+02
1.126022947387303645e+02
1.127204681064087453e+02
1.127204681064087453e+02
1.129962748588128534e+02
1.127651892880836613e+02
1.131143734345373844e+02
1.131627499041631353e+02
1.119391576191907660e+02
1.119391576191907660e+02
1.122794485645106022e+02
1.122794485645106022e+02
1.122794485645106590e+02
1.129551355099735162e+02
1.119399391525438574e+02
1.119399391525438574e+02
1.119399391525438574e+02
1.126945019084724890e+02
1.130701619162869491e+02
1.122050058970695972e+02
1.120871424819040243e+02
1.137470090268277545e+02
1.130779243616819656e+02
1.120838173218278797e+02
1.141450500091605562e+02
1.180667779232989005e+02
1.129296085910583116e+02
1.120583800712234677e+02
1.120583800712234677e+02
1.119548651545818103e+02
1.119548651545818103e+02
1.119548651545818103e+02
1.122404885583598002e+02
1.126396564841385981e+02
1.125174395167381647e+02
1.122102410305588336e+02
1.122329746711602638e+02
1.122329746711602638e+02
1.122329746711602638e+02
1.126709044377145261e+02
1.119102344945030296e+02
1.119102344945030296e+02
1.121385240428792542e+02
1.122904520706388496e+02
1.119630747413303595e+02
1.119630747413303595e+02
1.119630747413303595e+02
1.119630747413303595e+02
1.119630747413303595e+02
1.119028497290698994e+02
1.119028497290698994e+02
1.128931042218769250e+02
1.125951786896033440e+02
1.122537259460090979e+02
1.122537259460090979e+02
1.122537259460090979e+02
1.128774854118735789e+02
1.120649742651128236e+02
1.135027384078548778e+02
1.120225659002700240e+02
1.124346946774861635e+02
1.144036625443168447e+02
1.125822184525575125e+02
1.127548745148618679e+02
1.140113105647008638e+02
1.140923111630522584e+02
1.126951615797831749e+02
1.129308261456724694e+02
1.123477713651461727e+02
1.127200526377695695e+02
1.138170499051669537e+02
1.126457976067310938e+02
1.132637926660147087e+02
1.131520310298847534e+02
1.137325025306301853e+02
1.124022109524543112e+02
1.124022109524543112e+02
1.124022109524543112e+02
1.124022109524543112e+02
1.124022109524543112e+02
1.124022109524543112e+02
1.136394590723568285e+02
1.136394590723568285e+02
1.174279271469985133e+02
1.130612095711557004e+02
1.132744265383637696e+02
1.129993519420983858e+02
1.121149335801014928e+02
1.132655988207049660e+02
1.142516164559813916e+02
1.126931086568642399e+02
1.130814628542512139e+02
1.130814628542511997e+02
1.131845412921641270e+02
1.119500506090136867e+02
1.119500506090136867e+02
1.119500506090136867e+02
1.119500506090136867e+02
1.116167886923969661e+02
1.116167886923969661e+02
1.127267799589322408e+02
1.129436127858965477e+02
1.124325320895434857e+02
1.123771103191954239e+02
1.129192782731477109e+02
1.122896342622701269e+02
1.119449381174417653e+02
1.119449381174417653e+02
1.119449381174417653e+02
1.119449381174417653e+02
1.119449381174417653e+02
1.119449381174417653e+02
1.122021534600666541e+02
1.122021534600666541e+02
1.143146251026368958e+02
1.120457782509320879e+02
1.120457782509320879e+02
1.120457782509320879e+02
1.132912370160455282e+02
1.126775751357191524e+02
1.125080008355077297e+02
1.123960149508137221e+02
1.123960149508137221e+02
1.123547279851729570e+02
1.122553723781710033e+02
1.123303472552967008e+02
1.132960827150313179e+02
1.123033482509525385e+02
1.139297316651355771e+02
1.120838173218278797e+02
1.120838173218278797e+02
1.128409467986480337e+02
1.127050104961034975e+02
1.125758439127919246e+02
1.125792056398551466e+02
1.126269477116184561e+02
1.122269016371342900e+02
1.122269016371342900e+02
1.141428184813691615e+02
1.126414143397777821e+02
1.126348299744838073e+02
1.128071017706380559e+02
1.141340842916283833e+02
1.126985938353803363e+02
1.127878731186344510e+02
1.127646335414103902e+02
1.122383756530120138e+02
1.130814628542512139e+02
1.134809145254669289e+02
1.122383756530120138e+02
1.122800113389174896e+02
1.122800113389174896e+02
1.122800113389174896e+02
1.122800113389174896e+02
1.123315600138709698e+02
1.123315600138709698e+02
1.125488235593010415e+02
1.125488235593010415e+02
1.125488235593010415e+02
1.122516388654024695e+02
1.119834122524867013e+02
1.127646335414103902e+02
1.122383756530120138e+02
1.122383756530120138e+02
1.122383756530119285e+02
1.127313629987814210e+02
1.127313629987814210e+02
1.123018906338160576e+02
1.122942982206083826e+02
1.116167886923969661e+02
1.116167886923970087e+02
1.116167886923970087e+02
1.116167886923970087e+02
1.116167886923970087e+02
1.116167886923970087e+02
1.116167886923969661e+02
1.123188407463148337e+02
1.122430721481325691e+02
1.167680249476359364e+02
1.126545797811063636e+02
1.123600711495671618e+02
1.133355131001212328e+02
1.160573088894373228e+02
1.128700515116214405e+02
1.134082870039098339e+02
1.138491047609625610e+02
1.258332082106072107e+02
1.126191032589389920e+02
1.198774209672759525e+02
1.125595723616704760e+02
1.126470384892670467e+02
1.186693413143541704e+02
1.146987061077838206e+02
1.122084196185938794e+02
1.120514717361395185e+02
1.120514717361395185e+02
1.121901163376060850e+02
1.121901163376060850e+02
1.121901163376060993e+02
1.121631880852564649e+02
1.120926935237360595e+02
1.120926935237360595e+02
1.144189058951046007e+02
1.123565028762820788e+02
1.132150300434093992e+02
1.118825959513279571e+02
1.118825959513279571e+02
1.141109861256282585e+02
1.202796132893574423e+02
1.136154684406671436e+02
1.120270523424812126e+02
1.145293522199422824e+02
1.159203405353239731e+02
1.145416953039023440e+02
1.128383848427785523e+02
1.131335396675797398e+02
1.120859278046449674e+02
1.121366301401876626e+02
1.121779102205866110e+02
1.121779102205866394e+02
1.121779102205866110e+02
1.119892603966398497e+02
1.119892603966398497e+02
1.119892603966398497e+02
1.133392199956545596e+02
1.137086703498398208e+02
1.124252361943594423e+02
1.124252361943593712e+02
1.121371140192361651e+02
1.124944724847771198e+02
1.124944724847771198e+02
1.124944724847771198e+02
1.122140078951526476e+02
1.122140078951526476e+02
1.128251652766792006e+02
1.128251652766791722e+02
1.128251652766791722e+02
1.128251652766791722e+02
1.144765510273916362e+02
1.144765510273916362e+02
1.122603344106012031e+02
1.122603344106012031e+02
1.120194577533365958e+02
1.120194577533365958e+02
1.120194577533365958e+02
1.122101666483059859e+02
1.122101666483059859e+02
1.138560182675822432e+02
1.127480973118806418e+02
1.127480972807226607e+02
1.127480973118806418e+02
1.127375860712263318e+02
1.127375860712263318e+02
1.118398500114965373e+02
1.118398500114965373e+02
1.123964746115191105e+02
1.123964746115191105e+02
1.123964746115191105e+02
1.127459017367129803e+02
1.127459017367129803e+02
1.127459017367129803e+02
1.145530190706052167e+02
1.121589863123533490e+02
1.120897733455683607e+02
1.127500807386343098e+02
1.125474349442788196e+02
1.127572245755273599e+02
1.120374490221773982e+02
1.142637323235433513e+02
1.130047939650196014e+02
1.129716167309049695e+02
1.134454557955771890e+02
1.121746775846000617e+02
1.129397214719575970e+02
1.142642761735855430e+02
1.138560182362490281e+02
1.141662352810722041e+02
1.132142383315992760e+02
1.132246836637053207e+02
1.123536267461266220e+02
1.123536267461266220e+02
1.127824462705530237e+02
1.124021623046910889e+02
1.138077290450750780e+02
1.122591138716975934e+02
1.122591138716975934e+02
1.122591138716975934e+02
1.127315044587561488e+02
1.122063826900420196e+02
1.122063826900420196e+02
1.122063826900420196e+02
1.120457782509320879e+02
1.120457782509320879e+02
1.129794156419883819e+02
1.129794156419883819e+02
1.122416781982745846e+02
1.122416781982745846e+02
1.122416781982745846e+02
1.121693188405642019e+02
1.132884579463961643e+02
1.134952920723920471e+02
1.127123032016827722e+02
1.127123032016827722e+02
1.122846345837895825e+02
1.132703013593446570e+02
1.127375860712263318e+02
1.126686703522312598e+02
1.126117109091877069e+02
1.128058802599028922e+02
1.129772113266882343e+02
1.134126783522416275e+02
1.133183972721121506e+02
1.131377536750856194e+02
1.120323563036189398e+02
1.145190520273999368e+02
1.169833969931001292e+02
1.122369544983913840e+02
1.122369544983914125e+02
1.122369544983913840e+02
1.130772124834581120e+02
1.129155048909303503e+02
1.121318870477563934e+02
1.121582819613597763e+02
1.118683885475172133e+02
1.118683885475172133e+02
1.118683885475172133e+02
1.126909319623325842e+02
1.126909319623325985e+02
1.133205885354570910e+02
1.120203422700495111e+02
1.152548141403565864e+02
1.134795064068392492e+02
1.130934676541215396e+02
1.244160728747732065e+02
1.140231582886955977e+02
1.125782624409063430e+02
1.134906564289793778e+02
1.146881904848182359e+02
1.123387822937700946e+02
1.123387822937700946e+02
1.258765194124019615e+02
1.141316166360617359e+02
1.137851791603514471e+02
1.200500971777250072e+02
1.185668161400348737e+02
1.131348290536863175e+02
1.143498916979889941e+02
1.152929162451121243e+02
1.143251599407226564e+02
1.153958634912636114e+02
1.150869518080484539e+02
1.151849051900798457e+02
1.122776915729766785e+02
1.125161670834345955e+02
1.117385275198587635e+02
1.121842504142366863e+02
1.134929046647567361e+02
1.129576110424148823e+02
1.133135711533504946e+02
1.132317081731343649e+02
1.136783251457500086e+02
1.140928196816075939e+02
1.137235886980982542e+02
1.143651212183010273e+02
1.141935579611924112e+02
1.121241799077472194e+02
1.120340202098928302e+02
1.137441848411064598e+02
1.128672860221270753e+02
1.152320698737973999e+02
1.151248249953870442e+02
1.138172386392763258e+02
1.122766438778866132e+02
1.224290325873164704e+02
1.150663251628168950e+02
1.141463058501981607e+02
1.142675850713407186e+02
1.145480282079731325e+02
1.133865812064502876e+02
1.139437419987427376e+02
1.138745003796296515e+02
1.141187990464072470e+02
1.128671755313528138e+02
1.132706663404983658e+02
1.124809591305420327e+02
1.122735811486142126e+02
1.126456746080013147e+02
1.132728146336599195e+02
1.233558539819809283e+02
1.127502726422951582e+02
1.123942804664764452e+02
1.126761466354179220e+02
1.234954304514451451e+02
1.127938339446632341e+02
1.121970598608295830e+02
1.121816555917433931e+02
1.121816555917433931e+02
1.121816555917433931e+02
1.121816555917433931e+02
1.137448836749479995e+02
1.133626768964730331e+02
1.153121509646964569e+02
1.138050391674017732e+02
1.140612620085636877e+02
1.128555350494552130e+02
1.124488368198544634e+02
1.121975305183316038e+02
1.121975305183316038e+02
1.164720741557985519e+02
1.142720009967322596e+02
1.128672860221270753e+02
1.124486539415315747e+02
1.135368715450306780e+02
1.122438961615646775e+02
1.127529417281053981e+02
1.130394608403753693e+02
1.134890702030813685e+02
1.123887915358951091e+02
1.123887915358951091e+02
1.124972703171761452e+02
1.127581308292177340e+02
1.123896297284049410e+02
1.123896297284049410e+02
1.126480847820380262e+02
1.127647815851078263e+02
1.129635712780696366e+02
1.141874679645848687e+02
1.124041136597342785e+02
1.124875626517643923e+02
1.126306639797652167e+02
1.118656823242199039e+02
1.122556455897089052e+02
1.119788847025639171e+02
1.119788847025639313e+02
1.123888358625968067e+02
1.118531814978381931e+02
1.134068994107815342e+02
1.128262556796870655e+02
1.121155347957123638e+02
1.140210925591410813e+02
1.143139808016426429e+02
1.126064374738159870e+02
1.126064374738159870e+02
1.119796060276529204e+02
1.122027189795430786e+02
1.125233666045027547e+02
1.125233666045027547e+02
1.125103997537469809e+02
1.207286100814594931e+02
1.122283319493969884e+02
1.122283319493969884e+02
1.121290776630338399e+02
1.121290776630338399e+02
1.122776235013541850e+02
1.127554287522690970e+02
1.136262612903202438e+02
1.147901391388919592e+02
1.132119520419361578e+02
1.121691561790658653e+02
1.144619070226470541e+02
1.118825959513279571e+02
1.134129516002167009e+02
1.129948168508483661e+02
1.126682647315087280e+02
1.123322173079672268e+02
1.126595677663018478e+02
1.126595677663018620e+02
1.122203418767135190e+02
1.122203418767134906e+02
1.124322910682222272e+02
1.121304534870039333e+02
1.121304534870039333e+02
1.123171765794567278e+02
1.122809467588559613e+02
1.135000979488133908e+02
1.125548971784324550e+02
1.134637331538575040e+02
1.158924652380209182e+02
1.149264949498265196e+02
1.133053358831336652e+02
1.129634541056113051e+02
1.132048939875047040e+02
1.134450477339209584e+02
1.127782336790126152e+02
1.128163135769729166e+02
1.133106831915327462e+02
1.142180099975333292e+02
1.126417016712152019e+02
1.128766978838089017e+02
1.123326929664778930e+02
1.133512042859579623e+02
1.166355877230599560e+02
1.166355877230599560e+02
1.138515608978414235e+02
1.137511427022729151e+02
1.125165123720865523e+02
1.125902485000259929e+02
1.122310584464582206e+02
1.117989926984184592e+02
1.125634271506268931e+02
1.124089338726869869e+02
1.120968608977115508e+02
1.134253119321009251e+02
1.131002096842340023e+02
1.148816266039562208e+02
1.189691044752057962e+02
1.128002619400756572e+02
1.133646925977272275e+02
1.134264623940689631e+02
1.142136935089874044e+02
1.131779245483684377e+02
1.160120933009092283e+02
1.128002619400756572e+02
1.123234144592274077e+02
1.123234144592274077e+02
1.123234144592274220e+02
1.129112033840513902e+02
1.120944560867702648e+02
1.120944560867702648e+02
1.120944561197756002e+02
1.119980211406386985e+02
1.119980211406386985e+02
1.119980211406386985e+02
1.125074169666822854e+02
1.125074169666822854e+02
1.125074169666822854e+02
1.127187752993651912e+02
1.127187752993651912e+02
1.127187752993651912e+02
1.127187753609813967e+02
1.134707152178833809e+02
1.134707150588777296e+02
1.134707152178833809e+02
1.134707152178833809e+02
1.134707150588777296e+02
1.134707152178833809e+02
1.121378330827598688e+02
1.121239832150518794e+02
1.121239832150518794e+02
1.122678481207659189e+02
1.122678481207658905e+02
1.119154255434301177e+02
1.123637004268135655e+02
1.127493623659471922e+02
1.123637004268135655e+02
1.123637004268135655e+02
1.127245208870303799e+02
1.127679087663362338e+02
1.119826699668401631e+02
1.119826699668401631e+02
1.125490861690259408e+02
1.137224790397701639e+02
1.131612854768793568e+02
1.131612854768793568e+02
1.128002619400756572e+02
1.130944405900887091e+02
1.130728464784737923e+02
1.133175298503569053e+02
1.133175298503569053e+02
1.130824625302554836e+02
1.128304619358659693e+02
1.131175270663694903e+02
1.121686642078754943e+02
1.167991297738595051e+02
1.118825959513279571e+02
1.132156875421889168e+02
1.117384700325905840e+02
1.117384700325905840e+02
1.117384700325905840e+02
1.117384700325905840e+02
1.117384700325906266e+02
1.117384700325906266e+02
1.120950623081225785e+02
1.126879805973967734e+02
1.126879805973967734e+02
1.118180398443161465e+02
1.119068631549575059e+02
1.118180398443161465e+02
1.119068631549575059e+02
1.119068631549575059e+02
1.119068631549575059e+02
1.119068631549575059e+02
1.118825959513279571e+02
1.129349755691058732e+02
1.160085062897272365e+02
1.144976874184525428e+02
1.127476785567302926e+02
1.133921373894808227e+02
1.133293975395615973e+02
1.171017805792848918e+02
1.172080611895653135e+02
1.153572017389414697e+02
1.124299047667726228e+02
1.129298298497401447e+02
1.127542502624974077e+02
1.135431604568398853e+02
1.173041786872369983e+02
1.256419583058617349e+02
1.305625240341366862e+02
1.132884187087742021e+02
1.131944333147731498e+02
1.134863708432714162e+02
1.128383848427785523e+02
1.134529216155260087e+02
1.131233302730654344e+02
1.131233302730654344e+02
1.127233121435266554e+02
1.128317389100826631e+02
1.150445844106837683e+02
1.120137693111323784e+02
1.134063156524463096e+02
1.144602953618288552e+02
1.136398735984125352e+02
1.139109358785735111e+02
1.122724150894249533e+02
1.125163698814623814e+02
1.197890103383684419e+02
1.120376567979316889e+02
1.122019556086129768e+02
1.120637849890502338e+02
1.120295250050346425e+02
1.126885448180135967e+02
1.120376567979317173e+02
1.128097306967939346e+02
1.257133645321724060e+02
1.131011493666889578e+02
1.125897746042564904e+02
1.125897746042564904e+02
1.130145866684000993e+02
1.134333693345871268e+02
1.135475214099313916e+02
1.141902585044133787e+02
1.121099406657539106e+02
1.117714792919501576e+02
1.121217610707281267e+02
1.122304372529449950e+02
1.122205077872908134e+02
1.125634615848925080e+02
1.149055168028364875e+02
1.149457583221593495e+02
1.188437134102166937e+02
1.176199727252334384e+02
1.129540701363570605e+02
1.129540701363571316e+02
1.128764989015875955e+02
1.128133093356037904e+02
1.130316697449888181e+02
1.137870606244029403e+02
1.139640252485351795e+02
1.140189664678389931e+02
1.291938216958333214e+02
1.130240428045533463e+02
1.325977774603112209e+02
1.121330133794504036e+02
1.118046342786937402e+02
1.190899130511580495e+02
1.132332689512074637e+02
1.132332689512074637e+02
1.158426535491510094e+02
1.183860862702587298e+02
1.171320413971222933e+02
1.152944573387959224e+02
1.152944573387959224e+02
1.181653992692287858e+02
1.145337474360168954e+02
1.158846786402535258e+02
1.155206229050901499e+02
1.159831663204519003e+02
1.123448038519534151e+02
1.131952557728607474e+02
1.124100290459226699e+02
1.124100290459226699e+02
1.124100290459226699e+02
1.149172728691370509e+02
1.127050877632114378e+02
1.130753061997108517e+02
1.123777534904020428e+02
1.131108445450964552e+02
1.123520506920843900e+02
1.125875906169054161e+02
1.162775472033367379e+02
1.135852132984599194e+02
1.120281586430368606e+02
1.142918597480684042e+02
1.137140882512676967e+02
1.225999907222220884e+02
1.121474625968374568e+02
1.154207724745395609e+02
1.127305198452370263e+02
1.129272059100683805e+02
1.129272059100683379e+02
1.129272059100683805e+02
1.134015753140559184e+02
1.134015753140559184e+02
1.143495254536846772e+02
1.139191754809345127e+02
1.193238632596983564e+02
1.127472180009769431e+02
1.135137000859947563e+02
1.145031153999173767e+02
1.121181288594727192e+02
1.126213614250299173e+02
1.139744914233010888e+02
1.173581587866953271e+02
1.119831667293749575e+02
1.119831667293749575e+02
1.121449498554047040e+02
1.119292405893830278e+02
1.123427577577977985e+02
1.125024518625650245e+02
1.137444912988758148e+02
1.156024434777904730e+02
1.136242656944392309e+02
1.195783349540511153e+02
1.177906672243744026e+02
1.176736785747966962e+02
1.129883345127371541e+02
1.162550751829125630e+02
1.137365701223642702e+02
1.248622219105224929e+02
1.212849725271278629e+02
1.134147268895222567e+02
1.146789614684256549e+02
1.147314727365523197e+02
1.151625397239564279e+02
1.149946252492794230e+02
1.160378673173268140e+02
1.174853960045748806e+02
1.123148385210234892e+02
1.168467357588557007e+02
1.124201447239301785e+02
1.144609378960834363e+02
1.140332524151610016e+02
1.126667929805655888e+02
1.129310224775886269e+02
1.131562641894785912e+02
1.144429040393399362e+02
1.153191979021660671e+02
1.135294409256908779e+02
1.124896457233418801e+02
1.328021370282457383e+02
1.175928419417515443e+02
1.120926269418356185e+02
1.120500551207588131e+02
1.120500551207588131e+02
1.144244529552070162e+02
1.127583655018307667e+02
