9.323008974417943762e+01
9.323008974417943762e+01
9.323008974417943762e+01
9.323008974417943762e+01
9.323008974417943762e+01
9.323008974417943762e+01
9.314684934141389760e+01
9.323008974417943762e+01
9.323008974417943762e+01
9.314684934141389760e+01
9.299964301063708660e+01
9.323008974417943762e+01
9.281701912243765662e+01
9.281701912243765662e+01
9.281701912243765662e+01
9.323008974417943762e+01
9.299964301063708660e+01
9.323008974417943762e+01
9.323008974417943762e+01
9.323008974417943762e+01
9.323008974417943762e+01
9.323008974417943762e+01
9.323008974417943762e+01
9.323008974417943762e+01
9.299964301063708660e+01
9.323008974417943762e+01
9.307029168810073827e+01
9.314684934141389760e+01
9.323008974417943762e+01
9.281701912243765662e+01
9.281701912243765662e+01
9.281701912243765662e+01
9.281701912243765662e+01
9.323008974417943762e+01
9.307029168810073827e+01
9.307029168810073827e+01
9.307029168810073827e+01
9.314684934141389760e+01
9.314684934141389760e+01
9.323008974417943762e+01
9.323008974417943762e+01
9.323008974417943762e+01
9.323008974417943762e+01
9.323008974417943762e+01
9.323008974417943762e+01
9.323008974417943762e+01
9.323008974417943762e+01
9.323008974417943762e+01
9.323008974417943762e+01
9.323008974417943762e+01
9.307029168810073827e+01
9.323008974417943762e+01
9.323008974417943762e+01
9.323008974417943762e+01
9.323008974417943762e+01
9.314684934141389760e+01
9.299964301063708660e+01
9.307029168810073827e+01
9.323008974417943762e+01
