5.637201338569071822e+02
8.629500568124938127e+02
6.871347113111316958e+02
7.230851447624513639e+02
6.710236142191473618e+02
5.854268567864841089e+02
5.474713050835820241e+02
6.589498904373961068e+02
7.567550611056844900e+02
5.096513594139612451e+02
5.635870454894999284e+02
6.313373163417617207e+02
6.711047674378525016e+02
6.711047674378525016e+02
6.711047674378525016e+02
8.046229490519083356e+02
5.564011816695110610e+02
7.986521746810593640e+02
5.925724889962293673e+02
5.920769622497895170e+02
4.979073922854888110e+02
6.139429050607002409e+02
6.753500243067467181e+02
6.282222543771356413e+02
5.888171729399515471e+02
5.739147570605177862e+02
5.235634925453541655e+02
7.607134217664367952e+02
4.741349984700028131e+02
6.915036748408926996e+02
6.915036748408926996e+02
6.915036748408926996e+02
6.513896092696566029e+02
6.561286017325079456e+02
6.445410449019328780e+02
6.445410449019328780e+02
6.445410449019328780e+02
7.817520954424487627e+02
7.817520954424487627e+02
5.881434921168903429e+02
7.159389215491055438e+02
6.701282327457206520e+02
6.329164167493717059e+02
5.871463682468519210e+02
6.069591379129079769e+02
6.766555945525353764e+02
6.419315907256910805e+02
6.031341146601743048e+02
6.135763949026828641e+02
5.636424824433129288e+02
5.193984591377245579e+02
6.656791299110184355e+02
6.187761436490301321e+02
5.746980643017632246e+02
5.687114868402554748e+02
7.607134217664367952e+02
5.112781591788361766e+02
4.367229713671422360e+02
5.305218619226722012e+02
