4.856195898942561939e+01
5.051400526052851347e+01
4.627701420704337210e+01
5.058588572850757004e+01
4.596380350474002086e+01
4.516418083015378215e+01
4.189315151705573470e+01
4.294285679931428490e+01
4.260714845693951247e+01
2.568891900771926018e+01
2.611069000370510551e+01
5.123977190103138923e+01
4.041499735887992983e+01
4.041499735887992983e+01
4.041499735887992983e+01
4.041499735887992983e+01
3.352859268090939082e+01
3.152623881999999966e+01
1.964815653000000140e+01
5.953741807651273632e+01
5.462662971721430694e+01
3.002439482079189759e+01
3.543083900226755389e+01
3.022279336585507181e+01
3.314365221172561604e+01
3.360638520999999912e+01
4.815839875250483715e+01
4.414962307259302321e+01
4.345390778820043920e+01
4.345390778820043920e+01
4.345390778820043920e+01
4.183897350588841846e+01
3.199156446428206735e+01
4.678485143938274149e+01
4.678485143938274149e+01
4.678485143938274149e+01
3.829281442995785056e+01
3.829281442995785056e+01
5.898995047203760578e+01
2.853568558696762736e+01
2.472725222613269125e+01
2.687419998865908255e+01
6.620582995297398554e+01
3.368444879999999841e+01
4.534684669364803966e+01
5.791742828084854722e+01
4.856195898942564071e+01
5.160853481305324664e+01
4.266282587466258747e+01
4.762809695746952343e+01
6.359235772481805782e+01
5.478848631000000324e+01
5.374910776481112151e+01
4.414962307259302321e+01
3.100183034806374494e+01
4.156965348783941039e+01
4.397413617206902359e+01
