4.858769485632514318e+01
5.027463747102669345e+01
4.654978744808642688e+01
5.069687561350740168e+01
4.578392101889385657e+01
4.514643035645359959e+01
4.147843378079118537e+01
4.252813906304973557e+01
4.221716066671646672e+01
2.737518967769756273e+01
2.779696067368340806e+01
5.158453380169571290e+01
4.001740168845371670e+01
4.001740168845371670e+01
4.001740168845371670e+01
4.001740168845371670e+01
3.343900916377362620e+01
3.199988933743738073e+01
1.968619617993904924e+01
6.034936493631349919e+01
5.497139161787863060e+01
2.991453709083519996e+01
3.553345609349246814e+01
3.018789445397406013e+01
3.361730272916300066e+01
3.545577675926602268e+01
4.765695806819214653e+01
4.583221449666437763e+01
4.305631211777422607e+01
4.305631211777422607e+01
4.305631211777422607e+01
4.144137783546220533e+01
3.190598426259328591e+01
4.689584132438257313e+01
4.689584132438257313e+01
4.689584132438257313e+01
3.875237646946642656e+01
3.875237646946642656e+01
5.911812121279383803e+01
2.848130066765113355e+01
2.513514385085500891e+01
2.856047065863738510e+01
6.639980713036879933e+01
3.391317217040739251e+01
4.433631005732222974e+01
5.749123598964540349e+01
4.838639272805843206e+01
5.218471042795993498e+01
4.265603342740457293e+01
4.712665627315683281e+01
6.373631459472300520e+01
5.495413545206803718e+01
5.408976729775641701e+01
4.583221449666437763e+01
3.147548086550112600e+01
4.097830048922195800e+01
4.347269548775585690e+01
