8.432713535646570335e+00
8.432713535646570335e+00
8.432713535646568559e+00
8.331354030846750192e+00
8.432713535646568559e+00
8.432713535646570335e+00
8.392470641472531412e+00
8.392470641472531412e+00
8.432713535646570335e+00
8.310748781030673271e+00
8.310748781030673271e+00
8.392480852526471580e+00
8.253596147348829959e+00
8.253596147348829959e+00
8.253596147348829959e+00
8.253596147348829959e+00
8.432713535646570335e+00
8.359255978367357898e+00
8.432713535646570335e+00
8.432655959042952176e+00
8.392480852526471580e+00
8.432701057053337834e+00
8.432674261019510453e+00
8.432713535646570335e+00
8.359255978367357898e+00
8.432686739653256325e+00
8.359247468245534662e+00
8.312789606486925109e+00
8.253596147348829959e+00
8.253596147348829959e+00
8.253596147348829959e+00
8.253596147348829959e+00
8.432713535646570335e+00
8.331354030846750192e+00
8.331354030846750192e+00
8.331354030846750192e+00
8.392478448979955985e+00
8.392478448979955985e+00
8.432686739510012686e+00
8.432708234246851120e+00
8.432713535646570335e+00
8.310748781030673271e+00
8.432713535646570335e+00
8.432713535646570335e+00
8.432713535646570335e+00
8.432701057151003710e+00
8.432701057151003710e+00
8.432691013549234782e+00
8.432713535646570335e+00
8.359247468245534662e+00
8.432701057151003710e+00
8.432701057151003710e+00
8.432713535646570335e+00
8.312789606486925109e+00
8.359255978367357898e+00
8.432713535646554348e+00
8.359247468245872170e+00
