1.771959680858849993e+02
2.162642792129314273e+02
3.256514864524230575e+02
2.934169125055877316e+02
3.520154281664812288e+02
3.178337603107754603e+02
2.895125648972509680e+02
2.787767378399466907e+02
3.334692125940707115e+02
2.953764239362976127e+02
3.930432507242375095e+02
3.920671638221533044e+02
3.676244236377197012e+02
3.676244236377197012e+02
3.676244236377197012e+02
3.676244236377197012e+02
5.102289933898067602e+02
4.047602445789239596e+02
2.084482463697164007e+02
1.986890706473071759e+02
1.801298731202464012e+02
4.477312100158745238e+02
4.272283051768085329e+02
3.959551428789744705e+02
3.988969499726882191e+02
2.289613109993782700e+02
4.008260801976533116e+02
1.254441715598529186e+02
3.481171570644817166e+02
3.481171570644817166e+02
3.481171570644817166e+02
3.539659086722169263e+02
4.467613318747099811e+02
4.555353897700609309e+02
1.771970969515067509e+02
5.366070459241369690e+02
5.053423501184661291e+02
5.082706108247186876e+02
1.908679579087942386e+02
3.412615392592286412e+02
2.690102244909959381e+02
2.875620843915152705e+02
2.631390278254078225e+02
2.318782830494131701e+02
2.348172679790725113e+02
2.514079231504493350e+02
2.582535134196889430e+02
2.133388406707332479e+02
2.406901579430932543e+02
4.008260801976533116e+02
3.881543497216533183e+02
2.191840734270207349e+02
2.240938584436076155e+02
