2.555831064232281591e+01
2.555831064232281591e+01
2.555831064232281591e+01
2.555831064232281591e+01
2.555831064232281591e+01
2.555831064232281591e+01
2.555831064232281591e+01
2.555831064232281591e+01
2.555831064232281591e+01
2.555831064232281591e+01
2.555831064232281591e+01
2.555831064232281591e+01
2.555829844924401328e+01
2.555829844924401328e+01
2.555829844924401328e+01
2.555829844924401328e+01
2.555831064232281591e+01
2.555831064232281591e+01
2.555831064232281591e+01
2.555831064232281591e+01
2.555831064232281591e+01
2.555831064232281591e+01
2.555831064232281591e+01
2.555831064232281591e+01
2.555831064232281591e+01
2.555831064232281591e+01
2.555830657337833500e+01
2.555831064232281591e+01
2.555830250902132050e+01
2.555830250902132050e+01
2.555830250902132050e+01
2.555831064232281591e+01
2.555831064232281591e+01
2.555831064232281591e+01
2.555831064232281591e+01
2.555831064232281591e+01
2.555831064232281591e+01
2.555831064232281591e+01
2.555831064232281591e+01
2.555831064232281591e+01
2.555831064232281591e+01
2.555831064232281591e+01
2.555831064232281591e+01
2.555831064232281591e+01
2.555831064232281591e+01
2.555831064232281591e+01
2.555831064232281591e+01
2.555831064232281591e+01
2.555831064232281591e+01
2.555830657337833500e+01
2.555831064232281591e+01
2.555831064232281591e+01
2.555831064232281591e+01
