2.303905266669168270e+02
2.301395125178191847e+02
2.301401232315277525e+02
2.302443805035298681e+02
2.303561948950168414e+02
2.301421496840065686e+02
2.301411691241786457e+02
2.301796094544530149e+02
2.301382358218172328e+02
2.301773677420612785e+02
2.301559139173151038e+02
2.301490535886697728e+02
2.303089457680304406e+02
2.301939469989576992e+02
2.302082907774809257e+02
2.302152147350813323e+02
2.304060413565910324e+02
2.301411949362782252e+02
2.301521450107259739e+02
2.303146757584063380e+02
2.301774396040646593e+02
2.301341966156216756e+02
2.301421496840065686e+02
2.301830267475266965e+02
2.302678382824408345e+02
2.301755863691299453e+02
2.301795595857234673e+02
2.301342047016100878e+02
2.301500843911276490e+02
2.301470744172582670e+02
2.301546415130137007e+02
2.301546415130137007e+02
2.302371681053560621e+02
2.301366741644876583e+02
2.301366741644876583e+02
2.301773677420612785e+02
2.301637795919558016e+02
2.301962366840652123e+02
2.301521070860499094e+02
2.301375573048592003e+02
2.301894968844387108e+02
2.301423107344905361e+02
2.301616383156115546e+02
2.301405466349726510e+02
2.301401027755149187e+02
2.302878243437831713e+02
2.301791824492194962e+02
2.301384015200195847e+02
2.301421178871456164e+02
2.301989696723186114e+02
2.301340715277705442e+02
2.301534744768361804e+02
2.301462242593883332e+02
2.301964414429818646e+02
2.301341260938588960e+02
2.301490673306532244e+02
2.301737761541844520e+02
2.301773677420612785e+02
2.301374387297932174e+02
2.301382180771381059e+02
2.301343068811130195e+02
2.301428729379895231e+02
2.301340444607463667e+02
2.301340444607463667e+02
2.301585146734663851e+02
2.301772875418567708e+02
2.301671654010598616e+02
2.301343112712225434e+02
2.301555141943287026e+02
2.301395125178191847e+02
2.301401457683614922e+02
2.302442525673880596e+02
2.301354539342808323e+02
2.301420832771742369e+02
2.301379273934892922e+02
2.301573105483101358e+02
2.303091927081143808e+02
2.301647415009557562e+02
2.301773416343467602e+02
2.301976684352270865e+02
2.301384243310120326e+02
2.302358076641607170e+02
2.301590515986007404e+02
2.301414520197176898e+02
2.301407909034116699e+02
2.302373025008473348e+02
2.301538714640354613e+02
2.303010458038788215e+02
2.303567144657053802e+02
2.301441498860880301e+02
2.303420760110118692e+02
2.301795561863044099e+02
2.301511908295208286e+02
2.301343112712225434e+02
2.301687338875192665e+02
2.301687338875192665e+02
2.301351874518692568e+02
2.301421157216531697e+02
2.301441798684449225e+02
2.301546415130137007e+02
2.301537637253627508e+02
2.301389511575371216e+02
2.301677488664571740e+02
2.301411949362782252e+02
2.301343082288191795e+02
2.301394979101621345e+02
2.301354500230438020e+02
2.301534662850330335e+02
2.301395382783371133e+02
2.301505439842608212e+02
2.302003076132727699e+02
2.303162860202178592e+02
2.301435575117066890e+02
2.301637825077158368e+02
2.301667938555282547e+02
2.302593020608620975e+02
2.303327207635933291e+02
2.301391723129339937e+02
2.301366741644876583e+02
2.301343112712225434e+02
2.303695480415543386e+02
2.303326397919410340e+02
2.301441798684449225e+02
2.301667495838697164e+02
2.301340714436521182e+02
2.301340714436521182e+02
2.302223760829274397e+02
2.304055553584484244e+02
2.301772802549411381e+02
2.302111756442413366e+02
2.301677936204312971e+02
2.301739104903082875e+02
2.303366051567957413e+02
2.302435276249366893e+02
2.302711179650297311e+02
2.301346074872437555e+02
2.301521781191388243e+02
2.303072821082126609e+02
2.303072821082126609e+02
2.303933330697237523e+02
2.301380066904794148e+02
2.302739433480245168e+02
2.301377359997614178e+02
2.301528165279355278e+02
2.301428038217885046e+02
2.301428038217885046e+02
2.301562269259304117e+02
2.302092951726874333e+02
2.301635825332808452e+02
2.301453626469659355e+02
2.301528165279355278e+02
2.301716728516662442e+02
2.301727233341541705e+02
2.301579326268005445e+02
2.301561475916529105e+02
2.301460310364882673e+02
2.301341861461613405e+02
2.301635825332808452e+02
2.301873779826305793e+02
2.301819213049069788e+02
2.301807310126675077e+02
2.302093006764848155e+02
2.302201485305185997e+02
2.302685334682281280e+02
2.301796060536829032e+02
2.302500465266218441e+02
2.302500465266218441e+02
2.301558040823223052e+02
2.301344390331948091e+02
2.301558589614045900e+02
2.301340458673913076e+02
2.302878226787959761e+02
2.301677458158283969e+02
2.301490700898749822e+02
2.301394868223931098e+02
2.301571063696276269e+02
2.301571063696276269e+02
2.301611546939230095e+02
2.301572351042975981e+02
2.301357104003195673e+02
2.302750830168111804e+02
2.302046658755783142e+02
2.301712062741045486e+02
2.301939783375011075e+02
2.301411812013672318e+02
2.301830107177317757e+02
2.304840960332229827e+02
2.302999639647787546e+02
2.306573037046089780e+02
2.301800455129967986e+02
2.301968120621195908e+02
2.301671366816349291e+02
2.301449478393590766e+02
2.301449478393590766e+02
2.301341664903664821e+02
2.301341664903664821e+02
2.301360727559469694e+02
2.301382036241816706e+02
2.301382036241816706e+02
2.301444423528483298e+02
2.301340563827334336e+02
2.301340564988086044e+02
2.301471303521782090e+02
2.301369813902873602e+02
2.303221221896976942e+02
2.302455965098119748e+02
2.301733083149316315e+02
2.301584241886985183e+02
2.302170898069344958e+02
2.301593230745970402e+02
2.301351796805002152e+02
2.303022359336512181e+02
2.301341537389184566e+02
2.301364292291432037e+02
2.301364292291432037e+02
2.301364292291432037e+02
2.301375573048592003e+02
2.301375573048592003e+02
2.301375573048592003e+02
2.301375573048592003e+02
2.301379623199807156e+02
2.301379623199807156e+02
2.302714758457593973e+02
2.301341504033495369e+02
2.301464071721658513e+02
2.301575374283627866e+02
2.301383856071547882e+02
2.301383856071547882e+02
2.301342371252777355e+02
2.301822182666849415e+02
2.301368100402976324e+02
2.301368100402976324e+02
2.302116456737441865e+02
2.302059964663263258e+02
2.301691956807049735e+02
2.301441251030898911e+02
2.303281649372494257e+02
2.301350595134087769e+02
2.301350595134087769e+02
2.302244984579178322e+02
2.301351824919584601e+02
2.302100414698230963e+02
2.302766774394975187e+02
2.304588747300186355e+02
2.305876298818939460e+02
2.302043168512385023e+02
2.302611261279284633e+02
2.301428763252039005e+02
2.302980872133558137e+02
2.304847485701211269e+02
2.301875798446004637e+02
2.301496194326747968e+02
2.304492598656179325e+02
2.301358576020920736e+02
2.301375765140871010e+02
2.303527553066431039e+02
2.303493307586681453e+02
2.302170215819574537e+02
2.303215692914482133e+02
2.301348152796342390e+02
2.303181852371745038e+02
2.302865574106305075e+02
2.301340808983122201e+02
2.301344339536245229e+02
2.301437118159641102e+02
2.301951901242954932e+02
2.301597228869907781e+02
2.301343120251862047e+02
2.301848851769715623e+02
2.301391723129339937e+02
2.301452417581764678e+02
2.301926636361588123e+02
2.306650989418792790e+02
2.301547040272277513e+02
2.305515711205576963e+02
2.301847239989377272e+02
2.302383873586964569e+02
2.306166615188456603e+02
2.301344335312928138e+02
2.301378558563818046e+02
2.301340663933490305e+02
2.306144568455541730e+02
2.301464404671138198e+02
2.302931143985522340e+02
2.301698181102274816e+02
2.301383787726516346e+02
2.301977034495396595e+02
2.301977034495396595e+02
2.301341246842992518e+02
2.301687984952448289e+02
2.301546692186489054e+02
2.302402663935370413e+02
2.302045714814363748e+02
2.302577793647383828e+02
2.302577793647383828e+02
2.302388185231636726e+02
2.302004221710589036e+02
2.302147088695102184e+02
2.305516634860665874e+02
2.302538667213180190e+02
2.301959788667827809e+02
2.303636416905372073e+02
2.301435753634840466e+02
2.302328810476893182e+02
2.301446238683360548e+02
2.301347348709125242e+02
2.301347348709125242e+02
2.301347348709125242e+02
2.301400370128592101e+02
2.302178251771375415e+02
2.301377315034266928e+02
2.301349298344145780e+02
2.301625785463324121e+02
2.301496194326747968e+02
2.301496194326747968e+02
2.301344781848728474e+02
2.301351478689677208e+02
2.301544853597037559e+02
2.301553275078899503e+02
2.301444771701930279e+02
2.301444771701930279e+02
2.301808316943936177e+02
2.301737761541844520e+02
2.301407334066720978e+02
2.302500465266218441e+02
2.301374214383843082e+02
2.301354539342808323e+02
2.301344390331948091e+02
2.301869512038504979e+02
2.302388093127056834e+02
2.301990226329313032e+02
2.301796060536829032e+02
2.301435556473946633e+02
2.301340451660431370e+02
2.301366731154711829e+02
2.301360125743345577e+02
2.301571063696276269e+02
2.301436847587058310e+02
2.301342957111950227e+02
2.301449007285461335e+02
2.301407314512475750e+02
2.301407601618042520e+02
2.301809976083531524e+02
2.301347673289738509e+02
2.301598432974791990e+02
2.301791358428236265e+02
2.301340715277705442e+02
2.301608302370792956e+02
2.304589360300871022e+02
2.305275412196126013e+02
2.301341320441462415e+02
2.301809614205220100e+02
2.302374461251749551e+02
2.301667465661336109e+02
2.302466828743284566e+02
2.301340697640580117e+02
2.301737761541844520e+02
2.301435010298487782e+02
2.302118365380862031e+02
2.301349749000456200e+02
2.301354424759321660e+02
2.302388876102896518e+02
2.301358719678915179e+02
2.301354539342808323e+02
2.301384015200195847e+02
2.301391514559982170e+02
2.301511428204198637e+02
2.301511428204198637e+02
2.301511428204198637e+02
2.301511428204198637e+02
2.301389269152949453e+02
2.301350248852007212e+02
2.301441798684449225e+02
2.301809614205220100e+02
2.301697165286673510e+02
2.302069216451787383e+02
2.302910591719664524e+02
2.301911302967467350e+02
2.301352732962857317e+02
2.301386950217263632e+02
2.301374226160559715e+02
2.301357104003195673e+02
2.301342047016100878e+02
2.301342047016100878e+02
2.301342047016100878e+02
2.301342047016100878e+02
2.302403342571581675e+02
2.301436799881988975e+02
2.301637825077158368e+02
2.301349749000456200e+02
2.301351978664980891e+02
2.301597228869907781e+02
2.301810452468972414e+02
2.302220202488197742e+02
2.301687338875192665e+02
2.301687338875192665e+02
2.301911302967467350e+02
2.301500843911276490e+02
2.301500843911276490e+02
2.301500843911276490e+02
2.301703491286388612e+02
2.301703491286388612e+02
2.301703491286388612e+02
2.301703491286388612e+02
2.301703491286388612e+02
2.301490632713732225e+02
2.301490632713732225e+02
2.301687338875192665e+02
2.301932397535781547e+02
2.301341262934484178e+02
2.301341262934484178e+02
2.301342044963263618e+02
2.302883483831174942e+02
2.301597488582204107e+02
2.301611194982480697e+02
2.301901352979862168e+02
2.302094079452922983e+02
2.302094079452922983e+02
2.304038160325523847e+02
2.303145153559265168e+02
2.303325036261643959e+02
2.301434762478020843e+02
2.301434762478020843e+02
2.301434762478020843e+02
2.301434762478020843e+02
2.301434762478020843e+02
2.302894550408700525e+02
2.301666179029283796e+02
2.301362964422262110e+02
2.301362964422262110e+02
2.301362964422262110e+02
2.301562504852185782e+02
2.301931181237858368e+02
2.301676116866080406e+02
2.301676116866080406e+02
2.301676116866080406e+02
2.301881400323063360e+02
2.302055137499960722e+02
2.302055137499960722e+02
2.301346232761523254e+02
2.302266254638223302e+02
2.302280768134793334e+02
2.302528383943010510e+02
2.301523870244465968e+02
2.301722275320348956e+02
2.301739547867695705e+02
2.301739547867695705e+02
2.301739547867695705e+02
2.301925542559163489e+02
2.301440938494942827e+02
2.301440938494942827e+02
2.301440938494942827e+02
2.301440938494942827e+02
2.301440938494942827e+02
2.301829036998621802e+02
2.302511578722977674e+02
2.302266254638223302e+02
2.301545581505691302e+02
2.301401606035409202e+02
2.301401606035409202e+02
2.301401606035409202e+02
2.301356847963406267e+02
2.302792212092154500e+02
2.302792212092154500e+02
2.302002464591950286e+02
2.306289517441445014e+02
2.302018774142551081e+02
2.302326884892734711e+02
2.301990833636579339e+02
2.301667495838697164e+02
2.301366741644876583e+02
2.302282765506650435e+02
2.303588765814297403e+02
2.301894968844387108e+02
2.302029557408837377e+02
2.302003076132727699e+02
2.301677936204312971e+02
2.301441798684449225e+02
2.301441798684449225e+02
2.301977598708047594e+02
2.301773449729052743e+02
2.302388814685908187e+02
2.301762549256688999e+02
2.301677488664571740e+02
2.301677488664571740e+02
2.301658497739582288e+02
2.302210532082484633e+02
2.301809614205220100e+02
2.301448141537343304e+02
2.301350248852007212e+02
2.302402725623575748e+02
2.302862089704289588e+02
2.302863503007588122e+02
2.304770864937230499e+02
2.301912315927190775e+02
2.303610364897483294e+02
2.301555840368813506e+02
2.301564813371594198e+02
2.301423899083891342e+02
2.301449007285461335e+02
2.302071280122302710e+02
2.302299289225447865e+02
2.302846928853965665e+02
2.306451723972535603e+02
2.301352740947823463e+02
2.301354539342808323e+02
2.301354539342808323e+02
2.301354539342808323e+02
2.301435283219505550e+02
2.307506491768379817e+02
2.307814312315182690e+02
2.308015312282915374e+02
2.305100850059354798e+02
2.303529482283087759e+02
2.301600346968074859e+02
2.302910591719664524e+02
2.301355487884474087e+02
2.302977437402899739e+02
2.302878243437831713e+02
2.304669363378649507e+02
2.301647887065134626e+02
2.302180708236367366e+02
2.301384015200195847e+02
2.301384015200195847e+02
2.301354424759321660e+02
2.301341217442754328e+02
2.301501307316167981e+02
2.301428994438411451e+02
2.301359991565637984e+02
2.301359991565637984e+02
2.301806807013843468e+02
2.301411932874805757e+02
2.301411932874805757e+02
2.301647415009557562e+02
2.301417452112290505e+02
2.303421691999799918e+02
2.301354424759321660e+02
2.301354424759321660e+02
2.301414520197176898e+02
2.301511428204198637e+02
2.301511428204198637e+02
2.301511428204198637e+02
2.301511428204198637e+02
2.301344456029898424e+02
2.301349749000456200e+02
2.301350248852007212e+02
2.301809614205220100e+02
2.301352740947823463e+02
2.302070272089701461e+02
2.301612166999813098e+02
2.302545216966802570e+02
2.301366577522329351e+02
2.301572351042975981e+02
2.301740499218854552e+02
2.301505782547925492e+02
2.301490227119265057e+02
2.301360125743345577e+02
2.301360125743345577e+02
2.301360125743345577e+02
2.301360125743345577e+02
2.306771454591506654e+02
2.303491776692370081e+02
2.301819663260627067e+02
2.301391292190803881e+02
2.301755863691299453e+02
2.302069216451787383e+02
2.301352740947823463e+02
2.301394868223931098e+02
2.301394868223931098e+02
2.301830572739012268e+02
2.301340445155507268e+02
2.301365942556525113e+02
2.301342047016100878e+02
2.301342047016100878e+02
2.301521070860499094e+02
2.301521070860499094e+02
2.301344526814771427e+02
2.301349749000456200e+02
2.301354424759321660e+02
2.301411932874805757e+02
2.301344390331948091e+02
2.301703491286388612e+02
2.301703491286388612e+02
2.301703491286388612e+02
2.301342047016100878e+02
2.301342047016100878e+02
2.301342047016100878e+02
2.301436220503985339e+02
2.302117746170376904e+02
2.301383787726516346e+02
2.302094079452922983e+02
2.301391306371587575e+02
2.301360125743345577e+02
2.301347590058308299e+02
2.303490991772399639e+02
2.302949108631650859e+02
2.303832274364213788e+02
2.304260912231728469e+02
2.304456105109686064e+02
2.303949534030324173e+02
2.301423400203078131e+02
2.301529854691871719e+02
2.302386544644272135e+02
2.301641140019029592e+02
2.301641140019029592e+02
2.301395271464898826e+02
2.301512181406611433e+02
2.303435196475682289e+02
2.301453934133873531e+02
2.301471213745059572e+02
2.301340435979387280e+02
2.301366212154665334e+02
2.301366212154665334e+02
2.301366212154665334e+02
2.301429309974925275e+02
2.302205372679300979e+02
2.302109252091283906e+02
2.303346198034284100e+02
2.302096269797453090e+02
2.301350360471810177e+02
2.303054782901968451e+02
2.306894453856711209e+02
2.301729865058833013e+02
2.305720124878424429e+02
2.303380871257638773e+02
2.301475258441674896e+02
2.301414520197176898e+02
2.302944585120361296e+02
2.301698212270405293e+02
2.301429277943976786e+02
2.301677488664571740e+02
2.302208849392169441e+02
2.302675479497918900e+02
2.306806863760910176e+02
2.302211956812604114e+02
2.302154617811513333e+02
2.301428120182666248e+02
2.301500843911276490e+02
2.301640111751015070e+02
2.301583394090822878e+02
2.302211323495695297e+02
2.301966617423789501e+02
2.302018774142551081e+02
2.301829410324551759e+02
2.301344397476601387e+02
2.303036136553088511e+02
2.301583977527540696e+02
2.301355636059546441e+02
2.301570497671202418e+02
2.301687338875192665e+02
2.301386755150958834e+02
2.301889782408020153e+02
2.301720728284055610e+02
2.301809614205220100e+02
2.301640707610569052e+02
2.301394996619716835e+02
2.302404021352851089e+02
2.301344345170776364e+02
2.302443688704053386e+02
2.301546935334083628e+02
2.302413962958476077e+02
2.303011932357635487e+02
2.301384243310120326e+02
2.301407601618042520e+02
2.301341246842992518e+02
2.301534709658285749e+02
2.301534709658285749e+02
2.301534709658285749e+02
2.301773677420612785e+02
2.301470978842453121e+02
2.304230985478203024e+02
2.301852162767392542e+02
2.302044259544830425e+02
2.303353299340747640e+02
2.301360125743345577e+02
2.301490673306532244e+02
2.301342091791552491e+02
2.301811291541494313e+02
2.301366577522329351e+02
2.302046753185019838e+02
2.301434737711148557e+02
2.301434737711148557e+02
2.301342047016100878e+02
2.301342047016100878e+02
2.301342047016100878e+02
2.301687548194275053e+02
2.301687548194275053e+02
2.301411932874805757e+02
2.301688000492876256e+02
2.304316291468336999e+02
2.301421496840065686e+02
2.301421496840065686e+02
2.302562262077225057e+02
2.302562262077225057e+02
2.301475251259800245e+02
2.301341290442475724e+02
2.302415228222420183e+02
2.301365942556525113e+02
2.302296729135679811e+02
2.303126588963938275e+02
2.302742899361575155e+02
2.302654442282667162e+02
2.301831125433876082e+02
2.301599036201013746e+02
2.302144036650190060e+02
2.301490632713732225e+02
2.301407909034116699e+02
2.301933260036775550e+02
2.301546415130137007e+02
2.301401314500487558e+02
2.301414196794557085e+02
2.301558552172086820e+02
2.301391306371587575e+02
2.301340714436521182e+02
2.301590488619454220e+02
2.301348152796342390e+02
2.301345916383377528e+02
2.301608714148853210e+02
2.301475567409002849e+02
2.301391306371587575e+02
2.301343068811130195e+02
2.301382371215496221e+02
2.306902761282704546e+02
2.301446451260528931e+02
2.301748847370628255e+02
2.301748847370628255e+02
2.301748847370628255e+02
2.301862894479869226e+02
2.302120462326776931e+02
2.302120462326776931e+02
2.302120462326776931e+02
2.306633085422297711e+02
2.301383994494484000e+02
2.302500465266218441e+02
2.301505782547925492e+02
2.301558589614045900e+02
2.301583645933997957e+02
2.301348152796342390e+02
2.301384222546554952e+02
2.301842628256567593e+02
2.302943258750731275e+02
2.301772875418567708e+02
2.301773677420612785e+02
2.302812724368444321e+02
2.301344390331948091e+02
2.301341217442754044e+02
2.301831119980421647e+02
2.301411932874805757e+02
2.301611546939230095e+02
2.301511428204198637e+02
2.301667465661336109e+02
2.301355627147724192e+02
2.301355627147724192e+02
2.301436426638803709e+02
2.301352850345111278e+02
2.301558589614045900e+02
2.303513323487453022e+02
2.302949878778759683e+02
2.301970431717053316e+02
2.303439095663712806e+02
2.305672014276891844e+02
2.301421178871456164e+02
2.301421178871456164e+02
2.301421178871456164e+02
2.301537612224845191e+02
2.302121706983818115e+02
2.301609979004371667e+02
2.302030666961154282e+02
2.301350255957201227e+02
2.302357832238639617e+02
2.302717744011621051e+02
2.302844180106037868e+02
2.302844300333798913e+02
2.304365483400159462e+02
2.304460636250028074e+02
2.303515188745089119e+02
2.301730132868989358e+02
2.301344423112194590e+02
2.302577696433841083e+02
2.301773416343467602e+02
2.303457413699495078e+02
2.301755863691299453e+02
2.301819409276174326e+02
2.302015888337715523e+02
2.302451109624413732e+02
2.301490673306532244e+02
2.301490673306532244e+02
2.301490673306532244e+02
2.301342047016100878e+02
2.301379060034307429e+02
2.301379060034307429e+02
2.301407601618042520e+02
2.301407601618042520e+02
2.301417594077181263e+02
2.301545547627654571e+02
2.301545547627654571e+02
2.301554728465806932e+02
2.301483068105517305e+02
2.301902307419640294e+02
2.301865984212778073e+02
2.301384015200195847e+02
2.301384015200195847e+02
2.301363107782010786e+02
2.301363107782010786e+02
2.301363107782010786e+02
2.301795561863044099e+02
2.301354424759321660e+02
2.301354424759321660e+02
2.301354424759321660e+02
2.301627827486242381e+02
2.301698212270405293e+02
2.301480830624579141e+02
2.301343068811130195e+02
2.302040802340527250e+02
2.302501771842443929e+02
2.301344456029898424e+02
2.302685334682281280e+02
2.303908491571712318e+02
2.301964414429818646e+02
2.301342047016100878e+02
2.301342047016100878e+02
2.301342047016100878e+02
2.301342047016100878e+02
2.301342047016100878e+02
2.301571630494520662e+02
2.301360125743345577e+02
2.301359991565637984e+02
2.301354539342808323e+02
2.301703491286388612e+02
2.301703491286388612e+02
2.301703491286388612e+02
2.301703491286388612e+02
2.301395125178191847e+02
2.301395125178191847e+02
2.301395125178191847e+02
2.301421157216531697e+02
2.301500843911276490e+02
2.301500843911276490e+02
2.301500843911276490e+02
2.301500843911276490e+02
2.301500843911276490e+02
2.301511428204198637e+02
2.301511428204198637e+02
2.301344390331948091e+02
2.301414196794557085e+02
2.301558552172086820e+02
2.301558552172086820e+02
2.301558552172086820e+02
2.301352038039446199e+02
2.301344418634067779e+02
2.302003974307539238e+02
2.301407601618042520e+02
2.301511428204198637e+02
2.302710544452259853e+02
2.301810452468972414e+02
2.302117275732682913e+02
2.302117275732682913e+02
2.302220202488197742e+02
2.302220202488197742e+02
2.302443805035298681e+02
2.301423400203078131e+02
2.301712062741045486e+02
2.303011932357635487e+02
2.301850603133181323e+02
2.301760125910046781e+02
2.301394868223931098e+02
2.301817644287295650e+02
2.301428729379895231e+02
2.301428729379895231e+02
2.301428729379895231e+02
2.301428729379895231e+02
2.301428729379895231e+02
2.301428729379895231e+02
2.301545547627654571e+02
2.301545547627654571e+02
2.302211956812604114e+02
2.301435575117066890e+02
2.301830607662651857e+02
2.301546692186489054e+02
2.301428407355800516e+02
2.301412174864683209e+02
2.303387401378999186e+02
2.302046753185019838e+02
2.302247419569205533e+02
2.302247419569205533e+02
2.301348159074483704e+02
2.301421157216531697e+02
2.301421157216531697e+02
2.301421157216531697e+02
2.301421157216531697e+02
2.301358709865229741e+02
2.301358709865229741e+02
2.301870406141950980e+02
2.301521425890803414e+02
2.301354424759321660e+02
2.301349749000456200e+02
2.301538371971759602e+02
2.301341262934484178e+02
2.301341246842992518e+02
2.301341246842992518e+02
2.301341246842992518e+02
2.301341246842992518e+02
2.301341246842992518e+02
2.301341246842992518e+02
2.301341246842992518e+02
2.301341246842992518e+02
2.302386788605248569e+02
2.301422867533804606e+02
2.301422867533804606e+02
2.301422867533804606e+02
2.301453525424558393e+02
2.302046753185019838e+02
2.301461393899661232e+02
2.301340715277705442e+02
2.301340715277705442e+02
2.301773677420612785e+02
2.301395400371071958e+02
2.301534744768361804e+02
2.302451281796510614e+02
2.301687338875192665e+02
2.301889782408020153e+02
2.301344456029898424e+02
2.301344456029898424e+02
2.301344456029898424e+02
2.301435575117066890e+02
2.301667495838697164e+02
2.301391514559982170e+02
2.301368100402976324e+02
2.301490370947020949e+02
2.301490370947020949e+02
2.301740023441336120e+02
2.301829410324551759e+02
2.302118365380862031e+02
2.302118365380862031e+02
2.302622574511570406e+02
2.302169091373614549e+02
2.301740466773002822e+02
2.301671591068412965e+02
2.301954772393376629e+02
2.302247419569205533e+02
2.301870406141950980e+02
2.301954772393376629e+02
2.301687338875192665e+02
2.301687338875192665e+02
2.301687338875192665e+02
2.301687338875192665e+02
2.301687338875192665e+02
2.301687338875192665e+02
2.301976684352270865e+02
2.301976684352270865e+02
2.301976684352270865e+02
2.301384243310120326e+02
2.301395125178191847e+02
2.301671591068412965e+02
2.301954772393376629e+02
2.301954772393376629e+02
2.301954772393376629e+02
2.302273940846207267e+02
2.302273940846207267e+02
2.301849727048155501e+02
2.301342044963263618e+02
2.301358709865229741e+02
2.301358709865229741e+02
2.301358709865229741e+02
2.301358709865229741e+02
2.301358709865229741e+02
2.301358709865229741e+02
2.301358709865229741e+02
2.301343068811130195e+02
2.301355627147724192e+02
2.302706167322628232e+02
2.301597488582204107e+02
2.301423675895855183e+02
2.302501029396830745e+02
2.301453525424558393e+02
2.301521425890803414e+02
2.302472577252041503e+02
2.302264519549763122e+02
2.307309832914291690e+02
2.301784955788928642e+02
2.305224683514219350e+02
2.301702209841756144e+02
2.302118365380862031e+02
2.305619829742130378e+02
2.303091873389257103e+02
2.301360134907516795e+02
2.301340696457078820e+02
2.301340696457078820e+02
2.301342044963263618e+02
2.301342044963263618e+02
2.301342044963263618e+02
2.301448161181286309e+02
2.301358709865229741e+02
2.301358709865229741e+02
2.302776187985658680e+02
2.301343068811130195e+02
2.302419285621598988e+02
2.301428763252039005e+02
2.301428763252039005e+02
2.302450640108673667e+02
2.305455340573410297e+02
2.301977560233092674e+02
2.301340663933490305e+02
2.302896908594922536e+02
2.303415178817253945e+02
2.303026948476603195e+02
2.301914485849465848e+02
2.301885582527115446e+02
2.301401289723697516e+02
2.301774480231759696e+02
2.301379273934892922e+02
2.301379273934892922e+02
2.301379273934892922e+02
2.301340715277705442e+02
2.301340715277705442e+02
2.301340715277705442e+02
2.301795595857234673e+02
2.302179401583098297e+02
2.301356979970017846e+02
2.301356979970017846e+02
2.301491120227678380e+02
2.301422867533804606e+02
2.301422867533804606e+02
2.301422867533804606e+02
2.301347590058308299e+02
2.301347590058308299e+02
2.301340713652732290e+02
2.301340713652732290e+02
2.301340713652732290e+02
2.301340713652732290e+02
2.301666138851498431e+02
2.301666138851498431e+02
2.301359991565637984e+02
2.301359991565637984e+02
2.301340715277705442e+02
2.301340715277705442e+02
2.301340715277705442e+02
2.301478520487727053e+02
2.301478520487727053e+02
2.301349569998360209e+02
2.301359857819021499e+02
2.301359857819021499e+02
2.301359857819021499e+02
2.301422890916809649e+02
2.301422890916809649e+02
2.301346227342238535e+02
2.301346227342238535e+02
2.301450397171275597e+02
2.301450397171275597e+02
2.301450397171275597e+02
2.301554728465806932e+02
2.301554728465806932e+02
2.301554728465806932e+02
2.303105739458913206e+02
2.301534744768361804e+02
2.301436450439179282e+02
2.302443805035298681e+02
2.302023716348508060e+02
2.302503079011422358e+02
2.301342047016100878e+02
2.302655589459018870e+02
2.301667053338002802e+02
2.301818140090055351e+02
2.302041333805980230e+02
2.301612787847068375e+02
2.301341175400447980e+02
2.301756576973764084e+02
2.301349569998360209e+02
2.301497177266081735e+02
2.302415228222420183e+02
2.302879685801945584e+02
2.301382180771381059e+02
2.301382180771381059e+02
2.301475251259800245e+02
2.301343116729222231e+02
2.301818186220777704e+02
2.301374640088590411e+02
2.301374640088590411e+02
2.301374640088590411e+02
2.301708026231793554e+02
2.301417202529312931e+02
2.301417202529312931e+02
2.301417202529312931e+02
2.301422867533804606e+02
2.301422867533804606e+02
2.301697755235671821e+02
2.301697755235671821e+02
2.301354310619426826e+02
2.301354310619426826e+02
2.301354310619426826e+02
2.301354310619426826e+02
2.301841595091947283e+02
2.302180026412131610e+02
2.301521070860499094e+02
2.301521070860499094e+02
2.301401007315915308e+02
2.301890031530407441e+02
2.301422890916809649e+02
2.302070272089701461e+02
2.302070272089701461e+02
2.301535260120917030e+02
2.301529468730052201e+02
2.301976996033127989e+02
2.302096351793380506e+02
2.301374621889295327e+02
2.301481261133882867e+02
2.301370283543601261e+02
2.301381805370249367e+02
2.301386551407860850e+02
2.301386551407860850e+02
2.301386551407860850e+02
2.301482422147476825e+02
2.301461270256409364e+02
2.301366664762144012e+02
2.301436601249799878e+02
2.301384243310120326e+02
2.301384243310120326e+02
2.301384243310120326e+02
2.301489457596334773e+02
2.301489457596334773e+02
2.301739224157192041e+02
2.301344522277831288e+02
2.303495929292269011e+02
2.301374042225429548e+02
2.301358432955246371e+02
2.306201753183575249e+02
2.302440623731565381e+02
2.301785450219523455e+02
2.302513617435016897e+02
2.302449951603488216e+02
2.301558589614045900e+02
2.301558589614045900e+02
2.306894403472685724e+02
2.303188090515135116e+02
2.302915461905977565e+02
2.304811386030505957e+02
2.304202735892741600e+02
2.301927730921357806e+02
2.302645727914822658e+02
2.302359977252673389e+02
2.302612650182272773e+02
2.302329472695626009e+02
2.302390795993943300e+02
2.302421922032223165e+02
2.301610927665143151e+02
2.301358576020920736e+02
2.301355375776821859e+02
2.301389269152949453e+02
2.301470565979102503e+02
2.301435753634840466e+02
2.301609950872800709e+02
2.301414217414344421e+02
2.301546935334083628e+02
2.302071328493244380e+02
2.302095152899788957e+02
2.302577761242604595e+02
2.302699059258442560e+02
2.301421475138790811e+02
2.301352850345111278e+02
2.301590087370534832e+02
2.301505439842608212e+02
2.303982985071338021e+02
2.304061229595207578e+02
2.302283372410455513e+02
2.301523371848450950e+02
2.305655048197787096e+02
2.303906089213592168e+02
2.303644061320888738e+02
2.302609840181231675e+02
2.302404021352851089e+02
2.302357985442684765e+02
2.302844953046645173e+02
2.302152778741580050e+02
2.301844144188981431e+02
2.301434490194245370e+02
2.301504444473435740e+02
2.301810452468972414e+02
2.301791004394331992e+02
2.301954772393376629e+02
2.302220202488197742e+02
2.304632073964370704e+02
2.302117275732682913e+02
2.301421178871456164e+02
2.301363261385586441e+02
2.304579755910922927e+02
2.301505805924381036e+02
2.301411949362782252e+02
2.301417469142095626e+02
2.301417469142095626e+02
2.301417469142095626e+02
2.301417469142095626e+02
2.301657253797374381e+02
2.301529493356853777e+02
2.303440377051035739e+02
2.302931143985522340e+02
2.301901768943970126e+02
2.301555322934328558e+02
2.301435301839901513e+02
2.301448161181286309e+02
2.301448161181286309e+02
2.302992866192265922e+02
2.302610607839908994e+02
2.301505439842608212e+02
2.301406381235726144e+02
2.302209510822864047e+02
2.301351978664980891e+02
2.301505782547925492e+02
2.301687548194275053e+02
2.301865458844112879e+02
2.301448161181286309e+02
2.301448161181286309e+02
2.301538004482051178e+02
2.301505805924381036e+02
2.301441798684449225e+02
2.301441798684449225e+02
2.301435575117066890e+02
2.301513574867547050e+02
2.301667747355733411e+02
2.302482382813654738e+02
2.301349749000456200e+02
2.301423382619024665e+02
2.301435575117066890e+02
2.301342047016100878e+02
2.301687338875192665e+02
2.301342043233684933e+02
2.301342043233684933e+02
2.301671654010598616e+02
2.301355627147724192e+02
2.301396072471273442e+02
2.301505805924381036e+02
2.301345843619258460e+02
2.302386742573308425e+02
2.301818739916023162e+02
2.301751705768699310e+02
2.301751705768699310e+02
2.301345989616708891e+02
2.301344456029898424e+02
2.301436426638803709e+02
2.301436426638803709e+02
2.301394868223931098e+02
2.302180196849355980e+02
2.301340445582863765e+02
2.301340445582863765e+02
2.301435301839901513e+02
2.301435301839901513e+02
2.301358709865229741e+02
2.301609154258642320e+02
2.302124087692273235e+02
2.301461448868922162e+02
2.301461448868922162e+02
2.301389511575371216e+02
2.302166093413602823e+02
2.301428763252039005e+02
2.302111068134684899e+02
2.302142929537260159e+02
2.302167967662401509e+02
2.301444431573320344e+02
2.301436450439179282e+02
2.301436450439179282e+02
2.301436101690231908e+02
2.301436101690231908e+02
2.301597228869907781e+02
2.301583977527540696e+02
2.301583977527540696e+02
2.301849727048155501e+02
2.301347756983987551e+02
2.301977611533224604e+02
2.301763001436903835e+02
2.301940071743360079e+02
2.303848513857003013e+02
2.303792224572761711e+02
2.301628249972541767e+02
2.301819213049069788e+02
2.302017474963508903e+02
2.301671811413061164e+02
2.302501771842443929e+02
2.301792645399211779e+02
2.302471284153843953e+02
2.303078318348302957e+02
2.301738629723464840e+02
2.301871200569995608e+02
2.301470565979102503e+02
2.301647415009557562e+02
2.303645710273648035e+02
2.303645710273648035e+02
2.302268138067541088e+02
2.302943258750731275e+02
2.301411932874805757e+02
2.301773677420612785e+02
2.301452417581764678e+02
2.301358576020920736e+02
2.301583977527540696e+02
2.301511428204198637e+02
2.301791824492194962e+02
2.302221216279692158e+02
2.301414471982177190e+02
2.301523292627537671e+02
2.301343156830870100e+02
2.302301908028542243e+02
2.301491079568150155e+02
2.301481261133882867e+02
2.302654442282667162e+02
2.301729897192554688e+02
2.304376464170395309e+02
2.302301908028542243e+02
2.301954772393376629e+02
2.301954772393376629e+02
2.301954772393376629e+02
2.302329138952950700e+02
2.301755810222055061e+02
2.301755810222055061e+02
2.301755810222055061e+02
2.301501307316167981e+02
2.301501307316167981e+02
2.301501307316167981e+02
2.301491120227678380e+02
2.301491120227678380e+02
2.301491120227678380e+02
2.301671591068412965e+02
2.301671591068412965e+02
2.301671591068412965e+02
2.301671591068412965e+02
2.301359857819021499e+02
2.301359857819021499e+02
2.301359857819021499e+02
2.301359857819021499e+02
2.301359857819021499e+02
2.301359857819021499e+02
2.301490673306532244e+02
2.301687338875192665e+02
2.301687338875192665e+02
2.301671654010598616e+02
2.301671654010598616e+02
2.301384015200195847e+02
2.301933346323073692e+02
2.301933346323073692e+02
2.301933346323073692e+02
2.301933346323073692e+02
2.301671591068412965e+02
2.301698212270405293e+02
2.301511908295208286e+02
2.301511908295208286e+02
2.301374069292714353e+02
2.301363251566625365e+02
2.301933260036775550e+02
2.301933260036775550e+02
2.302301908028542243e+02
2.301436799881988975e+02
2.302685334682281280e+02
2.301641423508143589e+02
2.301641423508143589e+02
2.301891607510110020e+02
2.302560929016462978e+02
2.302169091373614549e+02
2.301671654010598616e+02
2.304746086170252113e+02
2.301428763252039005e+02
2.302026641404086718e+02
2.301355627147724192e+02
2.301355627147724192e+02
2.301355627147724192e+02
2.301355627147724192e+02
2.301355627147724192e+02
2.301355627147724192e+02
2.301436426638803709e+02
2.301382180771381059e+02
2.301382180771381059e+02
2.301352850345111278e+02
2.301352850345111278e+02
2.301352850345111278e+02
2.301352850345111278e+02
2.301352850345111278e+02
2.301352850345111278e+02
2.301352850345111278e+02
2.301428763252039005e+02
2.301350353327664493e+02
2.304265563365389085e+02
2.303182001871187765e+02
2.301505782547925492e+02
2.301902846086147179e+02
2.301576230545507826e+02
2.305006684144057090e+02
2.304974061278914235e+02
2.303440729916290763e+02
2.301571630494520662e+02
2.301850603133181323e+02
2.302301908028542243e+02
2.301807310126675077e+02
2.304242122096065941e+02
2.307075539214810362e+02
2.307798451626556755e+02
2.301854589228293548e+02
2.301871200569995608e+02
2.302017474963508903e+02
2.301914485849465848e+02
2.302100195616176563e+02
2.302290933146569785e+02
2.302290933146569785e+02
2.301725738484239514e+02
2.301736332308026078e+02
2.303861976272150969e+02
2.301445104121272891e+02
2.301843626938824627e+02
2.301648713793576917e+02
2.301689327770561420e+02
2.302530095864829889e+02
2.301496369399750392e+02
2.301374226160559715e+02
2.301362389178396199e+02
2.301407314512475750e+02
2.301349749000456200e+02
2.301347969804522791e+02
2.301342047016100878e+02
2.302220202488197742e+02
2.301407314512475750e+02
2.301401042255002949e+02
2.306631446425767535e+02
2.301344390331948091e+02
2.301352083261139114e+02
2.301352083261139114e+02
2.302004221710589036e+02
2.302004221710589036e+02
2.302404021352851089e+02
2.301570497671202418e+02
2.301340749443738218e+02
2.301365600887707785e+02
2.301340451660431370e+02
2.301389269152949453e+02
2.301389269152949453e+02
2.301571063696276269e+02
2.301528034307081043e+02
2.302248486426132956e+02
2.302170011320221477e+02
2.302593443440277667e+02
2.302143407517559126e+02
2.302143407517559126e+02
2.301829780358703488e+02
2.302168452811174006e+02
2.301407457982090250e+02
2.301558826829397049e+02
2.302245232592470074e+02
2.301462278756705757e+02
2.307633701237776336e+02
2.301677936204312971e+02
2.308028659567185059e+02
2.301407314512475750e+02
2.301358863929546885e+02
2.303007639673089102e+02
2.302275022004458833e+02
2.302275022004458833e+02
2.301612731373897134e+02
2.301462206436966653e+02
2.302195449900626727e+02
2.302623809141281015e+02
2.302623809141281015e+02
2.301850443785003506e+02
2.302710544452259853e+02
2.303465208949908742e+02
2.302886200792223974e+02
2.301449007285461335e+02
2.301348078848583327e+02
2.301355007171813156e+02
2.301531591144813262e+02
2.301531591144813262e+02
2.301531591144813262e+02
2.303203332042050420e+02
2.301387711303146375e+02
2.301832553178086016e+02
2.301352378039119060e+02
2.302031711074726843e+02
2.301436640332507579e+02
2.301442892682539139e+02
2.301602329875626936e+02
2.302226134253383520e+02
2.301341964826385720e+02
2.301522492602590546e+02
2.301556220119257716e+02
2.306289517441445014e+02
2.301344460529328160e+02
2.301809614205220100e+02
2.301613268131591212e+02
2.301345787713991911e+02
2.301345787713991911e+02
2.301345787713991911e+02
2.301373748762292166e+02
2.301373748762292166e+02
2.302608550184286003e+02
2.303567144657053802e+02
2.301449007285461335e+02
2.301490678392845268e+02
2.302111673833524037e+02
2.302759557223808429e+02
2.301435283219505550e+02
2.301667465661336109e+02
2.302266843064695934e+02
2.302943258750731275e+02
2.301394868223931098e+02
2.301394868223931098e+02
2.301354424759321660e+02
2.301511428204198637e+02
2.301455006967094619e+02
2.301791824492194962e+02
2.301395429584028136e+02
2.301852210072701439e+02
2.301686202832796369e+02
2.302067181419556903e+02
2.302235447235125889e+02
2.303196252104766870e+02
2.301342173341056139e+02
2.301863895821904862e+02
2.301840574433402651e+02
2.305366633067618238e+02
2.303911790255951360e+02
2.302070173709079768e+02
2.302862796309455007e+02
2.303091264909952258e+02
2.301358432955246371e+02
2.303020216499882906e+02
2.304278975772355125e+02
2.301718496819533470e+02
2.301511941055856312e+02
2.303144504554146863e+02
2.301344401732357312e+02
2.302879730754824550e+02
2.302497926533568204e+02
2.301417452112290505e+02
2.301647415009557562e+02
2.301374560617310294e+02
2.301626878131149851e+02
2.302912042603844895e+02
2.301379273934892922e+02
2.301558589614045900e+02
2.308121122117121331e+02
2.304908035452278057e+02
2.301534195115184218e+02
2.301344522277831288e+02
2.301344522277831288e+02
2.303365239047762714e+02
2.301411932874805757e+02
