4.711499999999999773e+02
3.875000000000000000e+02
3.591499999999999773e+02
3.631499999999999773e+02
2.291500000000000057e+02
3.981499999999999773e+02
5.296499999999999773e+02
4.661499999999999773e+02
3.776499999999999773e+02
3.366499999999999773e+02
4.791499999999999773e+02
3.786499999999999773e+02
4.591499999999999773e+02
3.661499999999999773e+02
4.626499999999999773e+02
3.536499999999999773e+02
4.374499999999999886e+02
3.832099999999999795e+02
5.731499999999999773e+02
1.896399999999999864e+02
2.961499999999999773e+02
5.121499999999999773e+02
3.301499999999999773e+02
3.581499999999999773e+02
3.176499999999999773e+02
3.831499999999999773e+02
5.776499999999999773e+02
4.681499999999999773e+02
3.341499999999999773e+02
2.991499999999999773e+02
3.241499999999999773e+02
3.593500000000000227e+02
4.461499999999999773e+02
3.222799999999999727e+02
3.241499999999999773e+02
4.674499999999999886e+02
3.681499999999999773e+02
3.911499999999999773e+02
4.941499999999999773e+02
4.841499999999999773e+02
3.736499999999999773e+02
4.001499999999999773e+02
4.751499999999999773e+02
3.686499999999999773e+02
6.036499999999999773e+02
3.701499999999999773e+02
3.241499999999999773e+02
4.376499999999999773e+02
4.781499999999999773e+02
4.896499999999999773e+02
5.266499999999999773e+02
4.891499999999999773e+02
4.431499999999999773e+02
4.786499999999999773e+02
5.221499999999999773e+02
4.496499999999999773e+02
3.840799999999999841e+02
4.581499999999999773e+02
3.186499999999999773e+02
4.801499999999999773e+02
4.791499999999999773e+02
5.511499999999999773e+02
4.191499999999999773e+02
4.041499999999999773e+02
4.456499999999999773e+02
3.116499999999999773e+02
3.956499999999999773e+02
3.611499999999999773e+02
4.311499999999999773e+02
3.716499999999999773e+02
3.476499999999999773e+02
2.852500000000000000e+02
3.526499999999999773e+02
2.680499999999999545e+02
5.851499999999999773e+02
4.621499999999999773e+02
3.165499999999999545e+02
4.606499999999999773e+02
3.591499999999999773e+02
2.671499999999999773e+02
4.528500000000000227e+02
3.951499999999999773e+02
4.506499999999999773e+02
5.081499999999999773e+02
5.506499999999999773e+02
4.201499999999999773e+02
4.256499999999999773e+02
2.031500000000000057e+02
3.387500000000000000e+02
4.621499999999999773e+02
3.241499999999999773e+02
4.027500000000000000e+02
4.011499999999999773e+02
3.886499999999999773e+02
3.761499999999999773e+02
4.134499999999999886e+02
5.954500000000000455e+02
2.721499999999999773e+02
4.001499999999999773e+02
4.453500000000000227e+02
5.731499999999999773e+02
3.881499999999999773e+02
4.411499999999999773e+02
3.240899999999999750e+02
4.051499999999999773e+02
2.756499999999999773e+02
4.759499999999999886e+02
3.731499999999999773e+02
4.131499999999999773e+02
4.386499999999999773e+02
5.111499999999999773e+02
3.926499999999999773e+02
3.076499999999999773e+02
4.601499999999999773e+02
3.081499999999999773e+02
4.076499999999999773e+02
3.731499999999999773e+02
2.899499999999999886e+02
2.855499999999999545e+02
4.211499999999999773e+02
3.592500000000000000e+02
3.437500000000000000e+02
3.541499999999999773e+02
4.459499999999999886e+02
3.430499999999999545e+02
3.411499999999999773e+02
4.691499999999999773e+02
4.071499999999999773e+02
2.341500000000000057e+02
3.661499999999999773e+02
4.101499999999999773e+02
3.181499999999999773e+02
3.684499999999999886e+02
3.751499999999999773e+02
3.118500000000000227e+02
3.732500000000000000e+02
3.376499999999999773e+02
4.716499999999999773e+02
4.551499999999999773e+02
4.691499999999999773e+02
3.766499999999999773e+02
4.541499999999999773e+02
2.916499999999999773e+02
3.211499999999999773e+02
3.286499999999999773e+02
3.871499999999999773e+02
3.281499999999999773e+02
3.481499999999999773e+02
3.146499999999999773e+02
3.326499999999999773e+02
3.871499999999999773e+02
3.721499999999999773e+02
3.846499999999999773e+02
3.271499999999999773e+02
4.046499999999999773e+02
3.811499999999999773e+02
2.458499999999999943e+02
2.864499999999999886e+02
2.911499999999999773e+02
3.601499999999999773e+02
4.116499999999999773e+02
2.950499999999999545e+02
3.191499999999999773e+02
2.216500000000000057e+02
4.271499999999999773e+02
2.241500000000000057e+02
2.062299999999999898e+02
3.171499999999999773e+02
2.901499999999999773e+02
3.261499999999999773e+02
4.814499999999999886e+02
3.846499999999999773e+02
3.961499999999999773e+02
2.976499999999999773e+02
2.334499999999999886e+02
3.694499999999999886e+02
4.497500000000000000e+02
3.423099999999999454e+02
4.158500000000000227e+02
3.426499999999999773e+02
1.831500000000000057e+02
4.271499999999999773e+02
3.059499999999999886e+02
3.691499999999999773e+02
4.791499999999999773e+02
5.331499999999999773e+02
4.156499999999999773e+02
3.400499999999999545e+02
3.631499999999999773e+02
3.186499999999999773e+02
3.941499999999999773e+02
4.911499999999999773e+02
2.708500000000000227e+02
3.435499999999999545e+02
2.971499999999999773e+02
3.021499999999999773e+02
3.641499999999999773e+02
3.166499999999999773e+02
3.647500000000000000e+02
4.731499999999999773e+02
4.311499999999999773e+02
2.801499999999999773e+02
3.691499999999999773e+02
2.391500000000000057e+02
5.201499999999999773e+02
3.801499999999999773e+02
4.301499999999999773e+02
3.233500000000000227e+02
4.196499999999999773e+02
3.396499999999999773e+02
3.181499999999999773e+02
4.516499999999999773e+02
3.571499999999999773e+02
2.801499999999999773e+02
2.991499999999999773e+02
2.991499999999999773e+02
3.191499999999999773e+02
3.109499999999999886e+02
2.803500000000000227e+02
3.096499999999999773e+02
3.939499999999999886e+02
3.761499999999999773e+02
5.884500000000000455e+02
3.167500000000000000e+02
4.401499999999999773e+02
4.396499999999999773e+02
3.806499999999999773e+02
3.121499999999999773e+02
3.771499999999999773e+02
2.951499999999999773e+02
3.598500000000000227e+02
4.515500000000000114e+02
5.066499999999999773e+02
2.217500000000000000e+02
3.156499999999999773e+02
4.101499999999999773e+02
3.631499999999999773e+02
3.080499999999999545e+02
2.531500000000000057e+02
3.001499999999999773e+02
6.031499999999999773e+02
3.551499999999999773e+02
4.251499999999999773e+02
4.056499999999999773e+02
4.416499999999999773e+02
4.836499999999999773e+02
3.481499999999999773e+02
3.111499999999999773e+02
4.551499999999999773e+02
3.901499999999999773e+02
4.101499999999999773e+02
4.241499999999999773e+02
4.516499999999999773e+02
3.941499999999999773e+02
3.601499999999999773e+02
3.186999999999999886e+02
1.871500000000000057e+02
3.391499999999999773e+02
2.781499999999999773e+02
4.931499999999999773e+02
2.453199999999999932e+02
2.666000000000000227e+02
4.198500000000000227e+02
4.726499999999999773e+02
6.031499999999999773e+02
4.461499999999999773e+02
2.879499999999999886e+02
2.952500000000000000e+02
2.554499999999999886e+02
2.891499999999999773e+02
2.251500000000000057e+02
4.126499999999999773e+02
5.411499999999999773e+02
4.111499999999999773e+02
3.223500000000000227e+02
4.435500000000000114e+02
3.726499999999999773e+02
5.431499999999999773e+02
4.258500000000000227e+02
3.328500000000000227e+02
2.587500000000000000e+02
3.735500000000000114e+02
4.091499999999999773e+02
3.948500000000000227e+02
4.301499999999999773e+02
3.671499999999999773e+02
5.766499999999999773e+02
5.921499999999999773e+02
5.011499999999999773e+02
4.516499999999999773e+02
3.631499999999999773e+02
5.151499999999999773e+02
3.159499999999999886e+02
4.997500000000000000e+02
4.621499999999999773e+02
4.944499999999999886e+02
2.991499999999999773e+02
3.526499999999999773e+02
4.995500000000000114e+02
4.636499999999999773e+02
3.851499999999999773e+02
5.181499999999999773e+02
2.113499999999999943e+02
3.671499999999999773e+02
3.725500000000000114e+02
3.361499999999999773e+02
3.121499999999999773e+02
3.251499999999999773e+02
4.431499999999999773e+02
4.381499999999999773e+02
4.167500000000000000e+02
2.991499999999999773e+02
4.669499999999999886e+02
3.141499999999999773e+02
3.266499999999999773e+02
3.419499999999999886e+02
4.881499999999999773e+02
3.655500000000000114e+02
4.243500000000000227e+02
4.137500000000000000e+02
4.971499999999999773e+02
5.069499999999999886e+02
3.010499999999999545e+02
1.951500000000000057e+02
2.231500000000000057e+02
2.131500000000000057e+02
3.511499999999999773e+02
2.518499999999999943e+02
1.924499999999999886e+02
4.041499999999999773e+02
4.109499999999999886e+02
3.681499999999999773e+02
3.486499999999999773e+02
3.486499999999999773e+02
3.771499999999999773e+02
3.638500000000000227e+02
3.834499999999999886e+02
2.656499999999999773e+02
2.829499999999999886e+02
2.601499999999999773e+02
3.106499999999999773e+02
4.241499999999999773e+02
1.721499999999999773e+02
4.101499999999999773e+02
5.486499999999999773e+02
3.584499999999999886e+02
4.411499999999999773e+02
5.621499999999999773e+02
4.301499999999999773e+02
4.861499999999999773e+02
2.291500000000000057e+02
2.121500000000000057e+02
3.321499999999999773e+02
3.191499999999999773e+02
4.191499999999999773e+02
3.606499999999999773e+02
1.951500000000000057e+02
3.711499999999999773e+02
2.541500000000000057e+02
3.786499999999999773e+02
4.256499999999999773e+02
4.091499999999999773e+02
2.131500000000000057e+02
3.906499999999999773e+02
3.501499999999999773e+02
4.126499999999999773e+02
2.761499999999999773e+02
2.791499999999999773e+02
3.221499999999999773e+02
2.752500000000000000e+02
4.011499999999999773e+02
4.786499999999999773e+02
4.446499999999999773e+02
2.531500000000000057e+02
2.401500000000000057e+02
2.081500000000000057e+02
2.160000000000000000e+02
3.651499999999999773e+02
3.806499999999999773e+02
4.116499999999999773e+02
3.146499999999999773e+02
3.331499999999999773e+02
2.871499999999999773e+02
2.883500000000000227e+02
2.481500000000000057e+02
2.827500000000000000e+02
5.314500000000000455e+02
3.496499999999999773e+02
4.361499999999999773e+02
4.024499999999999886e+02
4.060500000000000114e+02
3.871499999999999773e+02
2.281500000000000057e+02
2.921200000000000045e+02
2.881499999999999773e+02
3.206499999999999773e+02
3.806499999999999773e+02
3.341499999999999773e+02
4.551499999999999773e+02
3.870500000000000114e+02
2.093499999999999943e+02
2.590699999999999932e+02
2.670299999999999727e+02
2.626999999999999886e+02
2.668100000000000023e+02
4.266499999999999773e+02
4.561499999999999773e+02
2.981499999999999773e+02
2.808299999999999841e+02
3.308399999999999750e+02
3.341499999999999773e+02
3.794499999999999886e+02
2.960499999999999545e+02
3.381499999999999773e+02
3.566499999999999773e+02
4.341499999999999773e+02
4.543500000000000227e+02
3.791499999999999773e+02
5.081499999999999773e+02
5.691499999999999773e+02
3.724499999999999886e+02
4.011499999999999773e+02
4.532500000000000000e+02
4.111499999999999773e+02
4.111499999999999773e+02
4.351499999999999773e+02
5.851499999999999773e+02
4.571499999999999773e+02
3.889499999999999886e+02
3.623500000000000227e+02
4.442500000000000000e+02
4.204499999999999886e+02
3.721499999999999773e+02
4.558500000000000227e+02
4.381499999999999773e+02
4.781499999999999773e+02
3.471499999999999773e+02
4.001499999999999773e+02
5.081499999999999773e+02
3.066499999999999773e+02
4.831499999999999773e+02
4.161499999999999773e+02
4.336499999999999773e+02
3.113500000000000227e+02
2.581499999999999773e+02
4.211499999999999773e+02
4.901499999999999773e+02
4.451499999999999773e+02
4.111499999999999773e+02
4.182500000000000000e+02
3.871499999999999773e+02
3.787500000000000000e+02
3.355499999999999545e+02
4.075500000000000114e+02
3.456499999999999773e+02
4.686499999999999773e+02
4.321499999999999773e+02
4.747500000000000000e+02
2.311500000000000057e+02
2.517500000000000000e+02
3.251499999999999773e+02
4.151499999999999773e+02
5.821499999999999773e+02
5.721499999999999773e+02
3.164499999999999886e+02
3.460499999999999545e+02
2.931499999999999773e+02
3.786499999999999773e+02
4.061499999999999773e+02
3.745500000000000114e+02
3.263500000000000227e+02
4.231499999999999773e+02
5.201499999999999773e+02
3.576499999999999773e+02
4.431499999999999773e+02
5.271499999999999773e+02
3.471499999999999773e+02
3.236499999999999773e+02
4.018500000000000227e+02
4.561499999999999773e+02
3.441499999999999773e+02
3.706499999999999773e+02
4.731499999999999773e+02
4.621499999999999773e+02
5.091499999999999773e+02
3.402500000000000000e+02
3.781499999999999773e+02
2.101500000000000057e+02
3.156499999999999773e+02
3.461499999999999773e+02
6.041499999999999773e+02
4.931499999999999773e+02
4.776499999999999773e+02
3.381499999999999773e+02
4.301499999999999773e+02
3.671499999999999773e+02
3.741499999999999773e+02
3.411499999999999773e+02
2.771499999999999773e+02
3.009499999999999886e+02
3.426499999999999773e+02
3.146499999999999773e+02
3.291499999999999773e+02
5.031499999999999773e+02
3.301499999999999773e+02
3.496499999999999773e+02
3.131499999999999773e+02
3.131499999999999773e+02
4.846499999999999773e+02
4.641499999999999773e+02
4.951499999999999773e+02
3.651500000000000909e+02
3.881499999999999773e+02
3.301499999999999773e+02
3.621499999999999773e+02
2.842900000000000205e+02
3.631499999999999773e+02
2.381500000000000057e+02
2.835499999999999545e+02
3.731499999999999773e+02
4.343500000000000227e+02
4.991499999999999773e+02
2.521500000000000057e+02
2.778500000000000227e+02
4.061499999999999773e+02
3.446499999999999773e+02
3.391499999999999773e+02
3.696499999999999773e+02
2.742500000000000000e+02
3.331499999999999773e+02
3.971499999999999773e+02
3.521499999999999773e+02
4.081499999999999773e+02
3.911499999999999773e+02
4.466499999999999773e+02
1.921500000000000057e+02
2.874499999999999886e+02
3.627500000000000000e+02
4.696499999999999773e+02
2.261500000000000057e+02
2.091500000000000057e+02
2.680499999999999545e+02
2.097500000000000000e+02
3.436499999999999773e+02
3.591499999999999773e+02
4.496499999999999773e+02
3.981499999999999773e+02
2.511500000000000057e+02
3.213999999999999773e+02
2.470500000000000114e+02
3.836499999999999773e+02
3.251499999999999773e+02
3.241499999999999773e+02
5.546499999999999773e+02
3.396499999999999773e+02
2.731499999999999773e+02
3.981499999999999773e+02
3.516499999999999773e+02
3.906499999999999773e+02
3.844499999999999886e+02
4.221499999999999773e+02
1.951500000000000057e+02
3.021499999999999773e+02
4.641499999999999773e+02
3.189499999999999886e+02
2.831499999999999773e+02
2.081500000000000057e+02
2.401500000000000057e+02
2.581499999999999773e+02
4.031499999999999773e+02
3.996499999999999773e+02
3.376499999999999773e+02
2.609499999999999886e+02
2.608500000000000227e+02
3.201499999999999773e+02
3.301499999999999773e+02
3.306499999999999773e+02
3.281499999999999773e+02
3.261499999999999773e+02
3.311499999999999773e+02
3.986499999999999773e+02
2.101500000000000057e+02
1.962500000000000000e+02
1.826500000000000057e+02
2.741499999999999773e+02
2.816499999999999773e+02
2.961499999999999773e+02
4.739499999999999886e+02
1.876500000000000057e+02
3.396499999999999773e+02
3.671499999999999773e+02
3.596499999999999773e+02
3.701499999999999773e+02
3.851499999999999773e+02
3.911499999999999773e+02
3.261499999999999773e+02
3.224499999999999886e+02
5.251499999999999773e+02
2.781499999999999773e+02
3.208500000000000227e+02
4.034499999999999886e+02
4.391499999999999773e+02
3.811499999999999773e+02
2.441500000000000057e+02
2.712500000000000000e+02
3.591499999999999773e+02
3.079499999999999886e+02
3.648500000000000227e+02
2.989499999999999886e+02
2.873500000000000227e+02
3.263500000000000227e+02
2.671499999999999773e+02
3.141499999999999773e+02
2.996499999999999773e+02
5.571499999999999773e+02
5.051499999999999773e+02
4.271499999999999773e+02
3.886499999999999773e+02
4.181499999999999773e+02
4.551499999999999773e+02
4.681499999999999773e+02
4.521500000000000909e+02
3.581499999999999773e+02
4.396499999999999773e+02
4.591499999999999773e+02
4.891499999999999773e+02
4.931499999999999773e+02
3.231499999999999773e+02
5.031499999999999773e+02
5.096499999999999773e+02
5.461499999999999773e+02
3.731499999999999773e+02
3.831499999999999773e+02
4.456499999999998636e+02
3.221499999999999773e+02
3.071499999999999773e+02
2.984499999999999886e+02
2.417500000000000000e+02
2.093499999999999943e+02
2.501500000000000057e+02
3.781499999999999773e+02
3.045499999999999545e+02
3.191499999999999773e+02
3.136499999999999773e+02
4.231499999999999773e+02
4.101499999999999773e+02
3.741499999999999773e+02
4.990500000000000114e+02
3.119499999999999886e+02
2.753500000000000227e+02
4.549499999999999886e+02
1.928499999999999943e+02
3.491499999999999773e+02
2.521500000000000057e+02
3.561499999999999773e+02
5.051499999999999773e+02
5.371499999999999773e+02
4.451499999999999773e+02
3.691499999999999773e+02
5.211499999999999773e+02
2.031500000000000057e+02
2.011500000000000057e+02
4.131499999999999773e+02
2.631499999999999773e+02
4.211499999999999773e+02
3.711499999999999773e+02
3.559499999999999886e+02
3.861499999999999773e+02
3.251499999999999773e+02
3.081499999999999773e+02
4.889499999999999886e+02
4.551499999999999773e+02
3.616499999999999773e+02
3.606499999999999773e+02
4.576499999999999773e+02
3.691499999999999773e+02
4.381499999999999773e+02
3.491499999999999773e+02
4.331499999999999773e+02
3.841499999999999773e+02
4.211499999999999773e+02
5.026499999999999773e+02
4.821499999999999773e+02
4.216499999999999773e+02
4.411499999999999773e+02
4.096499999999999773e+02
3.941499999999999773e+02
4.126499999999999773e+02
3.956499999999999773e+02
4.069499999999999886e+02
5.126499999999999773e+02
5.471499999999999773e+02
2.331500000000000057e+02
2.271500000000000057e+02
5.556499999999999773e+02
4.031499999999999773e+02
4.141499999999999773e+02
5.551499999999999773e+02
4.441499999999999773e+02
4.941499999999999773e+02
4.461499999999999773e+02
3.626700000000000159e+02
4.931499999999999773e+02
5.201499999999999773e+02
4.048500000000000227e+02
2.671499999999999773e+02
5.206499999999999773e+02
3.511499999999999773e+02
4.192500000000000000e+02
5.256499999999999773e+02
4.051499999999999773e+02
3.254499999999999886e+02
4.416499999999999773e+02
3.091499999999999773e+02
3.976499999999999773e+02
4.741499999999999773e+02
3.321499999999999773e+02
3.731499999999999773e+02
4.076499999999999773e+02
4.021499999999999773e+02
4.654499999999999886e+02
3.891499999999999773e+02
4.981499999999999773e+02
3.661499999999999773e+02
3.296499999999999773e+02
3.061499999999999773e+02
3.360499999999999545e+02
4.006499999999999773e+02
3.231499999999999773e+02
3.091499999999999773e+02
4.461499999999999773e+02
4.291499999999999773e+02
3.011499999999999773e+02
1.871500000000000057e+02
3.376499999999999773e+02
3.401499999999999773e+02
2.142500000000000000e+02
5.111499999999999773e+02
4.445500000000000114e+02
3.561499999999999773e+02
1.780309999999999775e+02
4.016499999999999773e+02
3.661499999999999773e+02
3.431499999999999773e+02
2.571499999999999773e+02
4.461499999999999773e+02
3.456499999999999773e+02
3.581499999999999773e+02
3.376499999999999773e+02
2.182500000000000000e+02
4.436499999999999773e+02
3.961499999999999773e+02
4.516499999999999773e+02
2.996100000000000136e+02
5.031499999999999773e+02
5.731499999999999773e+02
4.461499999999999773e+02
3.761499999999999773e+02
3.656499999999999773e+02
4.371499999999999773e+02
3.661499999999999773e+02
5.661499999999999773e+02
5.661499999999999773e+02
5.661499999999999773e+02
5.501499999999999773e+02
3.660500000000000114e+02
4.011499999999999773e+02
3.721499999999999773e+02
4.971499999999999773e+02
3.046499999999999773e+02
3.049800000000000182e+02
3.951499999999999773e+02
5.616499999999999773e+02
4.513500000000000227e+02
2.771499999999999773e+02
4.531499999999999773e+02
3.846499999999999773e+02
4.716499999999999773e+02
3.461499999999999773e+02
3.951499999999999773e+02
3.541499999999999773e+02
4.346499999999999773e+02
3.946499999999999773e+02
3.661499999999999773e+02
3.421499999999999773e+02
2.793500000000000227e+02
2.721499999999999773e+02
3.309499999999999886e+02
4.396499999999999773e+02
3.241499999999999773e+02
3.406499999999999773e+02
2.976499999999999773e+02
3.326499999999999773e+02
4.391499999999999773e+02
3.690500000000000114e+02
3.784499999999999886e+02
4.066499999999999773e+02
3.946499999999999773e+02
3.901499999999999773e+02
3.761499999999999773e+02
3.261499999999999773e+02
3.026499999999999773e+02
4.141499999999999773e+02
3.911499999999999773e+02
4.021499999999999773e+02
4.171499999999999773e+02
3.606499999999999773e+02
3.541499999999999773e+02
4.003500000000000227e+02
3.904499999999999886e+02
3.751499999999999773e+02
3.031499999999999773e+02
2.996499999999999773e+02
3.407500000000000000e+02
3.037500000000000000e+02
4.241499999999999773e+02
2.373499999999999943e+02
1.797299999999999613e+02
4.441499999999999773e+02
2.975499999999999545e+02
3.849499999999999886e+02
4.536499999999999773e+02
4.001499999999999773e+02
4.411499999999999773e+02
4.536499999999999773e+02
4.616499999999999773e+02
4.161499999999999773e+02
4.341499999999999773e+02
2.587399999999999523e+02
2.423499999999999943e+02
3.164499999999999886e+02
2.161500000000000057e+02
4.201499999999999773e+02
4.356499999999999773e+02
3.474499999999999886e+02
2.911499999999999773e+02
3.721499999999999773e+02
3.366499999999999773e+02
3.626499999999999773e+02
3.791499999999999773e+02
3.371499999999999773e+02
2.431500000000000057e+02
2.856499999999999773e+02
4.161499999999999773e+02
4.514499999999999886e+02
2.626499999999999773e+02
2.501500000000000057e+02
3.011499999999999773e+02
4.151499999999999773e+02
2.871499999999999773e+02
4.679499999999999886e+02
2.826499999999999773e+02
3.051499999999999773e+02
3.881499999999999773e+02
4.101499999999999773e+02
1.681499999999999773e+02
2.231500000000000057e+02
1.723499999999999659e+02
2.911499999999999773e+02
3.285499999999999545e+02
4.771499999999999773e+02
3.216499999999999773e+02
2.431500000000000057e+02
2.600499999999999545e+02
3.827500000000000000e+02
2.121500000000000057e+02
4.541499999999999773e+02
3.297500000000000000e+02
3.427500000000000000e+02
3.558500000000000227e+02
3.369499999999999886e+02
3.256499999999999773e+02
3.314499999999999886e+02
3.591499999999999773e+02
3.581499999999999773e+02
2.430500000000000114e+02
2.655499999999999545e+02
3.236499999999999773e+02
3.611499999999999773e+02
3.751499999999999773e+02
3.606499999999999773e+02
2.208499999999999943e+02
3.461499999999999773e+02
4.190500000000000114e+02
3.291499999999999773e+02
4.991499999999999773e+02
3.317500000000000000e+02
3.682500000000000000e+02
3.341499999999999773e+02
3.561499999999999773e+02
2.831499999999999773e+02
3.365499999999999545e+02
3.351499999999999773e+02
3.011499999999999773e+02
2.921499999999999773e+02
3.286499999999999773e+02
3.521499999999999773e+02
4.471499999999999773e+02
3.651499999999999773e+02
4.011499999999999773e+02
3.786499999999999773e+02
3.691499999999999773e+02
3.901499999999999773e+02
3.511499999999999773e+02
3.111499999999999773e+02
4.251499999999999773e+02
5.461499999999999773e+02
2.601499999999999773e+02
3.511499999999999773e+02
3.691499999999999773e+02
5.261499999999999773e+02
3.291499999999999773e+02
3.546499999999999773e+02
4.009499999999999886e+02
3.096499999999999773e+02
2.993500000000000227e+02
4.238500000000000227e+02
3.616499999999999773e+02
3.176499999999999773e+02
2.281500000000000057e+02
2.220500000000000114e+02
3.831499999999999773e+02
3.386499999999999773e+02
3.761499999999999773e+02
3.031499999999999773e+02
4.311499999999999773e+02
4.061499999999999773e+02
3.616499999999999773e+02
3.806499999999999773e+02
3.681499999999999773e+02
4.931499999999999773e+02
3.351499999999999773e+02
4.002500000000000000e+02
2.422500000000000000e+02
2.016500000000000057e+02
3.851499999999999773e+02
3.781499999999999773e+02
4.471499999999999773e+02
2.441500000000000057e+02
3.096499999999999773e+02
4.881499999999999773e+02
4.571499999999999773e+02
3.066499999999999773e+02
3.731499999999999773e+02
3.504499999999999886e+02
3.141499999999999773e+02
2.881499999999999773e+02
3.919499999999999886e+02
2.065000000000000000e+02
2.550500000000000114e+02
2.768299999999999841e+02
3.126499999999999773e+02
2.907500000000000000e+02
4.334499999999999886e+02
2.691499999999999773e+02
3.051499999999999773e+02
3.036499999999999773e+02
2.375500000000000114e+02
2.247500000000000000e+02
3.161499999999999773e+02
3.461499999999999773e+02
2.704800000000000182e+02
2.896499999999999773e+02
2.826499999999999773e+02
2.921499999999999773e+02
2.511500000000000057e+02
3.121499999999999773e+02
1.931500000000000057e+02
3.469499999999999886e+02
4.536499999999999773e+02
4.011499999999999773e+02
3.186499999999999773e+02
3.251499999999999773e+02
2.706499999999999773e+02
4.841499999999999773e+02
5.661499999999999773e+02
3.744499999999999886e+02
3.690500000000000114e+02
3.941499999999999773e+02
3.620500000000000114e+02
4.231499999999999773e+02
3.539499999999999886e+02
2.683500000000000227e+02
4.831499999999999773e+02
4.031499999999999773e+02
3.056499999999999773e+02
3.081499999999999773e+02
3.321499999999999773e+02
4.621499999999999773e+02
3.398500000000000227e+02
4.721499999999999773e+02
4.331499999999999773e+02
3.220499999999999545e+02
3.831499999999999773e+02
4.581499999999999773e+02
3.521499999999999773e+02
4.453500000000000227e+02
3.481499999999999773e+02
3.026499999999999773e+02
3.469499999999999886e+02
4.111499999999999773e+02
4.291499999999999773e+02
4.571499999999999773e+02
4.271499999999999773e+02
5.001499999999999773e+02
3.221499999999999773e+02
4.211499999999999773e+02
3.372300000000000182e+02
3.986499999999999773e+02
3.231499999999999773e+02
3.441499999999999773e+02
3.851499999999999773e+02
4.208500000000000227e+02
2.825499999999999545e+02
3.111499999999999773e+02
3.271499999999999773e+02
4.203500000000000227e+02
5.046499999999999773e+02
4.158500000000000227e+02
4.631499999999999773e+02
2.787999999999999545e+02
4.111499999999999773e+02
3.901499999999999773e+02
4.271499999999999773e+02
3.571499999999999773e+02
3.901499999999999773e+02
4.726499999999999773e+02
4.341499999999999773e+02
4.161499999999999773e+02
4.131499999999999773e+02
4.911499999999999773e+02
4.379499999999999886e+02
2.741499999999999773e+02
3.361499999999999773e+02
3.471499999999999773e+02
3.036499999999999773e+02
3.696499999999999773e+02
3.481499999999999773e+02
3.251499999999999773e+02
4.809499999999999886e+02
4.201499999999999773e+02
4.144499999999999886e+02
5.141499999999999773e+02
4.266499999999999773e+02
4.886499999999999773e+02
3.897500000000000000e+02
4.206499999999999773e+02
2.931499999999999773e+02
3.091499999999999773e+02
3.441499999999999773e+02
3.101499999999999773e+02
3.341499999999999773e+02
3.860500000000000114e+02
3.551499999999999773e+02
2.261500000000000057e+02
2.391500000000000057e+02
1.837299999999999898e+02
1.931500000000000057e+02
2.181500000000000057e+02
2.501500000000000057e+02
3.441499999999999773e+02
4.281499999999999773e+02
4.974499999999999886e+02
3.651499999999999773e+02
3.021499999999999773e+02
4.591499999999999773e+02
5.261499999999999773e+02
4.811499999999999773e+02
4.751499999999999773e+02
3.111499999999999773e+02
2.444499999999999886e+02
3.286499999999999773e+02
3.481499999999999773e+02
3.771499999999999773e+02
2.881499999999999773e+02
4.754499999999999886e+02
3.180499999999999545e+02
3.681499999999999773e+02
3.869499999999999886e+02
3.341499999999999773e+02
3.661499999999999773e+02
4.276499999999999773e+02
4.891499999999999773e+02
3.136499999999999773e+02
3.554499999999999886e+02
3.480499999999999545e+02
4.071499999999999773e+02
3.016499999999999773e+02
3.541499999999999773e+02
3.531499999999999773e+02
3.781499999999999773e+02
4.111499999999999773e+02
4.371499999999999773e+02
3.881499999999999773e+02
4.361499999999999773e+02
4.146499999999999773e+02
3.291499999999999773e+02
5.111499999999999773e+02
1.688499999999999659e+02
1.818499999999999943e+02
3.351499999999999773e+02
3.221499999999999773e+02
3.756499999999999773e+02
4.251499999999999773e+02
4.611499999999999773e+02
3.231499999999999773e+02
5.096499999999999773e+02
4.536499999999999773e+02
3.611499999999999773e+02
4.211499999999999773e+02
3.611499999999999773e+02
4.531499999999999773e+02
5.376499999999999773e+02
3.451499999999999773e+02
3.196499999999999773e+02
2.695499999999999545e+02
2.890499999999999545e+02
3.248500000000000227e+02
3.056499999999999773e+02
2.707500000000000000e+02
4.321499999999999773e+02
3.301499999999999773e+02
4.041499999999999773e+02
2.236500000000000057e+02
2.721499999999999773e+02
4.671499999999999773e+02
4.896499999999999773e+02
4.418500000000000227e+02
4.136499999999999773e+02
5.461499999999999773e+02
5.761499999999999773e+02
5.801499999999999773e+02
4.271499999999999773e+02
3.991499999999999773e+02
3.841499999999999773e+02
4.421499999999999773e+02
4.941499999999999773e+02
3.201499999999999773e+02
3.801499999999999773e+02
3.151499999999999773e+02
3.490499999999999545e+02
2.721499999999999773e+02
2.981499999999999773e+02
3.257500000000000000e+02
3.021499999999999773e+02
3.781499999999999773e+02
3.248500000000000227e+02
2.691499999999999773e+02
2.196500000000000057e+02
2.731499999999999773e+02
2.931499999999999773e+02
4.131499999999999773e+02
5.171499999999999773e+02
4.821499999999999773e+02
5.721499999999999773e+02
4.221499999999999773e+02
4.786499999999999773e+02
3.056499999999999773e+02
3.536499999999999773e+02
4.841499999999999773e+02
4.216499999999999773e+02
3.871499999999999773e+02
3.597500000000000000e+02
4.551499999999999773e+02
4.111499999999999773e+02
4.576499999999999773e+02
4.836499999999999773e+02
4.206499999999999773e+02
3.278500000000000227e+02
4.681499999999999773e+02
5.070500000000000114e+02
4.178500000000000227e+02
3.971499999999999773e+02
3.096499999999999773e+02
3.071499999999999773e+02
2.761499999999999773e+02
3.771499999999999773e+02
2.849499999999999886e+02
2.442500000000000000e+02
1.769499999999999886e+02
4.921499999999999773e+02
2.221500000000000057e+02
3.591499999999999773e+02
4.961499999999999773e+02
5.131499999999999773e+02
4.114499999999999886e+02
3.797099999999999795e+02
3.503500000000000227e+02
3.917099999999999795e+02
4.455500000000000114e+02
4.479100000000000250e+02
5.371499999999999773e+02
4.311499999999999773e+02
3.216499999999999773e+02
4.239499999999999886e+02
4.491499999999999773e+02
4.580500000000000114e+02
4.298500000000000227e+02
3.189499999999999886e+02
3.586499999999999773e+02
3.121499999999999773e+02
4.481499999999999773e+02
4.161499999999999773e+02
4.881499999999999773e+02
4.571499999999999773e+02
3.551499999999999773e+02
4.091499999999999773e+02
4.566499999999999773e+02
4.261499999999999773e+02
3.546499999999999773e+02
3.461499999999999773e+02
4.331499999999999773e+02
3.474499999999999886e+02
3.526499999999999773e+02
3.481499999999999773e+02
3.071499999999999773e+02
5.661499999999999773e+02
3.881499999999999773e+02
3.421499999999999773e+02
3.701499999999999773e+02
3.301499999999999773e+02
2.716499999999999773e+02
4.006499999999999773e+02
2.931499999999999773e+02
4.451499999999999773e+02
4.011499999999999773e+02
3.521499999999999773e+02
4.213500000000000227e+02
4.576499999999999773e+02
4.611499999999999773e+02
4.241499999999999773e+02
3.901499999999999773e+02
5.059499999999999886e+02
3.341499999999999773e+02
3.811499999999999773e+02
3.336499999999999773e+02
3.786499999999999773e+02
2.687500000000000000e+02
2.951499999999999773e+02
3.006499999999999773e+02
5.891499999999999773e+02
4.371499999999999773e+02
3.471499999999999773e+02
3.164499999999999886e+02
3.481499999999999773e+02
4.031499999999999773e+02
3.561499999999999773e+02
4.876499999999999773e+02
4.996499999999999773e+02
5.086499999999999773e+02
4.205500000000000114e+02
5.591499999999999773e+02
3.644499999999999886e+02
4.451499999999999773e+02
3.841499999999999773e+02
2.621000000000000227e+02
4.116499999999999773e+02
5.331499999999999773e+02
6.091499999999999773e+02
3.421499999999999773e+02
4.056499999999999773e+02
2.981499999999999773e+02
3.421499999999999773e+02
3.341499999999999773e+02
3.118299999999999841e+02
2.821499999999999773e+02
3.636499999999999773e+02
3.111499999999999773e+02
3.201499999999999773e+02
3.971499999999999773e+02
3.079499999999999886e+02
3.624499999999999886e+02
3.645500000000000114e+02
3.941499999999999773e+02
3.511499999999999773e+02
3.530499999999999545e+02
4.431499999999999773e+02
2.622500000000000000e+02
1.801500000000000057e+02
3.644499999999999886e+02
4.901499999999999773e+02
2.811499999999999773e+02
3.636499999999999773e+02
3.486499999999999773e+02
3.486499999999999773e+02
3.691499999999999773e+02
1.883700000000000045e+02
3.462500000000000000e+02
3.331499999999999773e+02
2.721499999999999773e+02
3.791499999999999773e+02
4.271499999999999773e+02
2.741499999999999773e+02
3.809499999999999886e+02
4.296499999999999773e+02
4.126499999999999773e+02
4.896499999999999773e+02
5.751499999999999773e+02
3.254499999999999886e+02
4.631499999999999773e+02
4.981499999999999773e+02
3.330499999999999545e+02
3.906499999999999773e+02
3.001499999999999773e+02
2.651499999999999773e+02
3.313500000000000227e+02
3.376499999999999773e+02
4.321499999999999773e+02
2.315200000000000102e+02
3.021499999999999773e+02
3.231499999999999773e+02
3.521499999999999773e+02
3.814499999999999886e+02
4.019499999999999886e+02
4.291499999999999773e+02
4.097500000000000000e+02
5.101499999999999773e+02
5.911499999999999773e+02
3.939499999999999886e+02
3.834499999999999886e+02
3.951499999999999773e+02
4.924499999999999886e+02
5.016499999999999773e+02
5.221499999999999773e+02
5.271499999999999773e+02
5.251499999999999773e+02
5.291499999999999773e+02
5.971499999999999773e+02
2.653500000000000227e+02
2.520500000000000114e+02
2.655499999999999545e+02
2.666499999999999773e+02
3.261499999999999773e+02
3.071499999999999773e+02
3.809499999999999886e+02
4.021499999999999773e+02
4.211499999999999773e+02
3.791499999999999773e+02
3.197500000000000000e+02
3.566499999999999773e+02
2.866499999999999773e+02
2.891499999999999773e+02
3.636499999999999773e+02
4.711499999999999773e+02
4.006499999999999773e+02
4.246499999999999773e+02
2.951499999999999773e+02
4.351499999999999773e+02
2.497599999999999909e+02
4.641499999999999773e+02
4.346499999999999773e+02
3.671499999999999773e+02
2.153600000000000136e+02
2.990699999999999932e+02
3.629499999999999886e+02
3.601499999999999773e+02
3.208500000000000227e+02
5.471499999999999773e+02
4.021499999999999773e+02
3.671499999999999773e+02
4.279499999999999886e+02
3.791499999999999773e+02
3.891499999999999773e+02
3.371499999999999773e+02
2.583700000000000045e+02
4.291499999999999773e+02
4.601499999999999773e+02
4.726499999999999773e+02
4.744499999999999886e+02
4.831499999999999773e+02
4.971499999999999773e+02
4.681499999999999773e+02
5.111499999999999773e+02
3.471499999999999773e+02
3.056499999999999773e+02
5.425499999999999545e+02
3.661499999999999773e+02
3.426499999999999773e+02
4.946499999999999773e+02
4.081499999999999773e+02
5.035500000000000114e+02
4.836499999999999773e+02
4.751499999999999773e+02
5.091499999999999773e+02
5.361499999999999773e+02
3.981499999999999773e+02
3.311349999999999909e+02
3.821499999999999773e+02
3.701499999999999773e+02
4.781499999999999773e+02
4.881499999999999773e+02
4.366499999999999773e+02
4.492500000000000000e+02
3.769499999999999886e+02
3.611499999999999773e+02
2.930499999999999545e+02
3.391499999999999773e+02
3.735500000000000114e+02
3.631499999999999773e+02
3.421499999999999773e+02
4.341499999999999773e+02
4.719499999999999886e+02
3.771499999999999773e+02
2.922500000000000000e+02
3.562500000000000000e+02
3.091499999999999773e+02
2.316500000000000057e+02
3.931499999999999773e+02
5.701499999999999773e+02
2.581499999999999773e+02
3.156499999999999773e+02
3.111499999999999773e+02
4.101499999999999773e+02
2.251500000000000057e+02
2.899100000000000250e+02
3.721499999999999773e+02
4.281499999999999773e+02
2.371500000000000057e+02
2.820499999999999545e+02
3.241499999999999773e+02
4.416499999999999773e+02
4.691499999999999773e+02
4.521499999999999773e+02
2.151500000000000057e+02
2.901499999999999773e+02
3.011499999999999773e+02
3.086499999999999773e+02
3.584499999999999886e+02
4.421499999999999773e+02
2.704800000000000182e+02
2.870499999999999545e+02
3.721499999999999773e+02
4.719499999999999886e+02
4.300500000000000114e+02
2.230500000000000114e+02
3.156499999999999773e+02
3.661499999999999773e+02
2.395399999999999920e+02
4.696499999999999773e+02
4.011499999999999773e+02
2.748500000000000227e+02
5.981499999999999773e+02
5.081499999999999773e+02
4.041499999999999773e+02
5.431500000000000909e+02
3.171499999999999773e+02
3.521499999999999773e+02
3.071499999999999773e+02
2.896499999999999773e+02
3.534499999999999886e+02
5.499500000000000455e+02
6.161499999999999773e+02
4.289499999999999886e+02
2.961499999999999773e+02
3.931499999999999773e+02
4.846499999999999773e+02
3.653500000000000227e+02
3.941499999999999773e+02
2.831499999999999773e+02
2.031500000000000057e+02
4.151499999999999773e+02
2.311500000000000057e+02
3.461499999999999773e+02
3.696499999999999773e+02
3.516499999999999773e+02
5.275499999999999545e+02
3.341499999999999773e+02
3.306499999999999773e+02
2.037500000000000000e+02
3.641499999999999773e+02
2.956499999999999773e+02
4.188500000000000227e+02
2.711499999999999773e+02
4.238500000000000227e+02
4.531499999999999773e+02
2.831499999999999773e+02
3.001499999999999773e+02
2.888500000000000227e+02
2.946499999999999773e+02
1.584499999999999886e+02
3.469499999999999886e+02
3.086499999999999773e+02
2.786499999999999773e+02
3.111499999999999773e+02
2.876499999999999773e+02
3.106499999999999773e+02
4.066499999999999773e+02
3.227500000000000000e+02
2.513499999999999943e+02
3.181499999999999773e+02
3.171499999999999773e+02
4.721499999999999773e+02
3.859499999999999886e+02
3.086499999999999773e+02
4.501499999999999773e+02
1.560499999999999829e+02
3.411499999999999773e+02
2.682500000000000000e+02
3.171499999999999773e+02
2.288499999999999943e+02
3.741499999999999773e+02
3.471499999999999773e+02
3.181499999999999773e+02
4.631499999999999773e+02
3.944499999999999886e+02
4.511499999999999773e+02
5.021499999999999773e+02
4.489499999999999886e+02
2.991499999999999773e+02
3.941499999999999773e+02
3.540499999999999545e+02
5.242500000000000000e+02
2.386500000000000057e+02
3.996499999999999773e+02
5.481499999999999773e+02
5.301499999999999773e+02
1.726499999999999773e+02
4.781499999999999773e+02
4.496499999999999773e+02
4.211499999999999773e+02
4.436499999999999773e+02
4.831499999999999773e+02
3.911499999999999773e+02
4.771499999999999773e+02
3.231499999999999773e+02
4.266499999999999773e+02
3.816499999999999773e+02
2.882500000000000000e+02
6.121499999999999773e+02
4.055500000000000114e+02
5.001499999999999773e+02
5.881499999999999773e+02
4.601499999999998636e+02
4.791499999999999773e+02
2.966499999999999773e+02
2.631499999999999773e+02
3.021499999999999773e+02
3.331499999999999773e+02
3.721499999999999773e+02
