6.218576526001337470e+02
2.825620393335276503e+02
3.272525462696223144e+02
2.647744672451111114e+02
1.647769965040780846e+02
3.699707878390819360e+02
4.376934480211800178e+02
3.932242619709268183e+02
3.919355462387234184e+02
2.839597988908532784e+02
3.796390175767380697e+02
3.864989717887397660e+02
6.698216403417197853e+02
2.971203126191411457e+02
5.619723402416889257e+02
3.996832170323783089e+02
5.793530701104514264e+02
3.564881313918689330e+02
4.453738408925922272e+02
1.752752451808023864e+02
2.333909269493420311e+02
6.377235752968288125e+02
2.758307878390819496e+02
3.052903439417539175e+02
3.876361926671621632e+02
4.211683506870138558e+02
4.955736350507872885e+02
4.269740433198246023e+02
3.537845303263396204e+02
2.944452978950404827e+02
3.370734366437354197e+02
3.370734366437354197e+02
6.439956621533938232e+02
3.253770198283573905e+02
3.253770198283573905e+02
3.494097988908532670e+02
3.153069194383688227e+02
3.700569333389098574e+02
4.784590853664388419e+02
4.439190299978882308e+02
3.840077952496636158e+02
4.275986312929008477e+02
4.606055087213708248e+02
4.089019284654458488e+02
6.256824887707249445e+02
2.302972878868849023e+02
3.066217873054528695e+02
3.738809098316473865e+02
3.768893277000386206e+02
5.971903023848791463e+02
5.261422910415227534e+02
4.053881746365602794e+02
5.475611436418361109e+02
5.104397848808922618e+02
3.871698233234103554e+02
3.818410006645062822e+02
3.273883537335701135e+02
3.494097988908532670e+02
3.434891913680085054e+02
4.418959157682549517e+02
4.279780239655729588e+02
5.497246694280785277e+02
4.972311733975110428e+02
4.972311733975110428e+02
4.058617519911009026e+02
2.758896744492038806e+02
3.629477635188549129e+02
3.695944027520559416e+02
4.513197487509519874e+02
3.256820393335277117e+02
3.316796065716278008e+02
2.567133893397682414e+02
2.976038372592977908e+02
3.521858970021017399e+02
4.837676408412779097e+02
3.853276928510005632e+02
3.778416685508019555e+02
4.795282155736151708e+02
4.320603847308312879e+02
2.546426212878753859e+02
4.240346527491565212e+02
4.600600073250037667e+02
3.669720377042460768e+02
4.720747733922890461e+02
4.989921692486502138e+02
4.133460506804848933e+02
3.159315458521321602e+02
2.359841046027347602e+02
4.937860625500487686e+02
5.665095576215881010e+02
3.765811815741798227e+02
3.673956380574337572e+02
3.083480324346374459e+02
3.570744027520559598e+02
3.472826751224845339e+02
3.472826751224845339e+02
4.406493277492030529e+02
2.582478638816590433e+02
4.099540529395129624e+02
3.883334366437354106e+02
5.036078911836287944e+02
3.540313917171829985e+02
3.641610169052047468e+02
3.564881313918689898e+02
4.461684654392760763e+02
3.591389675686859846e+02
4.886145794080262590e+02
4.482355358439840529e+02
3.578250326602708355e+02
4.108603022648526348e+02
4.070807962924562844e+02
4.599264036010234804e+02
3.261902109638379557e+02
4.475847544115774781e+02
2.645919910969814168e+02
5.186944445648092596e+02
4.959352292732901333e+02
3.111226545408144375e+02
3.011370198283574382e+02
3.570744027520559598e+02
4.875577410007701928e+02
4.895619529888948591e+02
4.099540529395129624e+02
3.359933360539966429e+02
3.593232711637367629e+02
3.593232711637367629e+02
4.717322487243541786e+02
4.515456613882625447e+02
3.397187532018795650e+02
4.351182255697461869e+02
4.117098141371005795e+02
2.368846087693969196e+02
3.901238149855741426e+02
3.561850109597127130e+02
3.538066740633115614e+02
3.504702969262736474e+02
3.390230981068677920e+02
5.327764194061626313e+02
5.327764194061626313e+02
4.458315600943195136e+02
2.468262475076892599e+02
5.566705500515757876e+02
2.890831437801339234e+02
2.753049295072390805e+02
2.746114076097719590e+02
2.746114076097719590e+02
2.397793264941214488e+02
4.535325314408264603e+02
3.169734804510700314e+02
3.023562994236629606e+02
2.753049295072390805e+02
3.281432673829864370e+02
4.119673858796085142e+02
3.269529340368126213e+02
3.797568393168417060e+02
3.304795522543811330e+02
2.635849410056810598e+02
3.169734804510700314e+02
5.019385722409828645e+02
4.919539795575179824e+02
5.545188497512292543e+02
2.895766732040997908e+02
3.664384689765873304e+02
1.838417757793359044e+02
3.617862644220708717e+02
2.072012030241616571e+02
2.096212030241616731e+02
2.548574749771600239e+02
2.925631748819197355e+02
2.532932553554993831e+02
2.240493804250889411e+02
6.239324209220396824e+02
5.682631446005261751e+02
2.690623841565789007e+02
2.651790294545658071e+02
3.139014196392387248e+02
3.163214196392386839e+02
3.216782491915423066e+02
3.194305398221118821e+02
3.385560860789210551e+02
1.600388344408000307e+02
4.107926376868613261e+02
3.521712693615054945e+02
4.059449968980338781e+02
5.143269171728824176e+02
6.386366030403113427e+02
5.114465859907942900e+02
4.142277299555700552e+02
6.847419945388845690e+02
3.214982616789378653e+02
2.629357795468383756e+02
3.440699912436808745e+02
2.868481415514724517e+02
2.868481415514724517e+02
2.777459820844749174e+02
2.777459820844749174e+02
3.748032940702734663e+02
2.748513853029904226e+02
2.748513853029904226e+02
4.639850546961597502e+02
4.724963336900904096e+02
3.337689683631533057e+02
3.195078877376835180e+02
2.008210417827326353e+02
5.029594771482161377e+02
4.015132006803887066e+02
5.378399067579116490e+02
4.528004423880835816e+02
5.109313247453234226e+02
5.123438632419570240e+02
2.903648490691276720e+02
4.211185412563149271e+02
3.155065354108269844e+02
3.033857225581023727e+02
3.033857225581023727e+02
3.033857225581023727e+02
3.311490299978882490e+02
3.436690299978882877e+02
3.436690299978882877e+02
3.436690299978882877e+02
4.149298915274637807e+02
4.149298915274637807e+02
5.657451846839823020e+02
3.298665099043871578e+02
4.994369067235062971e+02
4.817892444239504925e+02
4.301413269432710536e+02
4.301413269432710536e+02
3.894610150572422640e+02
3.085248028869777954e+02
3.028464794562568159e+02
3.028464794562568159e+02
5.641722790774101668e+02
2.065405413942200425e+02
2.701129381459800811e+02
3.466637041517573152e+02
4.200186536104307606e+02
3.200952485458304864e+02
3.200952485458304864e+02
4.666915131876218084e+02
5.538515087207617853e+02
5.794811686184179962e+02
4.025101792766079711e+02
6.518517963202251622e+02
1.088146285616988735e+03
4.377126859308883127e+02
2.967495457964370189e+02
3.582647667586094258e+02
5.854606053232589602e+02
3.961553247212202109e+02
4.678914414889503632e+02
4.355144535717164445e+02
6.742766461440984358e+02
3.072978887283554741e+02
3.755736642788865538e+02
2.368593967038178221e+02
2.145097611970074070e+02
3.376790481383637257e+02
2.238629958494539949e+02
4.112460230269076646e+02
2.306840971266739757e+02
1.848729465145171105e+02
1.871932037779632196e+02
3.434044086448079725e+02
6.315942505233537076e+02
5.998073548538667410e+02
3.096518677616381865e+02
2.786976816020923593e+02
2.345690427455506040e+02
2.587526545408144898e+02
2.410238260933127776e+02
5.860427190285220149e+02
9.176432644827468721e+02
2.790945569612486565e+02
4.515482711178927957e+02
5.047434825062618415e+02
2.210212651867831255e+02
8.008112599036199981e+02
4.112564915736620037e+02
3.184683164114052829e+02
2.303356382979442571e+02
5.326241619364697044e+02
5.122906324420243891e+02
4.012505991434497332e+02
5.663801885282460944e+02
1.909171507617421071e+02
5.818364287998483633e+02
5.818364287998483633e+02
5.108448941936069900e+02
3.827936635224484121e+02
4.106651075062085283e+02
6.122474441442426496e+02
3.238977060624970932e+02
4.753275110307779983e+02
4.753275110307779983e+02
5.052533211698396940e+02
3.297090709500217827e+02
3.072452065147628559e+02
5.946261202785483420e+02
3.999333769672642802e+02
2.797196071340935646e+02
5.721568160932396268e+02
2.091534329766332121e+02
3.711410093173771543e+02
2.675025735950325725e+02
3.088668354342986504e+02
3.088668354342986504e+02
3.088668354342986504e+02
3.936990358145133087e+02
4.486601843083071799e+02
2.946512601904768758e+02
3.567202927889593411e+02
4.316276385426751290e+02
3.469844535717163581e+02
3.469844535717163581e+02
3.423451585721359720e+02
4.280095886282416586e+02
3.368868503401984071e+02
3.964211077977941500e+02
3.259316560224219188e+02
3.259316560224219188e+02
3.177704960864060695e+02
2.943683537335700748e+02
2.447477018507693742e+02
1.766012030241616628e+02
2.145115694976948362e+02
3.277138372592978612e+02
2.268331748819197458e+02
2.303159633341796564e+02
3.837359883334099209e+02
3.835359854937536284e+02
3.924962644220709649e+02
4.122724759210458387e+02
2.866187966262784244e+02
4.156992097748301376e+02
4.179243206380449465e+02
2.833014196392387021e+02
2.699182961568786823e+02
3.125948810268414491e+02
2.173730758197375792e+02
3.227361847246443745e+02
3.889584280315205547e+02
3.043908739206402174e+02
3.799651785097995003e+02
4.756009389125796361e+02
3.761662520643472476e+02
4.331722910415228966e+02
6.438117765955086043e+02
4.493135986866039957e+02
5.717416078056826336e+02
1.853100240917748920e+02
1.661768262770043805e+02
3.904537848946053487e+02
3.218154734373405290e+02
3.770933692143610187e+02
3.220434185048141558e+02
2.327883537335700908e+02
3.608189125234563335e+02
2.055651559110196160e+02
2.798795756856628145e+02
3.778753451093317608e+02
3.804533236820740854e+02
2.108637578322414470e+02
3.277138372592978612e+02
3.230909098316473091e+02
2.693854405898345021e+02
2.947106057352573885e+02
2.947106057352573885e+02
2.947106057352573885e+02
2.188806057352573760e+02
3.835080123842184321e+02
4.220525806146097239e+02
3.865140529395129079e+02
2.141968262770043907e+02
2.204970505538701104e+02
2.162360175485419802e+02
2.169049305450889733e+02
3.514865815840490200e+02
3.623817405477668103e+02
3.736876373917052092e+02
2.793893620638801281e+02
3.489060860789210778e+02
3.392440433198245842e+02
3.392440433198245842e+02
3.392440433198245842e+02
3.392440433198245842e+02
4.060481161266482673e+02
3.801654795959591411e+02
4.426547544115774144e+02
3.125895756856627941e+02
3.080479982355020070e+02
3.531918677616381501e+02
2.146561950209651286e+02
2.021939678909704128e+02
3.238426751224845930e+02
3.238426751224845930e+02
3.514865815840490200e+02
3.545845303263396318e+02
2.787545303263396477e+02
2.787545303263396477e+02
2.638398318394250737e+02
2.638398318394250737e+02
2.638398318394250737e+02
2.638398318394250737e+02
2.638398318394250737e+02
4.144493418842386632e+02
4.144493418842386632e+02
3.238426751224845930e+02
2.913811449085033018e+02
3.296777853931890263e+02
3.296777853931890263e+02
3.892740430620455641e+02
2.242071836370042206e+02
3.856881506073923447e+02
3.257402177410994568e+02
2.870689943045334758e+02
2.774514557318733523e+02
2.670414557318733273e+02
5.386764081713561154e+02
4.979817711580687387e+02
5.686432815516726578e+02
5.207191095903600626e+02
5.207191095903600626e+02
5.207191095903600626e+02
5.207191095903600626e+02
5.207191095903600626e+02
6.762196429170270449e+02
5.611166954296385256e+02
4.361119010311365400e+02
4.361119010311365400e+02
4.361119010311365400e+02
6.356092983556994795e+02
4.652975924134923389e+02
5.878267927002183342e+02
5.878267927002183342e+02
5.878267927002183342e+02
4.946355994996088157e+02
4.893412183537134297e+02
4.893412183537134297e+02
3.882451955423293839e+02
5.340666454520907109e+02
5.031586448873961785e+02
5.082663225009697499e+02
3.800281674468959636e+02
3.732517417744133468e+02
4.895063959150133996e+02
4.895063959150134565e+02
4.895063959150134565e+02
5.907570922511529261e+02
5.359160322564466696e+02
5.359160322564466696e+02
5.359160322564466696e+02
5.359160322564466696e+02
5.359160322564466696e+02
4.712368562864804744e+02
6.386660776193288029e+02
5.340666454520907109e+02
5.620727397791717976e+02
3.699790504148812715e+02
3.849790504148812715e+02
3.873990504148812306e+02
4.888815647976339847e+02
6.163214160210060300e+02
6.163214160210060300e+02
5.394084383295848966e+02
4.312541379993370469e+02
2.235582427635544036e+02
3.992506646492583400e+02
2.923981203964183919e+02
3.032833360539966066e+02
2.822570198283573859e+02
3.804834728918752376e+02
4.658274437656300506e+02
3.081777952496635749e+02
4.500233484044152306e+02
4.070807962924562844e+02
3.254698141371006841e+02
3.341240529395130352e+02
3.237140529395129533e+02
5.274201167479645846e+02
3.650183572420455675e+02
4.086151007906985342e+02
4.441453255125231863e+02
3.745710169052047149e+02
3.641610169052047468e+02
3.822351240861021324e+02
4.827467429784770729e+02
1.961768262770043805e+02
3.884228303148238410e+02
4.269825806146096738e+02
7.577856866164482881e+02
6.856477114246190467e+02
6.107242561889395347e+02
4.205330764192381139e+02
3.434105718337638109e+02
3.352542846533577858e+02
2.873895404311941206e+02
3.199535439685446363e+02
2.327468972330945007e+02
2.479730758197375451e+02
3.572229084371418253e+02
3.050499154444853502e+02
4.074120087059669686e+02
1.196054685975418579e+03
2.646335490440254716e+02
2.670038372592977680e+02
2.670038372592977680e+02
2.670038372592977680e+02
4.808656947427594446e+02
9.966934430777425860e+02
1.100147937629547641e+03
1.346936830425746848e+03
5.070777206587405317e+02
4.782683943292329332e+02
3.249470198448065048e+02
2.676949305450889369e+02
3.021795829660723030e+02
2.531171669736077945e+02
2.452972878868849023e+02
5.381176460854509287e+02
4.837937186545597115e+02
5.552901226822490344e+02
2.969109098316473023e+02
2.969109098316473023e+02
3.402253451093316130e+02
3.837162874786891962e+02
2.702423633603272606e+02
4.225914801085885415e+02
3.379561458550720658e+02
3.379561458550720658e+02
4.339280390030058925e+02
3.105603857262912584e+02
3.105603857262912584e+02
3.452582155736151890e+02
3.818073872190482234e+02
1.834131725362131533e+02
3.103953451093316289e+02
3.103953451093316289e+02
3.382047733922890416e+02
2.821906057352574066e+02
2.821906057352574066e+02
2.821906057352574066e+02
2.390706057352573737e+02
2.857109390051139712e+02
3.031495756856628532e+02
4.095325806146097420e+02
2.117768262770043748e+02
2.316135490440254614e+02
2.372711176968685720e+02
2.363923704097955465e+02
3.031337974589167743e+02
2.422213257995750553e+02
2.675005398221119322e+02
5.448058632553688767e+02
2.612272045975889228e+02
3.184227458884320185e+02
3.459943206380449396e+02
3.459943206380449396e+02
3.459943206380449396e+02
3.459943206380449396e+02
6.145426746436517078e+02
2.271837617367584130e+02
3.114582883473014476e+02
3.872004578684313856e+02
2.872983506870139081e+02
2.162360175485419802e+02
2.166135490440254614e+02
2.995190294545657821e+02
2.563990294545658912e+02
5.549504175919552154e+02
4.142782018079913087e+02
4.152630523524566684e+02
3.267240433198246023e+02
3.267240433198246023e+02
3.483790853664388578e+02
3.483790853664388578e+02
3.793205817771106467e+02
2.673595756856628896e+02
2.672753451093316244e+02
2.682103857262912356e+02
2.509031748819197105e+02
2.513198318394250634e+02
2.513198318394250634e+02
2.513198318394250634e+02
2.844640433198246114e+02
2.844640433198246114e+02
2.844640433198246114e+02
4.629311853857726078e+02
2.112826185411044548e+02
3.354971507617420912e+02
2.976414557318733500e+02
3.337982228524406878e+02
3.482543206380449305e+02
4.737261327290888744e+02
5.218929502275947243e+02
3.617212070327798301e+02
4.435395172371075887e+02
5.856150748123027370e+02
3.979743226987516778e+02
5.112279547975847436e+02
3.819709538698694473e+02
4.664307264931279633e+02
2.350846558101451080e+02
2.637543479456809337e+02
2.637543479456809337e+02
2.580851057548065910e+02
2.532679258982369106e+02
5.107517221626637252e+02
4.358015320017734666e+02
2.823869669380527512e+02
3.259642922534009131e+02
3.109025125154544185e+02
3.109025125154544185e+02
3.109025125154544185e+02
4.830092150648742404e+02
5.366098156411648006e+02
4.925277194874586257e+02
4.601102720774253498e+02
4.499082160800352881e+02
4.755612430299678408e+02
6.926641264004315417e+02
1.437404607143368139e+03
4.517271740959437807e+02
7.660769645612446084e+02
7.278006613035847749e+02
5.588494293444030063e+02
4.564747733922890802e+02
3.251568817457948057e+02
4.848280814531408396e+02
4.632660263552997435e+02
4.870110169052047695e+02
5.088463316069162943e+02
5.680767237939053302e+02
1.418932714252926871e+03
2.577763790378135127e+02
2.415998657487322703e+02
3.112740387840128733e+02
2.783045303263396022e+02
2.172034740019738877e+02
2.341769041221751877e+02
2.964587565366816193e+02
2.382755382627614154e+02
2.541582427635543695e+02
3.506213635900957115e+02
4.233559376283370170e+02
7.939458059287983360e+02
2.728518715251387334e+02
3.923493531075208125e+02
3.058260451640728661e+02
2.718026751224845725e+02
4.771695878743071830e+02
2.092968927267002357e+02
2.672584243737234715e+02
2.267768262770043748e+02
4.186955802012155345e+02
3.737805364625569382e+02
5.935087986431958598e+02
4.887716313392197662e+02
3.592043697022320998e+02
4.652492405690105102e+02
2.980763041695552715e+02
2.268316654669068271e+02
4.125646527491565507e+02
2.918184280315205683e+02
4.562548941936069582e+02
3.526470437817314405e+02
3.526470437817314405e+02
3.526470437817314405e+02
3.145597988908533011e+02
3.041561353044148177e+02
3.813010291079501712e+02
6.886735648709843645e+02
3.106557579221495189e+02
2.025307925263799689e+02
3.810343206380449601e+02
3.003410006645063390e+02
4.276142939713605529e+02
2.826455470607208440e+02
4.880713257995751064e+02
3.469631301884539880e+02
5.649221292486541870e+02
5.649221292486541870e+02
3.849040433198245523e+02
3.849040433198245523e+02
3.849040433198245523e+02
4.225247579675472025e+02
3.514347579675471707e+02
3.875303857262912288e+02
3.127437008505417566e+02
4.694152243981978927e+02
4.548907878390819519e+02
4.548907878390819519e+02
2.234985038127809105e+02
2.384985038127809105e+02
5.440201845724216128e+02
3.639599288674664876e+02
3.367376286703242272e+02
3.994730523524567047e+02
6.755319328599593973e+02
7.487523675344170897e+02
6.993436248373762965e+02
3.059054703127688413e+02
4.715793077585521473e+02
5.360854473777229714e+02
4.054156420824782003e+02
3.192893418842386382e+02
4.833921692486502479e+02
3.047576408996357600e+02
3.883334366437354106e+02
4.822149055245034219e+02
4.177714381363270491e+02
3.284221799974062606e+02
4.898482228524406992e+02
4.078232711637366492e+02
4.913442425536801466e+02
4.493060230269076669e+02
4.002081515346432639e+02
5.244496507878544662e+02
4.905569549522900274e+02
3.715782228524407174e+02
3.907180239655729679e+02
3.919133239240401281e+02
6.813102313749802761e+02
2.435585502600830523e+02
2.527181614318830043e+02
2.527181614318830043e+02
2.527181614318830043e+02
2.390811188682308170e+02
2.945646233562879388e+02
2.945646233562879388e+02
2.945646233562879388e+02
5.818945080827338643e+02
3.483687505835179081e+02
1.922012030241616571e+02
2.970172045975890001e+02
2.382932553554993262e+02
2.127733695411227757e+02
4.493060230269076669e+02
4.137724949698057912e+02
2.936079296703242676e+02
1.806588223199654522e+02
2.302896744492038863e+02
2.311397988908532852e+02
3.217440188724443146e+02
2.876631748819197583e+02
4.114762874786891871e+02
3.246796586927549129e+02
2.532103857262912072e+02
2.261582491915422963e+02
2.429506057352573691e+02
4.675754734373405199e+02
3.862175674255582862e+02
3.862175674255582862e+02
2.984634052816837766e+02
4.015682585516189533e+02
3.739832553554992955e+02
5.033104400200524537e+02
4.234398028157207818e+02
3.603157154948043512e+02
5.680553338767402920e+02
5.520743399867862991e+02
3.468893277000386206e+02
3.468893277000386206e+02
3.468893277000386206e+02
6.007101320900503652e+02
3.563057856147374878e+02
4.156811142626337414e+02
4.523248346016420101e+02
4.368744106044200066e+02
2.487052373667867755e+02
2.426228068694661602e+02
4.836786432553258805e+02
5.821366000910231833e+02
4.846953193621999958e+02
3.553241039268884833e+02
6.450596517278852389e+02
3.519598888645699049e+02
3.793470585676077462e+02
3.248097849443661289e+02
3.775503847308312970e+02
2.547926545848089006e+02
4.029083506870138649e+02
3.179527800126139709e+02
3.694863903170661388e+02
5.125238855181689814e+02
2.923510006645063299e+02
2.923510006645063299e+02
2.923510006645063299e+02
3.385340433198245478e+02
3.808835374729309251e+02
3.808835374729309251e+02
2.807484280315205751e+02
2.807484280315205751e+02
4.708985725446503920e+02
4.596557213838765961e+02
4.596557213838765961e+02
3.942554335434948598e+02
4.471878423293978813e+02
4.594100676516561066e+02
3.308149307723115271e+02
3.094309098316472841e+02
3.094309098316472841e+02
4.217499354097770379e+02
4.217499354097770379e+02
4.217499354097770947e+02
3.746656380574337390e+02
3.096253451093316471e+02
3.096253451093316471e+02
3.096253451093316471e+02
3.508232277319197010e+02
3.906780814531408623e+02
3.522067608177173383e+02
3.267680239655729793e+02
5.855446727854671281e+02
2.152618057093566790e+02
2.982309390051138962e+02
1.732017757793359181e+02
1.707673837565869235e+02
4.673197848808922572e+02
3.087040433198246205e+02
3.087040433198246205e+02
3.963740433198245796e+02
3.963740433198245796e+02
3.963740433198245796e+02
3.219767759736928951e+02
4.469343206380449374e+02
4.094261458550719794e+02
3.329038372592978590e+02
2.755598318394251010e+02
2.755598318394251010e+02
2.755598318394251010e+02
2.324398318394250680e+02
3.256820393335277117e+02
3.256820393335277117e+02
2.825620393335276503e+02
2.707678638816590251e+02
3.663045303263396022e+02
3.663045303263396022e+02
3.663045303263396022e+02
3.663045303263396022e+02
3.663045303263396022e+02
2.821906057352574066e+02
2.821906057352574066e+02
2.626231748819196810e+02
4.060514381363270786e+02
2.654421799974062424e+02
2.654421799974062424e+02
2.654421799974062424e+02
4.604501938933222505e+02
3.748051655289701785e+02
5.131302356145640715e+02
3.270984280315205979e+02
2.546706057352573964e+02
3.554193946077481883e+02
2.504461950209651491e+02
2.201106871479892959e+02
1.876906871479893084e+02
1.847739678909703969e+02
2.674339678909703935e+02
2.269544672451110614e+02
4.037409538698694860e+02
3.646912693615054764e+02
1.882416654669068237e+02
2.287262481368690885e+02
3.005849761300591467e+02
2.362090294545658082e+02
5.752636210687594485e+02
4.494746694280785846e+02
4.494746694280785846e+02
4.494746694280785846e+02
4.494746694280785846e+02
4.494746694280785846e+02
4.494746694280785846e+02
5.491457213838765483e+02
5.491457213838765483e+02
2.069863790378134922e+02
2.628802109638380671e+02
4.060284539672858841e+02
4.106651075062085283e+02
2.984722545898892463e+02
2.477473210458137487e+02
2.248881741790845012e+02
2.785431301884539721e+02
3.293363979208148180e+02
3.293363979208148180e+02
4.665778730613306493e+02
3.462678638816590251e+02
3.462678638816590251e+02
3.462678638816590251e+02
3.462678638816590251e+02
3.148119944974558280e+02
3.148119944974558280e+02
3.446641939075543632e+02
3.034160904524237026e+02
2.797953451093316630e+02
2.798795756856628145e+02
3.088121643381144281e+02
2.982777853931889922e+02
4.105948941936069900e+02
4.105948941936069900e+02
4.105948941936069900e+02
4.105948941936069900e+02
4.105948941936069900e+02
4.105948941936069900e+02
3.674748941936069855e+02
3.674748941936069855e+02
5.550437941776647222e+02
3.476895251292852436e+02
3.476895251292852436e+02
3.476895251292852436e+02
4.742816485477721358e+02
2.763731301884539562e+02
3.798201378875934893e+02
4.258922910415228102e+02
4.258922910415228102e+02
2.665797988908532830e+02
3.761665997841328135e+02
3.225581746365603522e+02
3.875692393470664001e+02
2.568026751224845725e+02
1.942968927267002357e+02
2.982309390051138962e+02
2.982309390051138962e+02
2.655209390051138598e+02
2.955902109638379898e+02
3.359933360539966429e+02
3.016254405898344544e+02
2.701364794562567795e+02
3.404655597849538253e+02
3.404655597849538253e+02
6.017861258720711248e+02
3.499013635900956842e+02
2.413551559110196081e+02
2.257551559110196138e+02
1.739448628493314857e+02
2.408252166733716138e+02
3.603979263795534962e+02
3.955566279278258435e+02
3.030440148477989055e+02
3.293363979208148180e+02
3.948041939075543496e+02
3.030440148477989055e+02
3.355626751224845634e+02
3.355626751224845634e+02
3.355626751224845634e+02
3.355626751224845634e+02
2.924426751224845589e+02
2.924426751224845589e+02
2.429226212878754154e+02
2.429226212878754154e+02
2.429226212878754154e+02
2.815246527491565871e+02
3.139620393335276844e+02
3.955566279278258435e+02
3.030440148477989055e+02
3.030440148477989055e+02
3.030440148477989055e+02
2.691295092340779433e+02
2.691295092340779433e+02
3.168176536237168079e+02
4.009940430620454208e+02
3.148119944974558280e+02
3.148119944974558280e+02
3.148119944974558280e+02
3.148119944974558280e+02
3.148119944974558280e+02
3.148119944974558280e+02
3.148119944974558280e+02
4.162580239655729883e+02
3.744975674255583158e+02
7.193273142249358898e+02
3.974081506073922583e+02
3.864955350936991181e+02
2.007914645444323014e+02
5.553416485477721380e+02
4.711360904524236162e+02
2.872357595387963443e+02
3.385843170903447117e+02
1.060628116931118484e+03
3.293051017936613789e+02
7.319890432151626101e+02
3.354486368640403953e+02
2.663851559110196376e+02
5.863515710532320782e+02
4.614023190643093812e+02
3.148521504923543262e+02
3.133014494959571721e+02
3.133014494959571721e+02
4.127140430620453913e+02
4.127140430620453913e+02
4.127140430620454481e+02
3.390405632044070785e+02
3.265319944974558553e+02
3.265319944974558553e+02
5.448249942769459722e+02
3.464780239655729588e+02
3.977382415708930239e+02
3.582647667586094258e+02
3.582647667586094258e+02
3.283965602471686225e+02
7.481981253797176805e+02
5.743519104454305761e+02
3.202856382979442174e+02
5.286621406255133024e+02
6.150103820299302697e+02
3.783472767278209403e+02
4.709609605844211160e+02
2.971961188378741099e+02
3.589828497581206079e+02
3.028299063256223462e+02
3.952376408412778801e+02
3.952376408412778801e+02
3.952376408412778801e+02
3.364022910415228580e+02
3.364022910415228580e+02
3.364022910415228580e+02
4.202436350507872476e+02
5.380279968891763929e+02
4.383877499135552398e+02
4.383877499135552966e+02
3.066992374148044860e+02
4.659595251292851685e+02
4.659595251292851685e+02
4.659595251292851685e+02
3.842961327290887539e+02
3.842961327290887539e+02
4.819396667499775617e+02
4.819396667499775049e+02
4.819396667499775049e+02
4.819396667499775049e+02
6.167895469649763527e+02
6.167895469649763527e+02
3.765461458550719840e+02
3.765461458550719840e+02
3.749922910415227761e+02
3.749922910415227761e+02
3.749922910415227761e+02
3.407381131080279602e+02
3.407381131080279602e+02
5.193690363983407678e+02
4.650879643458982855e+02
4.650879643458982855e+02
4.650879643458982855e+02
4.799365111623126836e+02
4.799365111623127405e+02
3.823733248757791330e+02
3.823733248757791330e+02
3.706036134911308864e+02
3.706036134911308864e+02
3.706036134911308864e+02
3.632654335434949076e+02
3.632654335434949076e+02
3.632654335434949076e+02
3.836160270328869046e+02
3.051381746365602794e+02
2.849848148767417797e+02
2.449744672451110716e+02
3.045983365014228639e+02
2.432523980491885141e+02
3.142040433198245637e+02
4.219170133418631963e+02
4.200346872471351958e+02
4.786452698591876356e+02
3.725617402342015225e+02
3.171764736034333509e+02
4.789294446183876630e+02
4.348278885177894040e+02
5.193690363983407678e+02
5.732372739857238457e+02
2.863376286703241362e+02
2.335554714613054443e+02
3.665659157682549676e+02
3.665659157682549676e+02
4.662601845724215650e+02
2.823997507053726963e+02
5.394726329449199511e+02
4.106348094281873387e+02
4.106348094281873387e+02
4.106348094281873387e+02
3.739194288437262230e+02
4.086904994394773780e+02
4.086904994394773780e+02
4.086904994394773780e+02
3.476895251292852436e+02
3.476895251292852436e+02
4.050389883785053371e+02
4.050389883785053371e+02
3.671068455071240919e+02
3.671068455071240919e+02
3.671068455071240919e+02
3.545868455071241101e+02
4.047751448836659165e+02
4.069450949066814474e+02
4.666490853664388965e+02
4.666490853664388965e+02
3.565454828800437213e+02
3.753739269983586269e+02
4.799365111623127405e+02
2.552911176968685254e+02
2.402911176968685254e+02
4.086647508091820100e+02
4.232859032859981880e+02
4.363382231542119030e+02
4.795849035527457431e+02
4.549625866642835490e+02
3.665554017018777131e+02
5.146796011170505381e+02
6.494703453922270455e+02
4.261030201767159156e+02
4.261030201767159156e+02
4.261030201767159156e+02
5.257842557557960390e+02
5.273337419138921405e+02
3.373730787913294762e+02
3.677037404240171554e+02
3.237846527491565780e+02
3.237846527491565780e+02
3.237846527491565780e+02
2.907575542980500813e+02
2.907575542980500813e+02
4.157391344739246506e+02
3.104086901287673754e+02
5.885031170101285625e+02
2.276113896153065070e+02
2.435720049072808706e+02
9.527523698837096617e+02
5.258685493774736415e+02
3.259855554401439690e+02
3.984147297859381638e+02
6.036551587261619716e+02
3.565632553554993365e+02
3.565632553554993365e+02
1.096273365841934037e+03
4.950371379603584501e+02
4.130010990148741143e+02
7.289993552624662243e+02
6.850838893266615059e+02
2.991083831199551923e+02
3.068590536837530180e+02
2.459631474495085968e+02
3.025083097884683525e+02
2.418105232941549048e+02
2.582478328763255604e+02
2.624446182157267913e+02
2.611941099463084015e+02
2.822578887283554536e+02
3.149769451780283589e+02
2.829880123842183934e+02
2.233070576014928292e+02
2.397534329766332064e+02
2.945133034490659725e+02
4.333929282027312411e+02
4.652492405690105102e+02
3.942062035344860647e+02
3.669062241760158258e+02
5.556382689800930166e+02
5.763310685828188298e+02
2.969293251948794250e+02
3.005282585516189329e+02
5.300365827831182060e+02
4.258603022648526348e+02
4.840460381026157393e+02
4.522526525404051654e+02
5.439336993843593291e+02
3.809511836872318327e+02
1.099991884738900580e+03
5.422062065534023532e+02
4.930537660426704178e+02
5.194915577094182026e+02
5.959287986431958188e+02
3.676727387321589049e+02
4.168255132626399018e+02
3.390793331922757829e+02
2.515341198716719191e+02
2.740423253434390745e+02
2.594965977904535066e+02
2.654461950209651491e+02
2.985520416402069372e+02
2.635240148477989237e+02
1.997739678909703969e+02
1.017104602028250838e+03
2.176906871479893084e+02
2.610393277000385979e+02
4.499057832867735556e+02
1.007675613264404888e+03
3.814149480120810267e+02
3.564881313918689330e+02
4.160151294929536334e+02
4.160151294929536334e+02
4.160151294929536334e+02
4.160151294929536334e+02
5.852145625952969112e+02
5.156736578620707405e+02
3.764067057675271712e+02
4.137705991434498287e+02
6.038176637663785868e+02
4.463041380068675039e+02
4.015134298560029151e+02
3.356605632044070830e+02
3.356605632044070830e+02
2.900118198529751226e+02
5.777142587738566135e+02
4.258603022648526348e+02
3.985021856617447042e+02
4.119628948629884349e+02
3.744379982355019933e+02
2.844972045975889046e+02
4.339947579675471729e+02
4.472431418807911427e+02
3.820305632044070876e+02
3.820305632044070876e+02
3.224650262092828825e+02
2.841249480120810063e+02
3.668340529395129579e+02
3.668340529395129579e+02
2.986702109638379738e+02
4.466723147854773401e+02
4.125655256537781383e+02
3.118245031166197236e+02
2.875495756856628304e+02
3.258132145772659101e+02
3.019502109638379466e+02
3.838540433198245978e+02
3.041626751224845862e+02
3.978314681439754281e+02
3.978314681439754850e+02
2.814477635188549129e+02
3.919475674255583044e+02
5.216312257510097652e+02
3.871449480120809881e+02
3.244689095297962922e+02
5.401751292192251412e+02
6.090209953871273001e+02
3.356988972087090701e+02
3.356988972087090701e+02
3.100273846294385294e+02
2.857109390051139144e+02
2.541334052816837641e+02
2.541334052816837641e+02
2.594790294545657616e+02
7.908688507004306985e+02
2.997161972595973225e+02
2.997161972595973225e+02
3.406434298560029106e+02
3.406434298560029106e+02
3.322619944974558166e+02
3.532453401158820725e+02
5.092325697917473235e+02
5.885240916663339021e+02
5.454040916663338976e+02
3.540313917171829985e+02
5.877797268417418763e+02
3.582647667586094258e+02
4.296255417546936428e+02
3.449414942318745148e+02
2.512713718381393164e+02
3.800527654320992497e+02
4.070048148767417615e+02
4.070048148767417615e+02
3.184741326684901424e+02
3.184741326684901992e+02
3.356618677616381774e+02
3.128918715251387539e+02
3.128918715251387539e+02
3.175376536237168352e+02
3.696042157394076071e+02
4.307495188587639632e+02
3.296574574341303787e+02
3.980109091190083745e+02
5.885416346950651132e+02
5.221133022469767866e+02
2.798213465080259539e+02
4.769539795575179824e+02
4.791358787526584138e+02
2.576687010609551294e+02
2.458618057093566733e+02
3.758915161111130487e+02
2.791749215888061713e+02
1.771659259772078485e+02
3.208048931391778069e+02
4.705058638968186528e+02
2.656470576014928042e+02
2.768382155736151162e+02
3.220467203738797934e+02
3.220467203738797934e+02
3.386741712071121810e+02
1.956588223199654522e+02
3.113303857262912402e+02
2.461397988908532852e+02
2.698338260933127799e+02
3.180578887283554650e+02
2.422518715251387675e+02
2.579506057352573976e+02
3.066217873054528695e+02
3.811210499158090670e+02
4.778412991632794729e+02
5.081284800526869390e+02
6.841073452844269696e+02
2.806885476685364438e+02
4.280875802733445425e+02
4.550854017018776858e+02
3.059054703127688413e+02
4.379850997440963170e+02
5.000330687217235663e+02
2.806885476685364438e+02
3.147640148477989328e+02
3.147640148477989328e+02
3.147640148477989328e+02
2.204690482581114566e+02
3.058076347784902396e+02
3.058076347784902396e+02
3.058076347784902396e+02
3.682223633603272219e+02
3.682223633603272219e+02
3.682223633603272219e+02
3.952292374148044587e+02
3.952292374148044587e+02
3.952292374148044587e+02
4.072766279278258708e+02
4.072766279278258708e+02
4.072766279278258708e+02
4.072766279278258708e+02
5.536179643458981445e+02
5.536179643458981445e+02
5.536179643458981445e+02
5.536179643458981445e+02
5.536179643458981445e+02
5.536179643458981445e+02
3.067010006645062958e+02
3.230426751224845816e+02
3.230426751224845816e+02
3.003277635188549652e+02
3.003277635188549652e+02
3.112609098316473251e+02
3.197782897892494134e+02
3.305482897892494520e+02
3.197782897892494134e+02
3.197782897892494134e+02
3.641566279278258662e+02
3.775080814531407896e+02
2.966280324346375323e+02
2.966280324346375323e+02
4.013487925143370489e+02
5.112279634260372632e+02
3.748776408996357645e+02
3.748776408996357645e+02
2.806885476685364438e+02
4.674954795959591820e+02
2.456217757793358771e+02
4.245100881146112783e+02
4.245100881146112783e+02
3.791526150976492886e+02
2.441283635891754784e+02
3.117452166733716012e+02
3.256877635188549789e+02
5.542459928486941863e+02
3.582647667586094258e+02
4.915911578851572585e+02
3.862175674255582862e+02
3.862175674255582862e+02
3.862175674255582862e+02
3.862175674255582862e+02
3.862175674255582862e+02
3.862175674255582862e+02
2.984634052816837766e+02
4.550959157682549403e+02
4.550959157682549971e+02
3.907982585516189147e+02
4.015682585516189533e+02
3.907982585516189147e+02
4.015682585516189533e+02
4.015682585516189533e+02
4.015682585516189533e+02
4.015682585516189533e+02
3.582647667586094258e+02
4.504694139881646606e+02
5.401693495623048875e+02
4.739211472321238148e+02
4.523472045975888136e+02
3.386924806916970283e+02
4.974483353791165428e+02
5.864810268346641351e+02
6.038303809116299590e+02
5.961043335833065839e+02
3.831767759736929406e+02
3.780162481368690237e+02
2.536885476685364154e+02
5.545188497512292543e+02
3.646292746915969474e+02
8.846895883758236323e+02
1.293233353376747118e+03
5.057911589192950714e+02
5.029258638968187256e+02
5.115558787526583728e+02
4.709609605844211160e+02
4.261299776022104311e+02
3.876684946526725071e+02
3.876684946526725071e+02
3.178643554812793468e+02
3.774516016029946286e+02
5.417820297781570389e+02
3.614500711315425860e+02
2.902226978026092183e+02
2.343833658223836665e+02
2.497826851302070281e+02
3.575440084642009424e+02
3.413971259166347068e+02
3.858893620638801281e+02
6.900371265052766603e+02
3.284661847246443358e+02
3.559195756856627781e+02
3.225817271930841343e+02
4.117240433198246023e+02
2.521939678909703844e+02
3.284661847246443358e+02
4.217222844865004845e+02
4.274447062779183852e+02
2.518731748819196810e+02
2.616866609080221906e+02
2.616866609080221906e+02
4.660290709500217190e+02
3.143690709500218645e+02
3.611687986431959416e+02
2.042460451640728536e+02
3.870659837264457792e+02
3.174526719603663878e+02
3.769587966262784562e+02
3.600680123842184344e+02
2.878280123842184253e+02
2.429214196392387066e+02
6.095569090157717937e+02
4.011090759222144015e+02
5.216383525023658194e+02
4.264590140963941849e+02
3.439132870192174209e+02
3.439132870192174209e+02
3.773552434981201600e+02
2.837330337487838960e+02
4.694773084913658181e+02
4.452300639966202880e+02
3.026730779119783392e+02
4.955129120582344058e+02
8.881796086305018889e+02
4.367498141371006000e+02
1.739188270447279365e+03
2.892161847246443358e+02
3.088396122073059473e+02
2.207477366706110899e+02
3.409019319637571357e+02
3.409019319637571357e+02
5.369651922396769805e+02
6.174293750782343295e+02
4.614509424880089909e+02
3.661845916853503127e+02
3.661845916853503127e+02
5.551946867149987384e+02
3.178593946077481860e+02
3.542637463001037190e+02
3.029933584139185996e+02
1.971830758197375815e+02
2.943266204145938332e+02
2.379318060201267997e+02
3.257228453520210110e+02
3.257228453520210110e+02
3.257228453520210110e+02
4.440795823529040263e+02
2.744935132797253914e+02
3.648392080804883335e+02
2.920790175182444273e+02
4.666992414025960443e+02
3.603111006636448224e+02
4.198348696932691837e+02
2.049803530312094892e+02
4.694296516054977246e+02
3.198773658420136599e+02
2.334371211686459446e+02
2.486968398389937249e+02
4.110641379993371061e+02
3.378228315402856197e+02
1.759868262770043827e+02
2.326673591819268836e+02
2.525926709587655523e+02
2.525926709587655807e+02
2.525926709587655523e+02
2.384091113786799383e+02
2.384091113786799383e+02
4.247406618766923430e+02
4.937860625500487686e+02
1.521830758197375815e+02
2.963646460849234359e+02
3.547715028194353408e+02
6.180158632186883096e+02
3.464556947427594196e+02
3.481654734373405518e+02
4.482871127678324683e+02
1.448688223199654601e+02
3.120390294545657639e+02
3.120390294545657639e+02
3.534553451093315743e+02
2.829906057352574180e+02
3.522006010193176166e+02
2.558317873054528775e+02
5.572590488898895273e+02
6.444709795250308844e+02
5.588672625059598431e+02
7.618438986534456490e+02
7.164077018275476121e+02
7.524522956028430372e+02
4.811983237378627223e+02
6.597771864509503530e+02
5.731217438732360279e+02
1.140328015938749104e+03
2.612163428287607303e+02
3.029589836387998503e+02
5.133959792591277846e+02
5.454196948028189809e+02
1.927820049072809354e+02
6.082872839566043695e+02
4.391424795891421127e+02
6.809270811074578660e+02
3.830692199590487235e+02
7.256090334519844873e+02
4.233338540671680335e+02
5.895479763881625104e+02
3.438029853897435260e+02
4.743773872190482734e+02
3.844082155736151662e+02
2.472068080250361390e+02
4.770071686883582061e+02
3.063529525638894597e+02
4.906976408412778596e+02
3.415632553554993365e+02
1.694782512503245016e+03
6.185734674475891097e+02
2.812104482128747804e+02
3.262486901287673504e+02
3.262486901287673504e+02
5.203801081749284094e+02
2.932503857262912561e+02
