3.253781016878282628e+01
4.249970329969883664e+01
3.377763699464038893e+01
3.038144452578679022e+01
3.391923458831278282e+01
2.363931518123806086e+01
3.530522886895271739e+01
2.908968466678120635e+01
2.641155861613263056e+01
3.252662643962306532e+01
3.848696317788915167e+01
3.848696317788910193e+01
3.848696317788915167e+01
3.780122704044693194e+01
4.004894538533155668e+01
2.999809092909651298e+01
3.659237567155014403e+01
3.038144452578679022e+01
2.815167687734480495e+01
2.872595952087125681e+01
3.222646627621650595e+01
4.929896264084730717e+01
3.197570919914788234e+01
2.566004417546899674e+01
4.460225402322734567e+01
4.460225402322734567e+01
4.460225402322734567e+01
3.524679532319525777e+01
4.804497284014728820e+01
3.609041766778253901e+01
3.228496769143658440e+01
3.698466327440330303e+01
3.698466327440330303e+01
3.698466327440330303e+01
3.756089931204661525e+01
3.691934610374064363e+01
3.792609392866837936e+01
3.398353146531933078e+01
3.845560552522761810e+01
3.690446523327599238e+01
3.601757017007290784e+01
3.704341602923020105e+01
3.420214159988735503e+01
4.088046106373508337e+01
3.166617615903102489e+01
2.959994073013266913e+01
3.492876793481323006e+01
4.294431508473610393e+01
3.843462271612120418e+01
3.307273625731458822e+01
4.929896264084730717e+01
4.840057753126945528e+01
4.072827338425467048e+01
4.683701527440831569e+01
3.101562157700916345e+01
2.302837061253919515e+01
3.993198417918871712e+01
3.993198417918871712e+01
4.634081270081875203e+01
