1.718923396472052723e+00
1.721366014664752253e+00
1.653266720126475908e+00
1.488985103954039158e+00
1.707534193545013679e+00
1.723414561452467408e+00
1.656582626970182881e+00
1.702206296920426354e+00
1.726362242576305439e+00
1.717583503936120914e+00
1.412970475022082173e+00
1.412970475022082173e+00
1.412970475022082173e+00
1.722606674917168457e+00
1.722917540158453997e+00
1.724715837162041243e+00
1.720608508163405048e+00
1.488985103954039158e+00
1.697890054321906872e+00
1.708391491354337877e+00
1.708212341273471990e+00
1.498399560829548838e+00
1.679440288584068020e+00
1.726977276573436360e+00
1.413343487554851619e+00
1.413343487554851619e+00
1.413343487554851619e+00
1.688261893373424138e+00
1.721237493254698547e+00
1.725788196374384853e+00
1.645910772645679643e+00
1.411899528585266239e+00
1.411899528585266239e+00
1.411899528585266239e+00
1.720973936973300811e+00
1.708959792009367762e+00
1.719442846022558591e+00
1.715875195959328137e+00
1.706001105719601396e+00
1.702149686727354005e+00
1.630134212533913329e+00
1.659268754570892401e+00
1.697807754485201492e+00
1.725545510384552506e+00
1.704461927759833406e+00
1.698830884650303519e+00
1.717566612779662050e+00
1.721738195549595618e+00
1.715476939908827658e+00
1.715940610288162915e+00
1.498399560829548838e+00
1.726336734800460126e+00
1.729574301944475812e+00
1.728387853316575073e+00
1.726710636782566199e+00
1.727491443994498610e+00
1.497280724051262002e+00
1.497280724051262002e+00
1.729747942880789369e+00
