1.804025387913215752e+02
2.182505585830924701e+02
3.237376409380300970e+02
2.923213182451862622e+02
3.512836854991591053e+02
3.183193138586959208e+02
2.914079830479684574e+02
2.803107415913275418e+02
3.327391909563930881e+02
2.974610238425374291e+02
3.939635814874398534e+02
3.898327160590935136e+02
3.668024405406387700e+02
3.668024405406387700e+02
3.668024405406387700e+02
3.668024405406387700e+02
5.062747614670167877e+02
4.060696630826214459e+02
2.097106747325268259e+02
1.994685929238618201e+02
1.827993440033591526e+02
4.482679011290245512e+02
4.269279531378228398e+02
3.976198170410079342e+02
4.000166222850769486e+02
2.310506227096881844e+02
3.976661221816410716e+02
1.284950245446594579e+02
3.466256378804297924e+02
3.466256378804297924e+02
3.466256378804297924e+02
3.526786786784968513e+02
4.441370356969986233e+02
4.519704418226625648e+02
1.772809819150616875e+02
5.355365924085814413e+02
5.062284563094432315e+02
5.086252615522976157e+02
1.901517167581486092e+02
3.433154974070325238e+02
2.681921648030984784e+02
2.875144325288257505e+02
2.640149942673513124e+02
2.347068582811739077e+02
2.371036635013766158e+02
2.509776151675219751e+02
2.581938013003623951e+02
2.136630254915402247e+02
2.412808340163682033e+02
3.976661221816410716e+02
3.889193808226879128e+02
2.153536644497938539e+02
2.260064220500443071e+02
