1.735000000000000000e+02
2.135000000000000000e+02
3.255000000000000000e+02
2.925000000000000000e+02
3.525000000000000000e+02
3.175000000000000000e+02
2.885000000000000000e+02
2.775000000000000000e+02
3.335000000000000000e+02
2.945000000000000000e+02
3.945000000000000000e+02
3.935000000000000000e+02
3.685000000000000000e+02
3.685000000000000000e+02
3.685000000000000000e+02
3.685000000000000000e+02
5.145000000000000000e+02
4.065000000000000000e+02
2.055000000000000000e+02
1.955000000000000000e+02
1.765000000000000000e+02
4.505000000000000000e+02
4.295000000000000000e+02
3.975000000000000000e+02
4.005000000000000000e+02
2.265000000000000000e+02
4.025000000000000000e+02
1.205000000000000000e+02
3.485000000000000000e+02
3.485000000000000000e+02
3.485000000000000000e+02
3.545000000000000000e+02
4.495000000000000000e+02
4.585000000000000000e+02
1.735000000000000000e+02
5.415000000000000000e+02
5.095000000000000000e+02
5.125000000000000000e+02
1.875000000000000000e+02
3.415000000000000000e+02
2.675000000000000000e+02
2.865000000000000000e+02
2.615000000000000000e+02
2.295000000000000000e+02
2.325000000000000000e+02
2.495000000000000000e+02
2.565000000000000000e+02
2.105000000000000000e+02
2.385000000000000000e+02
4.025000000000000000e+02
3.895000000000000000e+02
2.165000000000000000e+02
2.215000000000000000e+02
