2.532659985894506605e+01
2.532659968569576492e+01
2.532659952700137396e+01
2.532659951919109176e+01
2.532659952863749098e+01
2.532659951508038176e+01
2.532659955019959241e+01
2.532659955549563691e+01
2.532659951812815180e+01
2.532659954794333501e+01
2.532659955196112378e+01
2.532659961175211905e+01
2.532659954439074568e+01
2.532659954439074568e+01
2.532659954439074568e+01
2.532659954439074568e+01
2.532660007331256935e+01
2.532659956353798947e+01
2.532659968055257593e+01
2.532659969048809856e+01
2.532659982203965043e+01
2.532659965656471002e+01
2.532659962995903413e+01
2.532659955030181820e+01
2.532659955752722070e+01
2.532659965839737026e+01
2.532659966220382941e+01
2.532660006006860343e+01
2.532659953555817012e+01
2.532659953555817012e+01
2.532659953555817012e+01
2.532659953768624916e+01
2.532659976004892144e+01
2.532659983403333825e+01
2.532659972782742486e+01
2.532660002091108709e+01
2.532659981453503306e+01
2.532659984371652229e+01
2.532659966871065649e+01
2.532659952268519987e+01
2.532659953523395302e+01
2.532659952560861782e+01
2.532659956291308490e+01
2.532659967768056219e+01
2.532659965158771342e+01
2.532659955829113585e+01
2.532659955430228038e+01
2.532659964148379927e+01
2.532659959285977891e+01
2.532659966220382941e+01
2.532659954766276300e+01
2.532659958387530352e+01
2.532659966441022448e+01
