4.449863254071804022e+02
4.928784562641841376e+02
6.916307218168719828e+02
5.530420007184306996e+02
5.151880585955036622e+02
4.981098660725022569e+02
6.648096040048027362e+02
6.745534906567312419e+02
5.731740804274070342e+02
7.984132311120470149e+02
7.054894405028401252e+02
7.917657526572195366e+02
7.431116788113637313e+02
7.251593546007641180e+02
7.962490141002422206e+02
7.592414087238964839e+02
3.749205034839091013e+02
6.736065097612020054e+02
4.136091593847820604e+02
6.587356247609227466e+02
6.587356247609227466e+02
3.959392326182139072e+02
6.528891403333707331e+02
4.300821863652912498e+02
4.313754950331066880e+02
6.483508211323766091e+02
6.461711942777415061e+02
5.439133653818337280e+02
5.417091334679768124e+02
5.178390685043891608e+02
4.498476169901360322e+02
6.161027518242544829e+02
6.389000789720876128e+02
5.802789916342386505e+02
5.977117910729307368e+02
5.464825365559744341e+02
6.603124442904953639e+02
6.711279988217590926e+02
6.168051988734329143e+02
6.555674361753588073e+02
4.985030306593409364e+02
5.264976632631643270e+02
6.281313047399016796e+02
4.207958028127608827e+02
3.838812681695566766e+02
4.342925371598037145e+02
6.194798887499376860e+02
5.762170302795144607e+02
3.953525208695836568e+02
5.092936733624075032e+02
4.501436470475523492e+02
3.893321053945002177e+02
4.701089291740224780e+02
3.919844819992845260e+02
4.036188877508324140e+02
3.786126236680293005e+02
7.103414743787445786e+02
5.174704385502423065e+02
5.675272557559649158e+02
6.684568965600294632e+02
6.622344726955183205e+02
5.245345378367132980e+02
6.340685742988368929e+02
4.309235368722219164e+02
6.807360546915552959e+02
6.484435065845208328e+02
7.329907092650909135e+02
7.312978526011788745e+02
6.797371591876368484e+02
6.797371591876368484e+02
6.568980545594356499e+02
5.966764185877904083e+02
7.909501059238789367e+02
5.796717757177444810e+02
6.063163331298769663e+02
5.776924999484440377e+02
6.743053959764840783e+02
4.368354674056747626e+02
5.022729859471066902e+02
5.183807119864875403e+02
4.616369960980599103e+02
4.733541210630314708e+02
5.301567603414472387e+02
4.155624040587858872e+02
4.237841547872292267e+02
5.594863270227050407e+02
5.281599347380800964e+02
6.665874404892551865e+02
6.157129644659750056e+02
6.781335309573614722e+02
6.366763980868238377e+02
6.162865904716439900e+02
4.687410585366504847e+02
7.747676703243171232e+02
5.507935216941845056e+02
5.666174274578770564e+02
3.557048805400271476e+02
3.175169811585184334e+02
8.452258773667681453e+02
5.778801015462692021e+02
5.680506956633615800e+02
5.346816184120676780e+02
4.698991816007783200e+02
4.435979700747857351e+02
5.056610869635287031e+02
5.814903567385852057e+02
5.055517606751156450e+02
6.025660232144865631e+02
6.170341723321056406e+02
6.577680115581692917e+02
6.967244205501258421e+02
5.615139220475434740e+02
5.615139220475434740e+02
5.615139220475434740e+02
6.167949100819728301e+02
7.163205628162784251e+02
5.087929575611075279e+02
5.333103374625611650e+02
5.341462487882746473e+02
5.337350370649762681e+02
6.836997039647786778e+02
6.836997039647786778e+02
6.836997039647786778e+02
7.867891105490659811e+02
6.374256083579729193e+02
8.624751106990215703e+02
5.841060418412832860e+02
7.661268461957357658e+02
5.607970006783118606e+02
7.841982140280049407e+02
7.834858481756742776e+02
8.204387266061279433e+02
7.662266234500127666e+02
7.131208169246489206e+02
7.154927432987124121e+02
6.366233943755196378e+02
8.396493024437213535e+02
4.181097297995393660e+02
5.828291361233532371e+02
6.407421390600527502e+02
4.897923491116454784e+02
6.426507232775085185e+02
5.632112453869766568e+02
5.218094676121096427e+02
4.899847547049757281e+02
6.258442722701602179e+02
6.999099113748751506e+02
5.770484629125032825e+02
5.881843340347508047e+02
6.075434151609404125e+02
5.724910575917804181e+02
6.043318533856478325e+02
3.255841507514844011e+02
6.172381597460808962e+02
6.376747374749618302e+02
5.579770883210334205e+02
6.168051988734329143e+02
7.138954731920418908e+02
6.385881401819432313e+02
6.599506035510343054e+02
6.005138857061913313e+02
4.328254239832355097e+02
5.615139220475434740e+02
5.622614317458594542e+02
5.802789916342386505e+02
5.236318388415108984e+02
6.771763107864056792e+02
6.571106486547784016e+02
5.295575703713558369e+02
5.975785912497492518e+02
7.249783030252544904e+02
7.249783030252544904e+02
7.249783030252544904e+02
5.506812480351816248e+02
4.985030306593357636e+02
6.272216780104912459e+02
6.492632017205266948e+02
4.683470105082359964e+02
5.661565665328662362e+02
3.542864732880126439e+02
3.123366918114557507e+02
5.968100892880527226e+02
5.968100892880527226e+02
5.968100892880527226e+02
5.343862206060996414e+02
7.084145800267626782e+02
7.776516063759295321e+02
7.338205799108424117e+02
7.975627271555629250e+02
7.767537198805953267e+02
7.330457344742821988e+02
4.175117673078765392e+02
3.718525789581363483e+02
5.867077756684210499e+02
6.183329988591757456e+02
5.259007401160422432e+02
8.383831706212814652e+02
6.943386913332744825e+02
6.160029305321926358e+02
6.187913465910237392e+02
6.187913465910237392e+02
6.187913465910237392e+02
5.955928840265364670e+02
5.955928840265364670e+02
5.955928840265364670e+02
5.252339615494863665e+02
5.385273127683873327e+02
5.385273127683873327e+02
5.385273127683873327e+02
7.106476925584202036e+02
8.114739151256524110e+02
7.188662308253283300e+02
7.899876959071949614e+02
7.673706490471741972e+02
7.182387898632532597e+02
5.179855965440618775e+02
4.917060149830595037e+02
3.361100240016857583e+02
3.742757962775955320e+02
3.739625481684601027e+02
7.181771049362456552e+02
8.193480156289620027e+02
5.614637438474768487e+02
4.974826439161079179e+02
6.829283301397886135e+02
8.340273007747686052e+02
6.859112593594701366e+02
6.401157822019514470e+02
6.792497250782079163e+02
5.955826214606960320e+02
5.720672468543870082e+02
5.720672468543870082e+02
8.885113444859588299e+02
4.970488586529187387e+02
5.102345687786122994e+02
5.102345687786122994e+02
5.102345687786122994e+02
5.721587603867224061e+02
6.168051988734329143e+02
5.948311824153955740e+02
6.952213728630172227e+02
7.546016491922844125e+02
6.827537872975966593e+02
5.108374790016594034e+02
4.364110159392114383e+02
4.355211588360318729e+02
5.802789916342386505e+02
6.646967247355346444e+02
6.199012596274360476e+02
6.499575207628438420e+02
6.231089210977868333e+02
6.439045350070260838e+02
6.005138857061913313e+02
4.719665570092734583e+02
6.005138857061913313e+02
6.407532913458505845e+02
5.797237694694116499e+02
6.199012596274360476e+02
5.544302524155210676e+02
5.197662538470681284e+02
6.473071958317080998e+02
6.302254673075904066e+02
6.710155086019491364e+02
4.731239036580691391e+02
7.743529012633035791e+02
6.579038689329566978e+02
7.121775207844875695e+02
5.908673528081419590e+02
4.602943392617501104e+02
4.543761016099107337e+02
5.424480380263901225e+02
5.779561178247323596e+02
5.355611835266460048e+02
5.746875556746704206e+02
4.725463929392988121e+02
4.952307127242713705e+02
4.542664441825189101e+02
7.053685417419461601e+02
7.053685417419461601e+02
7.053685417419461601e+02
6.622393615171907868e+02
6.494594861115722324e+02
6.494594861115722324e+02
6.494594861115722324e+02
7.098429963767292747e+02
6.839891987324645015e+02
5.506812480351767363e+02
6.667129673678587096e+02
5.741907612847405744e+02
5.741907612847405744e+02
5.791425884584469941e+02
5.487685047350936429e+02
4.717310371345046747e+02
4.870081491448149791e+02
5.068517334857510264e+02
5.867157675059556823e+02
5.451175103487394153e+02
6.500066763843929039e+02
6.561395540351849149e+02
7.177650623094272078e+02
5.711330086396461638e+02
5.579770883210334205e+02
5.579770883210334205e+02
5.579770883210334205e+02
6.168051988734329143e+02
6.413460638876609892e+02
6.413460638876609892e+02
6.183490522191564196e+02
5.573715831235072073e+02
5.697777258056232768e+02
5.295575703713558369e+02
5.295575703713558369e+02
5.988500822900832645e+02
5.289596093462114368e+02
5.544302524155375522e+02
5.537436442568117627e+02
7.352422409839334705e+02
7.352422409839334705e+02
5.807403888216988435e+02
4.712035381829138032e+02
3.889957992950742209e+02
5.011085063617381365e+02
5.011085063617381365e+02
5.770484629125032825e+02
5.988951903070549179e+02
5.988951903070549179e+02
6.029736865025697625e+02
6.023777424738623267e+02
6.023777424738623267e+02
6.029736865025697625e+02
5.760390483093756302e+02
5.007831255606295144e+02
5.136838286578887391e+02
5.140046132826727217e+02
5.270634581837500718e+02
6.483508211323646719e+02
5.218094676121138491e+02
6.450810149977628498e+02
5.455771081635666633e+02
5.505531416396324857e+02
4.687410585366463351e+02
6.569745943500460044e+02
6.569745943500460044e+02
6.569745943500460044e+02
7.802101089343259446e+02
7.802101089343259446e+02
7.622779362269054673e+02
5.528932676095975012e+02
6.990398339184871475e+02
3.791916065883822284e+02
7.165054788718882719e+02
4.774005714364794812e+02
5.822711679877365896e+02
7.589293208779566839e+02
7.580883379887270621e+02
6.271367626768483206e+02
5.776179580432185503e+02
8.445790005602793826e+02
7.219063309528778518e+02
6.574884394149155469e+02
6.598352721978742466e+02
6.359129546537917577e+02
6.359129546537917577e+02
6.359129546537917577e+02
6.359129546537917577e+02
5.777773440882469913e+02
8.164357181127752483e+02
7.470003980523206337e+02
8.078032969351966130e+02
7.841791271625636455e+02
7.461878382756193560e+02
6.069910681588852412e+02
5.544699371214496750e+02
7.135929941726085417e+02
8.427127470568732406e+02
6.731167499125084532e+02
7.106235010244643036e+02
6.359769673125834970e+02
6.385881401819432313e+02
6.385881401819432313e+02
6.153191952108512623e+02
6.153191952108512623e+02
6.153191952108512623e+02
5.540770869469949957e+02
5.666615608491667899e+02
5.666615608491667899e+02
6.339867046430589426e+02
7.266158239258345475e+02
5.928591411680447436e+02
4.421221520230897113e+02
6.337940270375506771e+02
1.084988427166657175e+03
4.820260269314697439e+02
7.010979849442478553e+02
7.829238877118843902e+02
7.583352130944330156e+02
7.004595095479012343e+02
5.136849434932199756e+02
3.350531354435270828e+02
3.759070297319433394e+02
5.330542821628903312e+02
4.675872721488669868e+02
8.349841928327327878e+02
6.193531141319228936e+02
6.625867945292651484e+02
5.702531385856576662e+02
5.741907612847405744e+02
5.741907612847405744e+02
5.443815429685046183e+02
5.443815429685074605e+02
4.671595642726997539e+02
4.830376542833103599e+02
5.975785912497492518e+02
6.786442716391791237e+02
7.400021164041389738e+02
4.015610732492023089e+02
3.907932205144145428e+02
4.102218607210685377e+02
4.651138427053809323e+02
4.706032723324535709e+02
5.391712816612457573e+02
4.538225547309166359e+02
3.966667631645439087e+02
4.189656599223511648e+02
4.822001388271328324e+02
4.817769425593002097e+02
4.538225547309166359e+02
4.534852495491483069e+02
3.907932205144145428e+02
4.175117673078765392e+02
4.911632466658779208e+02
4.538225547309166359e+02
4.538225547309166359e+02
6.646752791956961346e+02
5.226552240957860249e+02
5.009906868040359882e+02
3.976557591287103151e+02
4.226501223369377840e+02
5.521440532451113086e+02
3.643235342163835639e+02
5.086250932695589881e+02
6.800113504687203658e+02
6.839891987324645015e+02
6.841892390761022398e+02
6.482120985501545647e+02
6.159210607530924335e+02
4.803551252550178674e+02
3.898749071815566367e+02
6.174447357993697096e+02
6.211610437774288584e+02
6.193674794362425473e+02
5.542914332339287284e+02
5.170021974692997446e+02
6.149799682991290410e+02
5.154785083772343341e+02
5.188311232392837837e+02
3.881385425873505142e+02
5.957727744293333672e+02
6.188600792699096473e+02
5.506812480351816248e+02
5.156474146937848673e+02
6.423738855487122237e+02
7.125265367343924936e+02
5.975785912497492518e+02
6.261048215638935517e+02
6.010202557175269931e+02
6.005138857061913313e+02
6.199012596274360476e+02
5.770484629124995308e+02
3.886501155305805923e+02
6.470705584632485170e+02
6.271754208797507317e+02
5.723864266501278735e+02
5.703787030386384913e+02
7.743529012633035791e+02
8.049193928516928054e+02
6.285600439375723454e+02
8.334115921241174192e+02
8.849942307934479686e+02
8.849942307934479686e+02
8.849942307934479686e+02
5.874354189641372841e+02
7.972752056367585283e+02
6.788012199124259496e+02
7.773664055715834138e+02
7.475390106824847862e+02
7.315230159669424665e+02
6.781638827939627845e+02
7.619362858289284759e+02
5.382226927502474609e+02
5.382226927502474609e+02
5.382226927502474609e+02
3.336908167854033991e+02
3.340811602078298961e+02
3.500609766189410834e+02
3.922748001916535259e+02
2.882234377534193186e+02
5.318700877874858861e+02
7.107383700478017090e+02
5.758581731344174841e+02
5.810009608044215383e+02
6.791756803866289829e+02
6.104407012907314538e+02
6.104407012907314538e+02
5.918961760905400524e+02
5.910213186710876698e+02
5.918961760905400524e+02
5.910213186710876698e+02
6.193554305832540194e+02
5.857669536194870261e+02
7.524604912972467901e+02
6.076916246120497362e+02
8.234684763975658370e+02
6.518878944533424828e+02
6.746503101049194129e+02
5.130083859451059425e+02
5.377112781073826682e+02
7.019381117626201103e+02
4.782816700342447689e+02
7.895977486184449390e+02
6.562351594339993426e+02
7.330274141607234242e+02
7.158596833677430595e+02
7.158596833677430595e+02
6.561023892258742762e+02
7.781546727083477890e+02
5.133748205110341587e+02
7.049524681311820586e+02
7.182188442436427067e+02
5.166238020992282145e+02
5.590438788728885129e+02
5.590438788728885129e+02
3.440284576123507918e+02
4.719045965013727368e+02
4.065009515668272115e+02
4.363153006685565742e+02
3.055649962210524109e+02
3.745230480418436514e+02
3.949691673651936981e+02
3.772841627389122436e+02
4.153966604212248512e+02
6.562280863718518731e+02
6.562280863718518731e+02
6.562280863718518731e+02
5.381156846570771677e+02
6.168435591153777295e+02
6.062589345607204905e+02
5.877442468832865643e+02
5.659221249933945046e+02
5.659221249933945046e+02
5.659221249933945046e+02
5.650808971123640276e+02
5.616143396468357878e+02
4.625457638070283792e+02
6.161198598467739203e+02
7.477151995542169516e+02
6.964700351583727524e+02
6.757748979659794486e+02
6.757748979659794486e+02
7.617738351423938639e+02
5.215679380841959301e+02
6.331409778800899630e+02
6.331409778800899630e+02
6.331409778800899630e+02
7.328105296343394457e+02
7.328105296343394457e+02
7.328105296343394457e+02
7.328105296343394457e+02
7.328105296343397868e+02
7.328105296343397868e+02
