4.620000000000000000e+02
5.081000000000000227e+02
7.095000000000000000e+02
5.400000000000000000e+02
5.397999999999999545e+02
5.180000000000000000e+02
7.210000000000000000e+02
7.040000000000000000e+02
5.620000000000000000e+02
7.830000000000000000e+02
7.240000000000000000e+02
7.760000000000000000e+02
6.910000000000000000e+02
7.640000000000000000e+02
7.870000000000000000e+02
7.730000000000000000e+02
4.202500000000000000e+02
7.420000000000000000e+02
4.119800000000000182e+02
6.696000000000000227e+02
6.547999999999999545e+02
3.400600000000000023e+02
6.271000000000000227e+02
4.250000000000000000e+02
4.251299999999999955e+02
6.800000000000000000e+02
7.240000000000000000e+02
5.701000000000000227e+02
5.630000000000000000e+02
5.370000000000000000e+02
4.356999999999999886e+02
6.338999999999999773e+02
6.250000000000000000e+02
5.711000000000000227e+02
5.973999999999999773e+02
5.142999999999999545e+02
6.605000000000000000e+02
6.480000000000000000e+02
6.120000000000000000e+02
6.520000000000000000e+02
5.127000000000000455e+02
5.400000000000000000e+02
6.323999999999999773e+02
4.102599999999999909e+02
3.693000000000000114e+02
4.249599999999999795e+02
6.158999999999999773e+02
6.140000000000000000e+02
4.163000000000000114e+02
4.978000000000000114e+02
4.106000000000000227e+02
3.531000000000000227e+02
5.033000000000000114e+02
3.954300000000000068e+02
4.250099999999999909e+02
3.020000000000000000e+02
7.057999999999999545e+02
3.970000000000000000e+02
5.533999999999999773e+02
6.650000000000000000e+02
6.267999999999999545e+02
5.116999999999999886e+02
6.240000000000000000e+02
3.981999999999999886e+02
7.020000000000000000e+02
6.740000000000000000e+02
7.360000000000000000e+02
7.240000000000000000e+02
6.661000000000000227e+02
6.632000000000000455e+02
6.680000000000000000e+02
6.160000000000000000e+02
8.240000000000000000e+02
5.606000000000000227e+02
6.075000000000000000e+02
5.841000000000000227e+02
6.857000000000000455e+02
3.851200000000000045e+02
5.613899999999999864e+02
5.156900000000000546e+02
4.514800000000000182e+02
5.079599999999999795e+02
6.150000000000000000e+02
4.188299999999999841e+02
4.568299999999999841e+02
5.397000000000000455e+02
5.320000000000000000e+02
6.578999999999999773e+02
6.120000000000000000e+02
6.920000000000000000e+02
6.700000000000000000e+02
6.720000000000000000e+02
4.666999999999999886e+02
7.760000000000000000e+02
5.575000000000000000e+02
5.483999999999999773e+02
3.864100000000000250e+02
3.512599999999999909e+02
8.300000000000000000e+02
5.610000000000000000e+02
5.231000000000000227e+02
5.001999999999999886e+02
4.880000000000000000e+02
4.375000000000000000e+02
4.891000000000000227e+02
5.708999999999999773e+02
4.773999999999999773e+02
5.877000000000000455e+02
6.080000000000000000e+02
6.820000000000000000e+02
7.110000000000000000e+02
5.635000000000000000e+02
5.500000000000000000e+02
5.687999999999999545e+02
6.470000000000000000e+02
7.230000000000000000e+02
5.000000000000000000e+02
5.375000000000000000e+02
5.363999999999999773e+02
5.160000000000000000e+02
6.555000000000000000e+02
6.442000000000000455e+02
6.837999999999999545e+02
7.860000000000000000e+02
6.620000000000000000e+02
8.580000000000000000e+02
5.872999999999999545e+02
7.668999999999999773e+02
5.557999999999999545e+02
7.840000000000000000e+02
7.860000000000000000e+02
8.270000000000000000e+02
7.670000000000000000e+02
7.340000000000000000e+02
7.193999999999999773e+02
6.576000000000000227e+02
8.200000000000000000e+02
4.750000000000000000e+02
6.131000000000000227e+02
6.180000000000000000e+02
5.150000000000000000e+02
6.470000000000000000e+02
5.460000000000000000e+02
5.232699999999999818e+02
4.565000000000000000e+02
6.171000000000000227e+02
7.000000000000000000e+02
5.661000000000000227e+02
5.990000000000000000e+02
6.068999999999999773e+02
5.694800000000000182e+02
5.660000000000000000e+02
2.823500000000000227e+02
6.210000000000000000e+02
6.340000000000000000e+02
5.655000000000000000e+02
6.150000000000000000e+02
6.740000000000000000e+02
6.402000000000000455e+02
6.420000000000000000e+02
5.840000000000000000e+02
4.378000000000000114e+02
5.671000000000000227e+02
5.765000000000000000e+02
5.540000000000000000e+02
5.330000000000000000e+02
6.640000000000000000e+02
6.520000000000000000e+02
5.407000000000000455e+02
5.930000000000000000e+02
7.030000000000000000e+02
7.160000000000000000e+02
7.160000000000000000e+02
5.470000000000000000e+02
5.001999999999999886e+02
5.905000000000000000e+02
6.402000000000000455e+02
4.750000000000000000e+02
5.601000000000000227e+02
3.752500000000000000e+02
3.172799999999999727e+02
5.912000000000000455e+02
5.917999999999999545e+02
5.921000000000000227e+02
4.901999999999999886e+02
8.500000000000000000e+02
7.780000000000000000e+02
7.360000000000000000e+02
7.920000000000000000e+02
7.800000000000000000e+02
7.340000000000000000e+02
4.376999999999999886e+02
3.748999999999999773e+02
6.167999999999999545e+02
5.980000000000000000e+02
5.401000000000000227e+02
8.420000000000000000e+02
6.780000000000000000e+02
6.323999999999999773e+02
6.083999999999999773e+02
6.053999999999999773e+02
6.026000000000000227e+02
6.113999999999999773e+02
6.066000000000000227e+02
6.020000000000000000e+02
5.372999999999999545e+02
5.485000000000000000e+02
5.427999999999999545e+02
5.386000000000000227e+02
7.080000000000000000e+02
8.160000000000000000e+02
7.222000000000000455e+02
7.850000000000000000e+02
7.700000000000000000e+02
7.180000000000000000e+02
4.851000000000000227e+02
5.163999999999999773e+02
2.930299999999999727e+02
4.124399999999999977e+02
3.980699999999999932e+02
7.580000000000000000e+02
7.960000000000000000e+02
5.920000000000000000e+02
5.075000000000000000e+02
6.850000000000000000e+02
8.410000000000000000e+02
7.410000000000000000e+02
6.337999999999999545e+02
6.610000000000000000e+02
6.110000000000000000e+02
5.867000000000000455e+02
5.831000000000000227e+02
8.720000000000000000e+02
5.041000000000000227e+02
5.133999999999999773e+02
5.090000000000000000e+02
5.070000000000000000e+02
5.935000000000000000e+02
6.180000000000000000e+02
5.922999999999999545e+02
6.950000000000000000e+02
7.480000000000000000e+02
6.847999999999999545e+02
5.436000000000000227e+02
4.078100000000000023e+02
4.180000000000000000e+02
5.620000000000000000e+02
6.500000000000000000e+02
6.110000000000000000e+02
6.421000000000000227e+02
6.020000000000000000e+02
6.210000000000000000e+02
5.860000000000000000e+02
4.603700000000000045e+02
5.861000000000000227e+02
6.190000000000000000e+02
6.260000000000000000e+02
6.110000000000000000e+02
5.311000000000000227e+02
4.721999999999999886e+02
6.310000000000000000e+02
6.322000000000000455e+02
6.540000000000000000e+02
4.643999999999999773e+02
8.030000000000000000e+02
6.530000000000000000e+02
6.940000000000000000e+02
6.050000000000000000e+02
4.698999999999999773e+02
5.127000000000000455e+02
5.980000000000000000e+02
6.030000000000000000e+02
5.360000000000000000e+02
5.797999999999999545e+02
4.785000000000000000e+02
5.066999999999999886e+02
4.306000000000000227e+02
7.100000000000000000e+02
7.090000000000000000e+02
6.670000000000000000e+02
7.020000000000000000e+02
6.620000000000000000e+02
6.650000000000000000e+02
6.670000000000000000e+02
6.990000000000000000e+02
7.020000000000000000e+02
5.543999999999999773e+02
6.290000000000000000e+02
5.753999999999999773e+02
5.790000000000000000e+02
5.440000000000000000e+02
5.531000000000000227e+02
4.526999999999999886e+02
4.700000000000000000e+02
4.970000000000000000e+02
5.722999999999999545e+02
5.327799999999999727e+02
6.310000000000000000e+02
6.680000000000000000e+02
7.120000000000000000e+02
5.280000000000000000e+02
5.596000000000000227e+02
5.637000000000000455e+02
5.617000000000000455e+02
6.280000000000000000e+02
6.235000000000000000e+02
6.212000000000000455e+02
6.190000000000000000e+02
5.675000000000000000e+02
5.690000000000000000e+02
5.303999999999999773e+02
5.353999999999999773e+02
6.040000000000000000e+02
5.287000000000000455e+02
5.407000000000000455e+02
5.402999999999999545e+02
7.710000000000000000e+02
7.610000000000000000e+02
5.827999999999999545e+02
4.881100000000000136e+02
4.068100000000000023e+02
4.978999999999999773e+02
5.046000000000000227e+02
5.888999999999999773e+02
6.043999999999999773e+02
6.035000000000000000e+02
5.595000000000000000e+02
5.743999999999999773e+02
5.760000000000000000e+02
5.756000000000000227e+02
5.753999999999999773e+02
4.931000000000000227e+02
5.093000000000000114e+02
4.963000000000000114e+02
5.465000000000000000e+02
7.080000000000000000e+02
5.305700000000000500e+02
6.050000000000000000e+02
5.480000000000000000e+02
5.061999999999999886e+02
4.761999999999999886e+02
6.220000000000000000e+02
6.447999999999999545e+02
6.457999999999999545e+02
7.780000000000000000e+02
7.870000000000000000e+02
7.090000000000000000e+02
5.370000000000000000e+02
7.060000000000000000e+02
3.779200000000000159e+02
7.482999999999999545e+02
4.337099999999999795e+02
5.880000000000000000e+02
7.560000000000000000e+02
7.550000000000000000e+02
6.580000000000000000e+02
5.942000000000000455e+02
8.440000000000000000e+02
7.120000000000000000e+02
6.706000000000000227e+02
6.451000000000000227e+02
6.521000000000000227e+02
6.480000000000000000e+02
6.437000000000000455e+02
6.413999999999999773e+02
5.940000000000000000e+02
8.240000000000000000e+02
7.480000000000000000e+02
8.030000000000000000e+02
7.900000000000000000e+02
7.480000000000000000e+02
6.392999999999999545e+02
5.687000000000000455e+02
7.120000000000000000e+02
8.430000000000000000e+02
6.743999999999999773e+02
6.940000000000000000e+02
6.510000000000000000e+02
6.295000000000000000e+02
6.283999999999999773e+02
6.327000000000000455e+02
6.277000000000000455e+02
6.237999999999999545e+02
5.665800000000000409e+02
5.697999999999999545e+02
5.660000000000000000e+02
6.410000000000000000e+02
7.250000000000000000e+02
5.510000000000000000e+02
4.690000000000000000e+02
5.630000000000000000e+02
1.115000000000000000e+03
4.958000000000000114e+02
7.070000000000000000e+02
7.770000000000000000e+02
7.570000000000000000e+02
7.050000000000000000e+02
5.309299999999999500e+02
3.391700000000000159e+02
3.800899999999999750e+02
5.670000000000000000e+02
4.696999999999999886e+02
8.400000000000000000e+02
6.102999999999999545e+02
6.390000000000000000e+02
5.878999999999999773e+02
5.603999999999999773e+02
5.596000000000000227e+02
5.610000000000000000e+02
5.613999999999999773e+02
4.647400000000000091e+02
4.748999999999999773e+02
6.000000000000000000e+02
6.750000000000000000e+02
7.360000000000000000e+02
3.571999999999999886e+02
3.863000000000000114e+02
3.883799999999999955e+02
4.571000000000000227e+02
4.616999999999999886e+02
5.423999999999999773e+02
4.630000000000000000e+02
4.312300000000000182e+02
4.216800000000000068e+02
4.770000000000000000e+02
4.781999999999999886e+02
4.510000000000000000e+02
4.543000000000000114e+02
3.953999999999999773e+02
4.333000000000000114e+02
4.865000000000000000e+02
4.546000000000000227e+02
4.500000000000000000e+02
6.730000000000000000e+02
5.240000000000000000e+02
5.023000000000000114e+02
3.618000000000000114e+02
4.218000000000000114e+02
5.455000000000000000e+02
3.450199999999999818e+02
5.343999999999999773e+02
6.942999999999999545e+02
6.860000000000000000e+02
6.570000000000000000e+02
6.600000000000000000e+02
5.941399999999999864e+02
5.036999999999999886e+02
3.698899999999999864e+02
6.320000000000000000e+02
6.760000000000000000e+02
7.180000000000000000e+02
5.612999999999999545e+02
5.366000000000000227e+02
6.030000000000000000e+02
5.367999999999999545e+02
5.083000000000000114e+02
3.642099999999999795e+02
6.147000000000000455e+02
6.050000000000000000e+02
5.496900000000000546e+02
4.991999999999999886e+02
6.382999999999999545e+02
7.100000000000000000e+02
5.930000000000000000e+02
6.307999999999999545e+02
5.980000000000000000e+02
5.820000000000000000e+02
6.090000000000000000e+02
5.690000000000000000e+02
4.020000000000000000e+02
6.270000000000000000e+02
6.190000000000000000e+02
6.397000000000000455e+02
5.686000000000000227e+02
7.820000000000000000e+02
8.360000000000000000e+02
6.350000000000000000e+02
8.510000000000000000e+02
8.570000000000000000e+02
8.830000000000000000e+02
9.130000000000000000e+02
5.564400000000000546e+02
8.000000000000000000e+02
6.930000000000000000e+02
7.630000000000000000e+02
7.430000000000000000e+02
7.280000000000000000e+02
6.910000000000000000e+02
8.000000000000000000e+02
5.507999999999999545e+02
5.352000000000000455e+02
5.432999999999999545e+02
3.742099999999999795e+02
3.917500000000000000e+02
3.068799999999999955e+02
4.289499999999999886e+02
2.275099999999999909e+02
5.400000000000000000e+02
7.200000000000000000e+02
5.720000000000000000e+02
6.320000000000000000e+02
6.760000000000000000e+02
6.230000000000000000e+02
5.813999999999999773e+02
6.075000000000000000e+02
5.926000000000000227e+02
5.746000000000000227e+02
6.075000000000000000e+02
6.840000000000000000e+02
5.793999999999999773e+02
6.980000000000000000e+02
5.918999999999999773e+02
8.430000000000000000e+02
6.820000000000000000e+02
6.040000000000000000e+02
4.711100000000000136e+02
5.361299999999999955e+02
6.847000000000000455e+02
4.871000000000000227e+02
7.900000000000000000e+02
6.760000000000000000e+02
7.320000000000000000e+02
7.170000000000000000e+02
7.080000000000000000e+02
6.730000000000000000e+02
7.900000000000000000e+02
5.356000000000000227e+02
6.790000000000000000e+02
7.750000000000000000e+02
3.111000000000000227e+02
5.511000000000000227e+02
5.308999999999999773e+02
3.458600000000000136e+02
4.985699999999999932e+02
4.489800000000000182e+02
3.964399999999999977e+02
2.992900000000000205e+02
3.544900000000000091e+02
3.877599999999999909e+02
3.769300000000000068e+02
4.330000000000000000e+02
6.643999999999999773e+02
6.491000000000000227e+02
6.373099999999999454e+02
5.312999999999999545e+02
6.020000000000000000e+02
6.095000000000000000e+02
5.700000000000000000e+02
5.635000000000000000e+02
5.438999999999999773e+02
5.735000000000000000e+02
5.663999999999999773e+02
5.660000000000000000e+02
4.776999999999999886e+02
6.387999999999999545e+02
7.280000000000000000e+02
7.030000000000000000e+02
6.880000000000000000e+02
6.780000000000000000e+02
7.630000000000000000e+02
5.192000000000000455e+02
6.302599999999999909e+02
6.168999999999999773e+02
6.161699999999999591e+02
7.230000000000000000e+02
7.080000000000000000e+02
7.070000000000000000e+02
7.010000000000000000e+02
7.300000000000000000e+02
7.160000000000000000e+02
