5.382357978965606549e+01
5.349731685063212439e+01
5.291336729392372007e+01
5.638651103830105171e+01
5.382248057107307915e+01
5.273705960982062635e+01
5.289229180838493249e+01
5.375892289455525486e+01
5.292461518756075378e+01
5.535514738502374144e+01
5.297585560691015161e+01
5.483276772178454905e+01
5.635848026931729748e+01
5.331767578934716312e+01
5.704765046291915809e+01
5.450737927606093791e+01
5.515890859698828308e+01
5.280299395430667886e+01
5.625088868825177713e+01
5.376218682365860957e+01
5.376218682365860957e+01
5.558991497209487420e+01
5.988463257813582175e+01
5.347594229540435862e+01
5.354770187430311523e+01
5.313305614995768167e+01
5.310016472572174706e+01
5.255512205331216791e+01
5.291997372748688377e+01
5.289804661837101207e+01
5.324242370626833321e+01
5.255366657965944199e+01
5.256613502797434023e+01
5.245846101917238968e+01
5.255452115187480899e+01
5.298263127738564293e+01
5.273384534721151340e+01
5.284770900188295428e+01
5.280211506947811984e+01
5.279102471776171512e+01
5.278333142263564071e+01
5.263840758175096113e+01
5.265588353941832622e+01
5.556354480528133877e+01
5.592211045654124746e+01
5.366543966026686263e+01
5.251107684465897307e+01
5.311863387861544084e+01
5.461820939035408173e+01
5.269633607424110977e+01
5.684511522423059660e+01
5.510754382656737960e+01
5.319987375618789827e+01
5.537605191101066993e+01
5.535896372179484359e+01
5.481960692280281933e+01
5.357749517498175607e+01
6.599817774735630849e+01
5.269899461781027128e+01
5.310082264239814975e+01
5.296573240062322441e+01
5.299703874780732349e+01
5.330336760745736768e+01
5.409118327523343339e+01
5.303669567133102447e+01
5.316036458318107094e+01
5.481163903729788700e+01
5.475902796193472710e+01
5.344538646482416056e+01
5.344538646482416056e+01
5.318001205086247296e+01
5.300618065492430731e+01
5.541104292188595082e+01
6.277970691786254775e+01
5.252345314867034176e+01
5.285931463336829239e+01
5.317362707249986897e+01
5.629957069644768808e+01
5.326851679314176380e+01
5.267065164136779742e+01
5.506631671678318440e+01
5.344120264401330900e+01
5.338160770995258986e+01
5.626543088608493548e+01
5.723626617025934848e+01
5.268330570902282517e+01
5.278977373725822986e+01
5.279809650943375487e+01
5.472814441634707805e+01
5.347636335346965808e+01
5.256557728952475372e+01
5.254113172553556410e+01
5.307079243656610856e+01
5.730927609326467831e+01
5.256194229423555697e+01
5.246394533037420160e+01
5.689907454962649069e+01
5.907376888449015695e+01
6.668356167755328556e+01
5.275205691586730694e+01
5.246977074991198009e+01
5.257061113932879692e+01
5.310293666739347884e+01
5.371609039301472421e+01
5.263017829507062118e+01
5.252155922629990670e+01
5.262634989396304519e+01
5.253402561954926142e+01
5.282094848910497120e+01
5.326607144721160125e+01
5.412594404803099479e+01
5.251276541484239857e+01
5.251276541484239857e+01
5.251276541484239857e+01
5.251682614673210026e+01
5.405844385487230852e+01
5.287363383598427902e+01
5.253950531371543775e+01
5.253040600232544932e+01
5.250514481749091544e+01
5.306176506662636427e+01
5.306176506662636427e+01
5.306176506662636427e+01
5.480751577407307451e+01
5.277948844019893926e+01
6.867694082074240214e+01
5.269666553697953759e+01
5.514804011192389055e+01
5.245548755800574270e+01
5.652226887305359782e+01
6.063340571099016074e+01
6.122085284512035486e+01
5.619017566248302842e+01
5.406231783853694850e+01
5.426539488682104917e+01
5.436280463095417304e+01
6.289567977283498834e+01
5.664665986111676688e+01
5.559053896166686570e+01
5.279559155359306999e+01
5.481299000255673803e+01
5.261939160826184292e+01
5.254506167022412910e+01
5.254924549568165304e+01
5.502762976971897757e+01
5.270037094615369710e+01
5.342673530494652567e+01
5.245768145439951269e+01
5.247398518036862924e+01
5.255589704086669656e+01
5.250575228911949921e+01
5.254271791013591297e+01
6.055993460224171798e+01
5.289979690453524341e+01
5.337846811589835028e+01
5.256325308337677171e+01
5.280211506947811984e+01
5.340914377198414087e+01
5.256120107976903455e+01
5.358644636679724726e+01
5.256846513768909546e+01
5.358907808081706037e+01
5.251276541484239857e+01
5.250407557493866761e+01
5.245846101917238968e+01
5.279064278152507939e+01
5.410048001049358390e+01
5.366172059562189389e+01
5.258888070488599453e+01
5.259328963871217155e+01
5.318861900965191580e+01
5.318861900965191580e+01
5.318861900965191580e+01
5.244929693080216282e+01
5.278333142263564071e+01
5.272590749804788146e+01
5.266625627007896782e+01
5.303355419699332174e+01
5.250962358321649504e+01
5.639189283414304299e+01
6.067772680618651293e+01
5.252138237535697840e+01
5.252138237535697840e+01
5.252138237535697840e+01
5.315816917312292134e+01
5.705840236459115999e+01
6.145057091381961811e+01
5.620684186559984852e+01
5.942791639162227568e+01
5.622521756696198736e+01
5.605613651378420315e+01
5.652004220253083844e+01
5.773552811823930142e+01
5.246912609347731404e+01
5.258525280282989200e+01
5.265121645752424939e+01
5.839271752705816709e+01
5.298188786462788613e+01
5.256721047760534304e+01
5.257970286574775542e+01
5.257970286574775542e+01
5.257970286574775542e+01
5.249872510280724214e+01
5.249872510280724214e+01
5.249872510280724214e+01
5.259466253105443201e+01
5.248149814248274936e+01
5.248149814248274936e+01
5.248149814248274936e+01
5.420780529536973091e+01
6.555474399165949251e+01
5.519552896043183665e+01
5.755931368683816629e+01
5.620076349688972073e+01
5.503797465798043476e+01
6.159121688332861311e+01
5.732003144771317693e+01
5.964076781823935391e+01
5.581500112862024565e+01
5.584391671759641440e+01
5.397565567952578647e+01
6.185210045688781832e+01
5.246507161964277088e+01
5.274982075927056968e+01
5.288925595425685344e+01
5.800071119707988743e+01
5.289094617568405710e+01
5.285440997847801015e+01
5.286415722021041574e+01
5.257448798459611083e+01
5.248846475029525038e+01
5.248846475029525038e+01
7.217291279310695984e+01
5.271848145355803439e+01
5.260368853145376988e+01
5.260368853145376988e+01
5.260368853145376988e+01
5.250518853655704277e+01
5.280211506947811984e+01
5.257981381881000971e+01
5.365474150031484868e+01
5.551004206781751549e+01
5.286959625024915965e+01
5.287888211158228557e+01
5.342139472330065786e+01
5.339821820679157582e+01
5.245846101917238968e+01
5.277806577381603859e+01
5.276244458011802152e+01
5.273623317508146613e+01
5.273306662889873309e+01
5.327630124386035959e+01
5.256846513768909546e+01
5.296666584804462730e+01
5.256846513768909546e+01
5.332140773427811098e+01
5.246574124586151555e+01
5.276244458011802152e+01
5.244490096738163487e+01
5.377682296758199954e+01
5.265810072950235110e+01
5.254457301666190006e+01
5.284646491959723136e+01
5.297156298511862360e+01
5.473782607712323767e+01
5.273980125998124180e+01
5.364583903183150682e+01
5.258847791520270931e+01
5.362302616851970782e+01
5.711882120724975209e+01
5.285477447744575130e+01
5.247901140728767899e+01
5.255814782716299050e+01
5.260601847951019749e+01
5.295699466292997215e+01
5.278918466379023045e+01
5.761109401307877675e+01
5.350876491591824902e+01
5.350876491591824902e+01
5.350876491591824902e+01
5.285373746750537549e+01
5.264782148485677027e+01
5.264782148485677027e+01
5.264782148485677027e+01
5.300290126569016280e+01
5.302272490856972809e+01
5.244929693080216282e+01
5.295573566854387337e+01
5.263850682680495652e+01
5.263850682680495652e+01
5.266404277175416837e+01
5.262424433682853220e+01
5.296221862422710558e+01
5.288856762623973395e+01
5.263630513184735804e+01
5.256436669926590355e+01
5.265733978110396407e+01
5.287891985256350580e+01
5.270794408974918355e+01
5.440319281477221125e+01
5.277173424104837096e+01
5.256325308337677171e+01
5.256325308337677171e+01
5.256325308337677171e+01
5.280211506947811984e+01
5.257326834876025146e+01
5.257326834876025146e+01
5.250997014598107171e+01
5.251429126057870178e+01
5.243337650816076945e+01
5.258888070488599453e+01
5.258888070488599453e+01
5.251005745438359185e+01
5.254685279670704290e+01
5.244490096738115170e+01
5.245689382179759974e+01
5.379229566014000596e+01
5.379229566014000596e+01
5.272621997757664758e+01
5.325226813469212317e+01
5.509697144588762541e+01
5.268779285359092057e+01
5.268779285359092057e+01
5.245768145439951269e+01
5.259326396427265138e+01
5.259326396427265138e+01
5.261713685787434969e+01
5.261361538604782595e+01
5.261361538604782595e+01
5.261713685787434969e+01
5.250081447124144063e+01
5.266914320318583265e+01
5.259713469056538315e+01
5.259689311279028345e+01
5.271292137752016771e+01
5.313305614995768167e+01
5.254924549568165304e+01
5.320887062355463115e+01
5.293764954333168049e+01
5.296207516339330823e+01
5.307079243656563960e+01
5.311510410865405163e+01
5.311510410865405163e+01
5.311510410865405163e+01
5.466945668971324324e+01
5.466945668971324324e+01
5.448427121605946155e+01
5.262762702388459246e+01
5.294252474741720249e+01
5.490719839310474981e+01
5.307152408066959737e+01
5.289454430293519493e+01
5.514289079985890396e+01
5.836725936892600686e+01
5.789754925551407894e+01
5.265322846939587009e+01
5.277276120470710907e+01
6.311066964608017571e+01
5.394002970260187624e+01
5.290282439362348299e+01
5.292988903837591153e+01
5.267129526405368267e+01
5.267129526405368267e+01
5.267129526405368267e+01
5.267129526405368267e+01
5.269007010736169150e+01
6.490350897774426642e+01
5.670103295658647369e+01
6.217838518782554758e+01
5.754461532354875430e+01
5.653873854496169571e+01
5.251414592998737163e+01
5.262921004013446691e+01
5.340687574114900826e+01
5.963355532656486702e+01
5.278314571729893601e+01
5.337759410305766750e+01
5.255089110699859134e+01
5.256120107976903455e+01
5.256120107976903455e+01
5.250725124011574252e+01
5.250725124011574252e+01
5.250725124011574252e+01
5.256425240727462977e+01
5.244007475604696822e+01
5.244007475604696822e+01
5.254484679815601567e+01
5.444679254962036197e+01
5.382696401428170674e+01
5.381539780672827789e+01
5.254499918405602443e+01
7.063226885286854895e+01
5.977130922650243861e+01
5.477554079263399700e+01
5.712583312037433814e+01
5.612360038202109536e+01
5.469085075024867848e+01
5.658918241681798378e+01
5.732239613056655969e+01
5.530974670273269567e+01
5.259912972886735361e+01
5.305063765810496079e+01
5.819029426845077069e+01
5.316497273759785713e+01
5.291287800332298019e+01
5.262284661979578715e+01
5.263850682680495652e+01
5.263850682680495652e+01
5.261999120977113620e+01
5.261999120977090172e+01
5.302914391051653809e+01
5.289017499730311300e+01
5.259328963871217155e+01
5.325112732988905861e+01
5.485515738806659414e+01
5.545154721844057377e+01
6.083524182385967549e+01
5.643258467246857890e+01
6.000521534793731604e+01
6.384338355663011555e+01
7.014346389587552721e+01
5.698475826532959587e+01
5.523477987684232460e+01
5.891211580626615074e+01
6.390135184812230307e+01
5.834652389588698895e+01
5.698475826532959587e+01
5.872404247161306756e+01
6.083524182385967549e+01
5.652004220253083844e+01
6.270116366206713110e+01
5.698475826532959587e+01
5.698475826532959587e+01
6.350184850257808478e+01
6.814377460450927515e+01
6.807011230988243256e+01
5.528724743630746019e+01
6.410378422414930810e+01
6.215114137864334509e+01
6.131785708493390530e+01
6.325377777088979769e+01
5.389587614240758739e+01
5.302272490856972809e+01
5.287240408031150452e+01
5.350559633683700156e+01
5.304854159624902366e+01
5.334430651447360106e+01
5.485742810401873015e+01
5.399439325457243655e+01
5.382526388589121780e+01
5.374543706539997601e+01
5.565110446433592983e+01
5.277088407795231717e+01
5.387268151670616589e+01
5.360138616054984340e+01
5.364786314186321903e+01
5.507999867449276366e+01
5.255788018223137925e+01
5.256482698746316373e+01
5.244929693080216282e+01
5.370842968185024091e+01
5.263843583978680840e+01
5.390049253327962475e+01
5.259328963871217155e+01
5.253286844223300278e+01
5.260375089014022620e+01
5.256846513768909546e+01
5.276244458011802152e+01
5.245768145439927110e+01
5.532299393627971540e+01
5.594973609123792357e+01
5.362868764609693528e+01
5.363983148094706621e+01
5.326964946259413125e+01
5.473782607712323767e+01
5.891597202340823713e+01
5.273207707993435633e+01
5.929648294941832631e+01
5.917110596016689783e+01
5.917110596016689783e+01
5.917110596016689783e+01
5.462153994388437894e+01
6.248045538722180225e+01
5.503244101922981457e+01
5.742856983896150069e+01
5.560626772725400002e+01
5.475160525057707872e+01
5.487771575751153108e+01
5.572447698035908559e+01
5.507907820006594335e+01
5.507907820006594335e+01
5.507907820006594335e+01
5.563894587666551672e+01
5.561530527485034270e+01
5.493474185978848112e+01
5.567413123642754869e+01
6.016137965736818671e+01
5.295095995601566585e+01
5.309823200447071656e+01
5.268922874215576968e+01
5.267472624789920133e+01
5.293522568566113762e+01
5.281455697678902084e+01
5.281455697678902084e+01
5.260081600013802472e+01
5.260873705965322245e+01
5.260081600013802472e+01
5.260873705965322245e+01
5.270997402150344868e+01
5.280800121373184908e+01
5.439975285616780809e+01
5.279977807122595834e+01
6.132530776075098800e+01
6.016059923867381087e+01
5.386432823421293392e+01
5.581974698303188376e+01
5.355317179123193938e+01
5.705894292017917735e+01
5.710589368180572478e+01
6.082275296518134411e+01
5.475891582895704346e+01
5.456580088501407744e+01
5.406081671466238703e+01
5.406081671466238703e+01
5.452886399008825435e+01
5.645595526137931586e+01
5.304309852541324943e+01
5.372650677485008686e+01
5.360068472211138868e+01
5.263822259826123684e+01
5.342718679423732908e+01
5.342718679423732908e+01
5.586950252217307877e+01
5.455738634227938633e+01
5.531341958056324870e+01
5.893900300223212696e+01
5.892374900939204707e+01
5.533076719447632286e+01
5.659162090915452126e+01
5.506394008984949551e+01
5.422602057569818612e+01
5.269765658352490334e+01
5.269765658352490334e+01
5.269765658352490334e+01
5.249579364015944094e+01
5.251204621138853668e+01
5.289939022791832457e+01
5.264110994315219472e+01
5.247084278911963651e+01
5.247084278911963651e+01
5.247084278911963651e+01
5.247716268909231729e+01
7.221690851936830313e+01
5.977765457967199580e+01
5.385196013613212784e+01
5.515102602649947983e+01
5.392866814862486535e+01
5.353327879730616701e+01
5.353327879730616701e+01
5.612926634874691700e+01
5.257360116176268860e+01
5.273391154221082644e+01
5.273391154221082644e+01
5.273391154221082644e+01
5.336603481301668950e+01
5.336603481301668950e+01
5.336603481301668950e+01
5.336603481301668950e+01
5.336603481301762741e+01
5.336603481301762741e+01
