5.072559264050685357e+00
5.258720201313276554e+00
5.039487260896756027e+00
4.929427183881773367e+00
5.353326712014814248e+00
4.937471588698248759e+00
4.963840821001323178e+00
5.130615749164411099e+00
6.378177647888077395e+00
5.009881690425301848e+00
5.071456031697448630e+00
5.506805311717529072e+00
5.170107587898966628e+00
5.068639371259022752e+00
5.414221039033924932e+00
5.059395466419210230e+00
5.066007662631338171e+00
4.972029441582403564e+00
5.019274832493270999e+00
4.999660708024174838e+00
5.055657066867051519e+00
4.972107174787615769e+00
5.047109855884460927e+00
4.942824663250186212e+00
4.934272558049813462e+00
4.979271223232709431e+00
4.951598336456583205e+00
4.933953427508840583e+00
4.968806666088399382e+00
4.947521388451971092e+00
4.933586182574916990e+00
5.034314050523606809e+00
4.943176730298745269e+00
5.063675794043202671e+00
4.956291720343886986e+00
5.028886453976177506e+00
5.062624018319046293e+00
5.147596143805392543e+00
4.964988312422028649e+00
5.198843275077049242e+00
4.939925369955416201e+00
4.997424561187764347e+00
5.001204248675336750e+00
5.794992462274923817e+00
5.016131705294039733e+00
5.401197188844077068e+00
5.015597327495709301e+00
4.945246245999743273e+00
4.965320878238417279e+00
4.928446842843118958e+00
5.005633179023122104e+00
4.983689148576980088e+00
4.992081504948223447e+00
5.145135280878271544e+00
5.360530769116643945e+00
6.516081852564829191e+00
4.960863985217645933e+00
4.976184588097902761e+00
5.007735544105965886e+00
5.042621286552320115e+00
5.541360604061314810e+00
4.982069196304720116e+00
4.966958478370205654e+00
5.137463298369123521e+00
6.198242218899562062e+00
5.009663555175245087e+00
4.950706804923845183e+00
4.937741182905372561e+00
4.933572313368586038e+00
4.965806623026980837e+00
4.970980372735453123e+00
5.075609386127835521e+00
5.161641276942683376e+00
4.960391358818736052e+00
4.967726320552825925e+00
4.967726320552825925e+00
4.940843908138143448e+00
4.940843908138143448e+00
4.932519235863281004e+00
4.936353179708607541e+00
4.946626409507532074e+00
5.150382294879410239e+00
4.932437531700783140e+00
4.947027089223644758e+00
4.929072102989260351e+00
4.929072102989260351e+00
4.936511973886472227e+00
4.935304994207863949e+00
4.935304994207863949e+00
4.939624866475913478e+00
5.025422273251012761e+00
4.949324967521514296e+00
4.941889044961468969e+00
4.949324967521514296e+00
4.951329947069061710e+00
4.997459702842943052e+00
4.997459702842943052e+00
4.997459702842943052e+00
4.997459702842943052e+00
4.985031246760752488e+00
4.949193936142074257e+00
4.949193936142074257e+00
5.445144718784156623e+00
4.937663156859194657e+00
4.933953427508840583e+00
4.939669609759974378e+00
5.156704679895383059e+00
6.188589107783805332e+00
4.963256563154367029e+00
5.565530877621286621e+00
5.213052360162145682e+00
5.804255093434549373e+00
4.935928033731827647e+00
4.984613319430967415e+00
5.260286478712782987e+00
5.699688261168081027e+00
5.020061151886737960e+00
4.979525044481975193e+00
4.933572313368586038e+00
4.939636628607910751e+00
4.929427183881773367e+00
4.936548448015162016e+00
4.942824663250186212e+00
5.004512954289120685e+00
4.947313853449220034e+00
4.947283048193814814e+00
4.928745272757201867e+00
4.932703460881050717e+00
4.962902685196581842e+00
5.908579023924688478e+00
4.932998657852007973e+00
5.193436621676696952e+00
5.156504293249034809e+00
5.056882923764058901e+00
4.943689340031227175e+00
4.952852599012597778e+00
4.927165830977991767e+00
4.970512920049912076e+00
4.933363712902728793e+00
4.935304994207863949e+00
4.939624866475913478e+00
4.939509081808554747e+00
4.954361652839193830e+00
4.937705973750594168e+00
4.975401328628525022e+00
4.933586182574916990e+00
4.929643495428719824e+00
4.947521388451924906e+00
4.927217128598745610e+00
4.979700877770351752e+00
4.938884145780066071e+00
4.991499912988962784e+00
4.928020957689863479e+00
4.928020957689863479e+00
4.983405218278067039e+00
5.248675133268109860e+00
6.739119642039533176e+00
5.617593107311350309e+00
4.934496964535078689e+00
5.041742959606623664e+00
5.555210678107683542e+00
5.491870497810175777e+00
5.177461850926137643e+00
6.485367374771957572e+00
4.948558086111393806e+00
5.010173841124331950e+00
4.941350479884439650e+00
4.941350479884439650e+00
4.989915110826837363e+00
4.975985933165666175e+00
5.519832507720842329e+00
5.146986643824122964e+00
5.168064667769018072e+00
5.279577414570527871e+00
5.136739244422837913e+00
5.121036849657524925e+00
5.112145665688336393e+00
5.115491204283112658e+00
5.033826835340940775e+00
4.939509081808554747e+00
4.985875742402835264e+00
5.021535766467748907e+00
4.952852599012597778e+00
4.977406946288866152e+00
4.970512920049912076e+00
5.153383808614227846e+00
4.928543317070541718e+00
5.031106894293307263e+00
4.929667505096004376e+00
4.966522480445619614e+00
5.012017714402436042e+00
4.976489482125164621e+00
4.936945817316598983e+00
4.934829914646946314e+00
4.937687669122978740e+00
5.062682989271086065e+00
4.944014562093797416e+00
5.655628589635190551e+00
5.048786650671097220e+00
4.945498728609002193e+00
4.960595982644649737e+00
4.941029442665765714e+00
5.001425511783153866e+00
5.615984583493260018e+00
4.998656344252490946e+00
4.998656344252490946e+00
4.998656344252490946e+00
4.944999118041295993e+00
4.981190704764014932e+00
4.927227337232125137e+00
4.929749953471635138e+00
4.929643495428719824e+00
5.020944040482836712e+00
5.014208319895382182e+00
4.946712513877190354e+00
4.979084883749036905e+00
4.968899550572175805e+00
4.972954282481279797e+00
4.927383146679305881e+00
5.000342704481221645e+00
4.943048191799861435e+00
4.931999566481245267e+00
5.030656810698022952e+00
5.060547321049106095e+00
4.946048925216457448e+00
4.930997344594865162e+00
5.068388077420877380e+00
5.068388077420877380e+00
4.994724239224829887e+00
4.934272558049952018e+00
4.932998657852007973e+00
4.932998657852007973e+00
4.932998657852007973e+00
4.937705973750594168e+00
4.937705973750594168e+00
4.975401328628525022e+00
5.187162901703548101e+00
4.928543317070634089e+00
4.929580112830765692e+00
5.104171322081933582e+00
4.992334560485579331e+00
4.992334560485579331e+00
5.004090090100404176e+00
4.953693713337658622e+00
4.953693713337658622e+00
5.816661905802509303e+00
4.942824663250186212e+00
5.004512954289120685e+00
5.004512954289120685e+00
4.997908611312981364e+00
5.000662030575140804e+00
4.938089346167924276e+00
4.938089346167878091e+00
4.933953427508840583e+00
4.939669609759974378e+00
4.996293594362014368e+00
4.937079113391987129e+00
4.940841022424223183e+00
4.939636628607864566e+00
5.049031463459043856e+00
5.036605104513514952e+00
4.968524773795865102e+00
4.936640818630647409e+00
4.969881037237843913e+00
4.969881037237843913e+00
4.969881037237843913e+00
6.013845031732707014e+00
4.974998582902735222e+00
4.934318634122675462e+00
4.934318634122675462e+00
4.969633894894360360e+00
5.032948673024814745e+00
5.008052536750313699e+00
4.999111052206736794e+00
5.027137022386929388e+00
4.992350060254457489e+00
4.988208253557025351e+00
5.693730117620907194e+00
4.956057496240089399e+00
5.639691216696169462e+00
6.766283786154865254e+00
4.931443805223630683e+00
5.343996300123417420e+00
5.193436621676696952e+00
4.931976774603868741e+00
4.928143751381107940e+00
4.934541076897879464e+00
4.934541076897879464e+00
4.934541076897879464e+00
5.009435995361389615e+00
5.143431432419717453e+00
5.486774187431803007e+00
5.448412282854552480e+00
5.159171578859505836e+00
5.116291768973574960e+00
4.969897765964426561e+00
5.810833549868194225e+00
4.995974541245377765e+00
4.985315704351597432e+00
4.927159570488052864e+00
4.997296836012162125e+00
5.025516462204976165e+00
5.020944040482836712e+00
4.948522929013021709e+00
4.948522929012975524e+00
4.980951321643457774e+00
4.989373706855368518e+00
4.975401328628525022e+00
4.978939076302830280e+00
6.584270093477576857e+00
6.332467943583156789e+00
6.866859113507868706e+00
5.007484560517308836e+00
5.031232003995428137e+00
5.162493798748285734e+00
5.127210494901221161e+00
5.530738347236340502e+00
5.574603978262265613e+00
5.058599323880647702e+00
4.954306945626888670e+00
4.954460846676191466e+00
5.113108337196347719e+00
5.102539302420228573e+00
5.212016274638781255e+00
5.009274158558678636e+00
4.929643495428719824e+00
5.031228593539988303e+00
4.928872432251282021e+00
4.942824663250186212e+00
4.969572970578068016e+00
5.005852109206770706e+00
4.992664902342703215e+00
4.976953899783405966e+00
5.062682989271086065e+00
4.991832895888164146e+00
4.932574097421277948e+00
5.153314490725582786e+00
6.813146333962477819e+00
5.145005856119115428e+00
5.132705741031694302e+00
5.083178086418646657e+00
5.323571474999337916e+00
4.965962385929967304e+00
5.106420686152308264e+00
5.027036317371088359e+00
4.942639278362448430e+00
4.938533156790136047e+00
4.969863999261707299e+00
6.815235285609324123e+00
4.927869781535854088e+00
4.957687911827830973e+00
4.944343009556286361e+00
4.938563685939628023e+00
6.426450785289750556e+00
5.212618615077567519e+00
5.005248453596186309e+00
4.994540169213865788e+00
4.980985368459932339e+00
5.102826563300205009e+00
4.974338822102200020e+00
5.040457639815956625e+00
5.286891578874162612e+00
5.286891578874162612e+00
5.204802118777067221e+00
4.936436014156980079e+00
6.529900139882487409e+00
4.931017170100644442e+00
6.119208222121416796e+00
5.113303541816105913e+00
5.025233790005074752e+00
4.956501034801265249e+00
4.962702448781974418e+00
4.959706726346876593e+00
5.062804128828652495e+00
4.943810716428880703e+00
4.943810716428880703e+00
4.943810716428880703e+00
4.938391290557374802e+00
4.972550775816274360e+00
5.031847461767458896e+00
5.031847461767458896e+00
6.887513792295155923e+00
5.072586293462131302e+00
4.941029442665765714e+00
4.943197382766253867e+00
4.943197382766253867e+00
4.943197382766253867e+00
5.148934568211185336e+00
