2.369999999999999929e+01
2.975000000000000000e+01
2.830000000000000071e+01
3.629999999999999716e+01
5.060000000000000142e+01
3.896999999999999886e+01
3.992999999999999972e+01
4.939999999999999858e+01
5.360000000000000142e+01
4.520000000000000284e+01
3.000000000000000000e+01
2.807999999999999829e+01
2.339999999999999858e+01
2.923000000000000043e+01
3.929999999999999716e+01
2.832999999999999829e+01
3.023999999999999844e+01
3.150000000000000000e+01
2.244000000000000128e+01
3.367999999999999972e+01
4.328999999999999915e+01
3.130000000000000071e+01
2.207000000000000028e+01
3.628000000000000114e+01
3.307000000000000028e+01
2.826999999999999957e+01
3.615999999999999659e+01
3.162999999999999901e+01
3.310999999999999943e+01
2.955000000000000071e+01
3.371999999999999886e+01
2.451999999999999957e+01
4.277300000000000324e+01
4.439999999999999858e+01
3.039000000000000057e+01
2.464999999999999858e+01
2.080000000000000071e+01
2.139999999999999858e+01
2.921999999999999886e+01
5.210000000000000142e+01
3.314999999999999858e+01
2.630000000000000071e+01
2.900000000000000000e+01
1.580000000000000071e+01
4.518999999999999773e+01
2.332999999999999829e+01
2.419000000000000128e+01
3.046000000000000085e+01
2.730000000000000071e+01
3.532000000000000028e+01
3.554999999999999716e+01
4.100000000000000000e+01
3.957999999999999829e+01
3.477000000000000313e+01
3.560999999999999943e+01
2.703000000000000114e+01
3.649000000000000199e+01
3.214999999999999858e+01
3.325999999999999801e+01
3.861999999999999744e+01
2.010000000000000142e+01
2.885000000000000142e+01
3.019999999999999929e+01
2.605999999999999872e+01
2.628000000000000114e+01
2.805999999999999872e+01
3.517999999999999972e+01
3.628000000000000114e+01
3.132999999999999829e+01
3.757999999999999829e+01
3.617000000000000171e+01
4.660000000000000142e+01
5.479999999999999716e+01
3.460999999999999943e+01
3.221000000000000085e+01
3.110000000000000142e+01
3.324000000000000199e+01
3.482999999999999829e+01
3.039999999999999858e+01
3.379999999999999716e+01
3.242000000000000171e+01
2.639999999999999858e+01
3.339000000000000057e+01
2.964000000000000057e+01
3.296000000000000085e+01
3.328000000000000114e+01
3.378000000000000114e+01
3.317000000000000171e+01
3.250999999999999801e+01
3.231000000000000227e+01
3.254999999999999716e+01
2.923000000000000043e+01
3.046000000000000085e+01
2.962000000000000099e+01
3.464000000000000057e+01
3.853000000000000114e+01
3.867999999999999972e+01
3.999000000000000199e+01
3.946000000000000085e+01
2.700000000000000000e+01
3.436999999999999744e+01
3.415999999999999659e+01
4.820000000000000284e+01
3.346999999999999886e+01
3.130999999999999872e+01
3.660000000000000142e+01
4.409000000000000341e+01
5.849000000000000199e+01
3.030000000000000071e+01
1.468999999999999950e+01
3.797999999999999687e+01
5.050000000000000000e+01
3.792999999999999972e+01
2.678999999999999915e+01
3.856000000000000227e+01
4.982999999999999829e+01
3.921999999999999886e+01
4.075999999999999801e+01
3.432999999999999829e+01
3.194000000000000128e+01
3.470000000000000284e+01
3.557000000000000028e+01
3.546999999999999886e+01
4.320000000000000284e+01
4.042999999999999972e+01
2.867000000000000171e+01
3.403999999999999915e+01
3.196000000000000085e+01
3.450999999999999801e+01
1.352999999999999936e+01
3.359000000000000341e+01
5.420000000000000284e+01
4.350000000000000000e+01
4.000000000000000000e+01
2.994000000000000128e+01
2.821000000000000085e+01
3.274000000000000199e+01
3.700000000000000000e+01
3.320000000000000284e+01
3.292999999999999972e+01
3.278000000000000114e+01
3.367000000000000171e+01
2.953000000000000114e+01
3.112000000000000099e+01
3.696000000000000085e+01
3.440999999999999659e+01
3.388000000000000256e+01
2.894000000000000128e+01
3.424000000000000199e+01
2.619999999999999929e+01
3.119000000000000128e+01
4.042999999999999972e+01
3.539999999999999858e+01
3.407999999999999829e+01
2.710000000000000142e+01
5.360000000000000142e+01
6.100000000000000000e+01
5.357999999999999829e+01
3.176999999999999957e+01
4.250000000000000000e+01
5.184000000000000341e+01
2.705000000000000071e+01
3.166000000000000014e+01
1.614999999999999858e+01
2.885000000000000142e+01
4.450000000000000000e+01
3.635000000000000142e+01
3.535999999999999943e+01
3.653999999999999915e+01
3.963000000000000256e+01
3.950000000000000000e+01
3.465999999999999659e+01
2.944000000000000128e+01
2.733999999999999986e+01
3.353999999999999915e+01
3.142999999999999972e+01
3.207999999999999829e+01
3.067999999999999972e+01
2.130000000000000071e+01
3.589999999999999858e+01
3.060999999999999943e+01
3.820000000000000284e+01
2.801999999999999957e+01
2.469000000000000128e+01
3.750000000000000000e+01
4.589999999999999858e+01
3.292999999999999972e+01
2.782999999999999829e+01
3.356000000000000227e+01
2.871000000000000085e+01
3.820000000000000284e+01
2.605000000000000071e+01
3.071000000000000085e+01
3.214000000000000057e+01
3.510999999999999943e+01
4.900000000000000000e+01
3.610000000000000142e+01
3.521000000000000085e+01
3.753999999999999915e+01
4.389999999999999858e+01
3.032000000000000028e+01
3.310000000000000142e+01
3.180000000000000071e+01
2.560000000000000142e+01
4.460000000000000142e+01
4.489999999999999858e+01
4.429999999999999716e+01
3.107000000000000028e+01
3.510000000000000142e+01
3.378999999999999915e+01
3.137000000000000099e+01
3.378999999999999915e+01
4.407000000000000028e+01
3.903999999999999915e+01
3.235000000000000142e+01
2.550000000000000000e+01
2.630999999999999872e+01
2.794000000000000128e+01
3.922999999999999687e+01
4.820000000000000284e+01
3.713000000000000256e+01
3.126999999999999957e+01
4.595100000000000051e+01
5.300000000000000000e+01
2.907999999999999829e+01
3.525000000000000000e+01
4.025000000000000000e+01
4.070000000000000284e+01
3.928000000000000114e+01
3.342000000000000171e+01
3.325999999999999801e+01
3.365999999999999659e+01
3.335000000000000142e+01
3.062000000000000099e+01
3.089999999999999858e+01
3.854999999999999716e+01
3.611999999999999744e+01
3.260999999999999943e+01
3.600000000000000000e+01
4.550000000000000000e+01
3.822999999999999687e+01
3.814000000000000057e+01
2.735000000000000142e+01
2.778999999999999915e+01
2.805999999999999872e+01
5.729999999999999716e+01
3.535999999999999943e+01
5.020000000000000284e+01
4.446000000000000085e+01
3.959000000000000341e+01
4.420000000000000284e+01
3.449000000000000199e+01
3.384000000000000341e+01
3.202000000000000313e+01
3.740999999999999659e+01
3.239000000000000057e+01
3.101000000000000156e+01
2.844999999999999929e+01
3.224000000000000199e+01
4.182000000000000028e+01
3.907000000000000028e+01
2.675000000000000000e+01
3.207999999999999829e+01
3.617000000000000171e+01
3.735000000000000142e+01
3.750999999999999801e+01
4.670000000000000284e+01
3.757999999999999829e+01
3.389999999999999858e+01
3.424000000000000199e+01
3.710000000000000142e+01
4.320000000000000284e+01
2.273999999999999844e+01
3.800000000000000000e+01
3.399000000000000199e+01
3.850000000000000000e+01
3.679999999999999716e+01
5.692999999999999972e+01
3.717999999999999972e+01
5.522999999999999687e+01
6.740000000000000568e+01
3.440999999999999659e+01
5.850000000000000000e+01
4.439999999999999858e+01
3.407000000000000028e+01
3.582999999999999829e+01
3.725999999999999801e+01
3.693999999999999773e+01
3.600000000000000000e+01
2.867000000000000171e+01
2.553999999999999915e+01
3.689999999999999858e+01
5.007999999999999829e+01
3.214999999999999858e+01
3.475000000000000000e+01
2.578999999999999915e+01
6.070000000000000284e+01
3.429999999999999716e+01
3.609000000000000341e+01
3.488000000000000256e+01
4.410000000000000142e+01
4.435999999999999943e+01
4.139999999999999858e+01
3.343999999999999773e+01
3.345000000000000284e+01
2.519999999999999929e+01
3.709000000000000341e+01
3.842000000000000171e+01
3.400999999999999801e+01
2.289999999999999858e+01
2.319999999999999929e+01
3.338000000000000256e+01
4.568999999999999773e+01
2.830999999999999872e+01
1.903999999999999915e+01
4.085000000000000142e+01
5.239999999999999858e+01
5.789999999999999858e+01
3.180999999999999872e+01
2.953999999999999915e+01
2.791000000000000014e+01
4.143999999999999773e+01
3.985000000000000142e+01
1.842000000000000171e+01
4.139999999999999858e+01
3.392000000000000171e+01
2.955000000000000071e+01
3.470000000000000284e+01
3.553999999999999915e+01
3.509000000000000341e+01
4.309000000000000341e+01
3.875000000000000000e+01
3.300999999999999801e+01
4.970000000000000284e+01
2.676000000000000156e+01
3.870000000000000284e+01
4.850000000000000000e+01
4.870000000000000284e+01
3.764000000000000057e+01
3.467999999999999972e+01
2.982000000000000028e+01
4.815999999999999659e+01
2.980999999999999872e+01
4.520000000000000284e+01
4.389999999999999858e+01
3.117000000000000171e+01
3.465999999999999659e+01
3.250999999999999801e+01
4.074000000000000199e+01
3.596000000000000085e+01
3.232000000000000028e+01
3.148000000000000043e+01
3.317999999999999972e+01
3.965999999999999659e+01
4.689999999999999858e+01
2.985999999999999943e+01
3.482000000000000028e+01
3.139999999999999858e+01
2.510000000000000142e+01
2.923999999999999844e+01
3.710000000000000142e+01
2.685000000000000142e+01
2.703999999999999915e+01
4.620000000000000284e+01
3.101000000000000156e+01
7.140000000000000568e+01
3.329999999999999716e+01
1.898999999999999844e+01
3.263000000000000256e+01
2.294000000000000128e+01
2.889999999999999858e+01
3.364999999999999858e+01
3.442999999999999972e+01
3.821999999999999886e+01
3.194000000000000128e+01
3.078999999999999915e+01
3.211999999999999744e+01
3.235999999999999943e+01
3.564000000000000057e+01
3.995000000000000284e+01
3.986999999999999744e+01
4.639999999999999858e+01
4.190999999999999659e+01
3.460000000000000142e+01
3.624000000000000199e+01
3.565999999999999659e+01
3.567000000000000171e+01
4.689999999999999858e+01
