3.721000000000000085e+01
3.052400000000000091e+01
2.832200000000000273e+01
3.346099999999999852e+01
5.052200000000000557e+01
3.586200000000000188e+01
3.796300000000000097e+01
4.531100000000000705e+01
5.871699999999999875e+01
3.567799999999999727e+01
2.864000000000000057e+01
2.673100000000000165e+01
2.581099999999999994e+01
2.963700000000000045e+01
4.886699999999999733e+01
2.831900000000000261e+01
2.803699999999999903e+01
3.121800000000000352e+01
2.449800000000000111e+01
3.497599999999999909e+01
4.117700000000000671e+01
3.124399999999999977e+01
2.382800000000000296e+01
3.635699999999999932e+01
3.506099999999999994e+01
3.384300000000000352e+01
3.588500000000000512e+01
3.136000000000000298e+01
3.412800000000000011e+01
2.913400000000000034e+01
3.358599999999999852e+01
2.435600000000000165e+01
3.212699999999999534e+01
4.691400000000000148e+01
2.888300000000000267e+01
2.443100000000000094e+01
2.376100000000000279e+01
2.220499999999999829e+01
2.849500000000000099e+01
4.681700000000000017e+01
3.110900000000000176e+01
2.626899999999999835e+01
2.598699999999999832e+01
1.845799999999999841e+01
4.646600000000000108e+01
4.100200000000000244e+01
2.489200000000000301e+01
2.998000000000000043e+01
2.728999999999999915e+01
3.371800000000000352e+01
3.488900000000000290e+01
3.836800000000000210e+01
3.785399999999999920e+01
3.291599999999999682e+01
3.475400000000000489e+01
2.705600000000000094e+01
3.581199999999999761e+01
3.321999999999999886e+01
3.762700000000000244e+01
4.065800000000000125e+01
2.366000000000000014e+01
2.842800000000000082e+01
2.877400000000000091e+01
2.670300000000000296e+01
2.225199999999999889e+01
2.658999999999999986e+01
3.104200000000000159e+01
3.338199999999999790e+01
3.154400000000000048e+01
3.813200000000000500e+01
3.618000000000000682e+01
4.822299999999999898e+01
4.599000000000000199e+01
3.433200000000000074e+01
3.025400000000000134e+01
3.025400000000000134e+01
3.116799999999999926e+01
3.116799999999999926e+01
3.460999999999999943e+01
3.499099999999999966e+01
2.931800000000000139e+01
2.648199999999999932e+01
3.439999999999999858e+01
2.906800000000000139e+01
3.352200000000000557e+01
3.352200000000000557e+01
3.368000000000000682e+01
3.262600000000000477e+01
3.262600000000000477e+01
3.210600000000000165e+01
3.273000000000000398e+01
2.988000000000000256e+01
3.039999999999999858e+01
2.988000000000000256e+01
3.714600000000000080e+01
4.032399999999999807e+01
4.032399999999999807e+01
4.032399999999999807e+01
4.032399999999999807e+01
2.686299999999999955e+01
3.425600000000000023e+01
3.425600000000000023e+01
4.926800000000000068e+01
3.538600000000000279e+01
3.136000000000000298e+01
3.576700000000000301e+01
4.230599999999999739e+01
6.011399999999999721e+01
2.892099999999999937e+01
2.004599999999999937e+01
4.132800000000000296e+01
5.340400000000000347e+01
3.352000000000000313e+01
2.678300000000000125e+01
3.672500000000000142e+01
4.736599999999999966e+01
4.358700000000000330e+01
3.876700000000000301e+01
3.154400000000000048e+01
3.190500000000000114e+01
3.346099999999999852e+01
3.567799999999999727e+01
3.635699999999999932e+01
4.524099999999999966e+01
3.628999999999999915e+01
2.903500000000000014e+01
3.383100000000000307e+01
3.143299999999999983e+01
3.728699999999999903e+01
1.874800000000000111e+01
3.301400000000000290e+01
4.969299999999999784e+01
4.487299999999999756e+01
4.365500000000000114e+01
3.277199999999999847e+01
2.874599999999999866e+01
3.315299999999999869e+01
3.819500000000000028e+01
3.250800000000000267e+01
3.262600000000000477e+01
3.210600000000000165e+01
3.596899999999999409e+01
2.908899999999999864e+01
3.078800000000000381e+01
3.858299999999999841e+01
3.358599999999999852e+01
3.413100000000000023e+01
2.913400000000000034e+01
3.354099999999999682e+01
2.623799999999999955e+01
3.040899999999999892e+01
3.258500000000000085e+01
3.329699999999999704e+01
3.329699999999999704e+01
3.015800000000000125e+01
4.972500000000000142e+01
7.192100000000000648e+01
5.343600000000000705e+01
3.117599999999999838e+01
4.746699999999999875e+01
5.121000000000000796e+01
3.272199999999999420e+01
2.963400000000000034e+01
1.255199999999999960e+01
2.895000000000000284e+01
4.562900000000000489e+01
3.569599999999999795e+01
3.569599999999999795e+01
3.959100000000000108e+01
3.878799999999999670e+01
4.059899999999999665e+01
3.387099999999999511e+01
2.941900000000000048e+01
2.719300000000000139e+01
3.348300000000000409e+01
3.257500000000000284e+01
3.164499999999999957e+01
3.125700000000000145e+01
2.410999999999999943e+01
3.596899999999999409e+01
3.475100000000000477e+01
4.003300000000000125e+01
2.874599999999999866e+01
2.633599999999999852e+01
3.819500000000000028e+01
4.448499999999999943e+01
3.374299999999999500e+01
3.252500000000000568e+01
3.327100000000000080e+01
3.054599999999999937e+01
4.040400000000000347e+01
2.652000000000000313e+01
3.092699999999999960e+01
3.499799999999999756e+01
3.537899999999999778e+01
4.575400000000000489e+01
3.573400000000000176e+01
3.449900000000000233e+01
4.136099999999999710e+01
3.654099999999999682e+01
2.967899999999999849e+01
3.123499999999999943e+01
3.438600000000000279e+01
2.846099999999999852e+01
4.475500000000000256e+01
4.475500000000000256e+01
4.475500000000000256e+01
2.985100000000000264e+01
3.681400000000000006e+01
3.307300000000000040e+01
3.216499999999999915e+01
3.413100000000000023e+01
4.301500000000000057e+01
4.210699999999999932e+01
3.308200000000000074e+01
2.613400000000000034e+01
2.676200000000000045e+01
2.783800000000000097e+01
3.406400000000000006e+01
4.238300000000000267e+01
3.644200000000000017e+01
3.160500000000000043e+01
4.713300000000000267e+01
4.797500000000000142e+01
2.920700000000000074e+01
3.404399999999999693e+01
3.969200000000000017e+01
3.969200000000000017e+01
3.806100000000000705e+01
3.506099999999999994e+01
3.301400000000000290e+01
3.301400000000000290e+01
3.301400000000000290e+01
3.078800000000000381e+01
3.078800000000000381e+01
3.858299999999999841e+01
3.489700000000000557e+01
3.374299999999999500e+01
3.354099999999999682e+01
4.465800000000000125e+01
3.746600000000000108e+01
3.746600000000000108e+01
2.669500000000000028e+01
2.856200000000000472e+01
2.856200000000000472e+01
6.062400000000000944e+01
3.635699999999999932e+01
4.524099999999999966e+01
4.524099999999999966e+01
4.433299999999999841e+01
4.485300000000000153e+01
3.530799999999999983e+01
3.530799999999999983e+01
3.136000000000000298e+01
3.576700000000000301e+01
3.458800000000000097e+01
3.084700000000000131e+01
2.993900000000000006e+01
3.190500000000000114e+01
4.078900000000000148e+01
3.988100000000000023e+01
2.690800000000000125e+01
3.131500000000000128e+01
3.743600000000000705e+01
3.743600000000000705e+01
3.743600000000000705e+01
5.609899999999999665e+01
3.833200000000000784e+01
3.434799999999999898e+01
3.434799999999999898e+01
3.650400000000000489e+01
4.177000000000000313e+01
2.542800000000000082e+01
3.663700000000000045e+01
3.441100000000000136e+01
3.886299999999999955e+01
3.847500000000000142e+01
5.788800000000000523e+01
3.562800000000000011e+01
5.566200000000000614e+01
7.278400000000000603e+01
3.340200000000000102e+01
5.056600000000000250e+01
4.969299999999999784e+01
3.273199999999999932e+01
3.326000000000000512e+01
3.555400000000000205e+01
3.555400000000000205e+01
3.555400000000000205e+01
2.717599999999999838e+01
2.477799999999999869e+01
4.028700000000000614e+01
4.898400000000000176e+01
2.978900000000000148e+01
3.267699999999999960e+01
2.672400000000000020e+01
6.008200000000000074e+01
4.021600000000000108e+01
3.720199999999999818e+01
3.346099999999999852e+01
4.388800000000000523e+01
4.340300000000000580e+01
4.301500000000000057e+01
3.346999999999999886e+01
3.346999999999999886e+01
2.605399999999999849e+01
3.715999999999999659e+01
3.858299999999999841e+01
3.736500000000000199e+01
1.114400000000000013e+01
1.251600000000000001e+01
8.327999999999999403e+00
4.357800000000000296e+01
2.899200000000000088e+01
2.227199999999999847e+01
4.355400000000000205e+01
5.524199999999999733e+01
5.563000000000000256e+01
3.275000000000000000e+01
2.900900000000000034e+01
2.862099999999999866e+01
3.895100000000000762e+01
3.856300000000000239e+01
2.160200000000000031e+01
4.581300000000000239e+01
3.413100000000000023e+01
3.291299999999999670e+01
3.365900000000000603e+01
3.635699999999999932e+01
3.454800000000000182e+01
3.853199999999999648e+01
3.240600000000000591e+01
3.182199999999999918e+01
4.575400000000000489e+01
2.553600000000000136e+01
3.500800000000000267e+01
4.545400000000000773e+01
4.501000000000000512e+01
3.681000000000000227e+01
3.770400000000000063e+01
3.406400000000000006e+01
4.675800000000000267e+01
2.957400000000000162e+01
4.817000000000000171e+01
4.118600000000000705e+01
3.197200000000000131e+01
3.087600000000000122e+01
3.303600000000000136e+01
8.288799999999999102e+01
3.327400000000000091e+01
2.847800000000000153e+01
3.146000000000000085e+01
3.345199999999999818e+01
3.673700000000000188e+01
4.434899999999999665e+01
3.190500000000000114e+01
3.281300000000000239e+01
3.323900000000000432e+01
2.886199999999999832e+01
3.058700000000000330e+01
3.503900000000000148e+01
2.815800000000000125e+01
2.815800000000000125e+01
4.453199999999999648e+01
3.099299999999999855e+01
6.712800000000000011e+01
3.346299999999999386e+01
1.629899999999999949e+01
2.970499999999999829e+01
2.431500000000000128e+01
2.949200000000000443e+01
3.394400000000000261e+01
3.446399999999999864e+01
3.891599999999999682e+01
3.171800000000000352e+01
3.171800000000000352e+01
3.171800000000000352e+01
3.223799999999999955e+01
3.846399999999999864e+01
4.321200000000000330e+01
4.321200000000000330e+01
6.738000000000000433e+00
4.007999999999999829e+01
3.123499999999999943e+01
3.634000000000000341e+01
3.634000000000000341e+01
3.634000000000000341e+01
4.935399999999999920e+01
