3.485815848730726429e+01
2.995423862934759995e+01
2.824169286737607365e+01
3.400274528159791743e+01
5.073187217869924837e+01
3.595016370298818487e+01
3.750536753366801435e+01
4.749685984020586460e+01
5.421178921069132173e+01
3.619796104382768220e+01
2.860520453429810317e+01
2.724174852044225048e+01
2.482004586370553767e+01
2.997235296807856386e+01
4.744339333034393746e+01
2.816683184148638119e+01
2.778274307266959653e+01
3.149774942482957130e+01
2.348753662421526656e+01
3.400551744943427934e+01
3.938614493260767091e+01
3.151943851274115715e+01
2.251438503454566842e+01
3.641638604205310514e+01
3.545767536211779003e+01
3.346272648480121603e+01
3.619914777317077892e+01
3.210213383542893695e+01
3.481713813651906264e+01
2.965838797451335296e+01
3.425883441987962641e+01
2.313850105206793728e+01
3.263232246598538211e+01
4.747171081697671724e+01
2.933206060138891047e+01
2.357607121756252155e+01
2.264575644679245414e+01
2.009390624866249198e+01
2.884621584669518768e+01
4.935823959224845225e+01
3.183061672725245472e+01
2.608766694699744448e+01
2.572407677420090977e+01
1.735886208152765420e+01
4.613087716009398065e+01
3.697411440934926929e+01
2.394260185918427908e+01
3.056192115134922460e+01
2.736997403492257774e+01
3.424068038899495292e+01
3.385261020523315523e+01
3.839762676549361231e+01
3.802961415358375064e+01
3.262186092196272114e+01
3.362342304279511751e+01
2.799855973727785141e+01
3.619179391307029903e+01
3.399225998233774959e+01
3.788759192127368891e+01
4.109617857777623584e+01
2.172980893248759315e+01
2.866670813112238392e+01
2.914619268487060566e+01
2.591074499724769709e+01
2.564589683669181142e+01
2.644716596489074334e+01
3.172815886148515574e+01
3.408936100114502210e+01
3.229181674045185702e+01
3.781907936199210951e+01
3.652700797471714367e+01
4.834562315868527094e+01
4.858895114588580100e+01
3.497928401920599839e+01
3.079564397608639581e+01
3.079564397608639581e+01
3.178620653771171689e+01
3.178620653771171689e+01
3.491612671845445703e+01
3.542573879410862503e+01
2.986932319638799527e+01
2.556667750224123381e+01
3.473893164057259497e+01
2.958036756840362003e+01
3.417787236939663842e+01
3.417787236939663842e+01
3.406638053432520508e+01
3.337459571833493044e+01
3.337459571833493044e+01
3.286291060172099776e+01
3.222099552870043482e+01
3.047255965248921683e+01
3.107268199901849570e+01
3.047255965248921683e+01
3.695895905129191306e+01
3.941144718211583609e+01
3.941144718211583609e+01
3.941144718211583609e+01
3.941144718211583609e+01
2.669360849641256550e+01
3.432945185324508230e+01
3.432945185324508230e+01
5.028976515715087459e+01
3.548915415375807214e+01
3.210213383542890853e+01
3.601199285513884263e+01
4.357160020156779723e+01
5.905616551640184753e+01
2.929562951197566534e+01
1.582185591459706231e+01
3.820634217916040853e+01
5.254259156211593051e+01
3.394208130865218465e+01
2.659362096508799311e+01
3.380733672832580794e+01
4.621975701146654103e+01
4.282564501326290696e+01
3.857835848078536145e+01
3.229181674045185702e+01
3.248544328524298663e+01
3.400274528159791743e+01
3.578722759843087431e+01
3.641638604205310514e+01
4.470884043011248110e+01
3.645362263070579445e+01
2.954234616026252880e+01
3.443972510281358979e+01
3.216529800268809680e+01
3.732546276747855529e+01
1.421726328969021935e+01
3.373783708714637442e+01
5.005568591627535824e+01
4.695060975688392801e+01
4.370684230819301064e+01
3.318439003486106031e+01
2.919502064575354794e+01
3.379610570385145252e+01
3.804471188413418759e+01
3.325682528071145327e+01
3.337459571833493044e+01
3.286291060172099776e+01
3.613448533716229605e+01
2.954015913363375745e+01
3.150029502932193992e+01
3.836540529226891039e+01
3.425883441987962641e+01
3.456607363083977447e+01
2.965838797451371533e+01
3.412232750462486308e+01
2.605015921352696751e+01
3.109357789046075382e+01
3.337506877821625295e+01
3.396873833848464130e+01
3.396873833848464130e+01
3.045153899332026270e+01
4.975145593766643515e+01
6.184183661240248853e+01
5.255989964842938633e+01
3.191055811522776509e+01
4.741202680917231760e+01
4.969313058136700789e+01
3.158127098884126127e+01
2.978240334404448220e+01
1.646034645598808765e+01
2.944474614977874793e+01
4.516690784019726834e+01
3.569373725301473144e+01
3.569373725301473144e+01
3.871991963149626059e+01
3.825364942098593701e+01
3.959523775314613658e+01
3.364436969380588494e+01
2.988789265960715369e+01
2.678997547857473194e+01
3.330549842109358138e+01
3.250726720512120949e+01
3.217233521708434552e+01
3.179108504463760454e+01
2.296889337849879809e+01
3.613448533716229605e+01
3.405766477125806091e+01
4.025304075583813557e+01
2.919502064575354794e+01
2.617791988730480668e+01
3.804471188413418759e+01
4.647294716008403981e+01
3.425977797991844653e+01
3.205047388317991874e+01
3.395905697490322694e+01
3.093954185622424902e+01
4.021781588114790651e+01
2.642488967862535532e+01
3.160722783488706611e+01
3.520486225164325589e+01
3.572216713828052548e+01
4.628653772462986637e+01
3.567793620789461073e+01
3.248379075411710204e+01
3.972986662842426142e+01
3.657628355641703877e+01
3.012687356826665308e+01
3.184727362282315610e+01
3.354306266502067047e+01
2.735674225000808235e+01
4.412376212324085145e+01
4.412376212324085145e+01
4.412376212324085145e+01
3.046525157680096640e+01
3.597136301550073512e+01
3.372727665625879467e+01
3.290399888434436804e+01
3.456607363083951157e+01
4.212972269040116657e+01
4.108341692523381994e+01
3.339766308229071257e+01
2.590049342962588952e+01
2.670891712993581990e+01
2.805490488984775155e+01
3.459605889530280365e+01
4.145026997794663259e+01
3.645088514056174489e+01
3.233431984476536769e+01
4.698529150991008407e+01
4.789015012297665663e+01
2.973923988600870061e+01
3.446532786903699019e+01
4.015872954255607397e+01
4.015872954255607397e+01
3.822847062651444361e+01
3.545767536211909032e+01
3.373783708714637442e+01
3.373783708714637442e+01
3.373783708714637442e+01
3.150029502932193992e+01
3.150029502932193992e+01
3.836540529226891039e+01
3.299846948076219633e+01
3.425977797991775731e+01
3.406755074111443804e+01
4.608199637726356457e+01
3.768987596827092545e+01
3.768987596827092545e+01
2.636988616678792141e+01
2.897996011622655033e+01
2.897996011622655033e+01
5.912475796891579449e+01
3.641638604205310514e+01
4.470884043011248110e+01
4.470884043011248110e+01
4.364101909092504172e+01
4.425113208877222348e+01
3.541199635959669223e+01
3.541199635960029468e+01
3.210213383542893695e+01
3.601199285513884263e+01
3.376226073209522838e+01
3.152773759447736523e+01
3.057467633939656082e+01
3.248544328524263136e+01
3.896722124919206465e+01
3.804597074987361793e+01
2.692419460389430697e+01
3.198273798431494086e+01
3.681114222442467820e+01
3.681114222442467820e+01
3.681114222442467820e+01
5.184654470902182766e+01
3.764468817769503062e+01
3.466108126846556559e+01
3.466108126846556559e+01
3.590811714857801462e+01
4.139174072483724132e+01
2.498448515101587830e+01
3.542672175404079127e+01
3.329061849829226816e+01
3.786312177176867522e+01
3.752986719179035902e+01
5.712867739255611355e+01
3.602612167956321798e+01
5.510485040567964177e+01
6.631839542730563153e+01
3.408619581415183575e+01
5.099662298989363762e+01
5.005568591627535824e+01
3.346905433613011382e+01
3.393687940460525709e+01
3.575455391109617409e+01
3.575455391109617409e+01
3.575455391109617409e+01
2.696661377672294435e+01
2.319980698548393505e+01
3.928637197320862384e+01
4.747722862279082534e+01
3.031239300521707136e+01
3.268678877316598630e+01
2.667824488694029128e+01
5.881911217312868700e+01
3.927239302803216248e+01
3.626528015233532898e+01
3.405605783071763426e+01
4.312467813621803003e+01
4.259043814037939768e+01
4.212972269040116657e+01
3.369074145117273389e+01
3.369074145117275521e+01
2.579617485826749146e+01
3.613680623553230475e+01
3.836540529226891039e+01
3.656135014311733045e+01
2.308595686494075494e+01
2.242495225043821705e+01
3.313151670963289774e+01
4.281595056099156693e+01
2.902614607869907459e+01
1.975759250598029837e+01
4.224337176583941300e+01
5.464667037878948008e+01
5.494305340399304782e+01
3.206900292926301432e+01
2.945250998599709646e+01
2.901768920798490825e+01
3.604780019279914427e+01
3.575994245584551123e+01
1.873598467801958023e+01
4.536975387056277498e+01
3.456607363083977447e+01
3.230672292287465552e+01
3.429495993797007714e+01
3.641638604205295593e+01
3.419349122328379309e+01
3.719169954480488371e+01
3.224667421567856707e+01
3.195289824668563128e+01
4.628653772462986637e+01
2.509558019304478904e+01
3.526373033053585004e+01
4.499512833122842892e+01
4.893280066471382383e+01
3.694110516466817984e+01
3.787457842999230451e+01
3.476171302852272049e+01
4.645695475338830249e+01
2.998109944800546245e+01
4.806802376321273584e+01
4.095940840416180606e+01
3.250232984746745046e+01
3.153543706939602487e+01
3.380884543273000986e+01
4.323458630861757257e+01
3.387659155155989765e+01
2.883177999852666673e+01
3.201443171215024819e+01
3.384213919382409586e+01
3.792918799932572682e+01
4.530548498610632890e+01
3.266368127867188775e+01
3.360763337137800733e+01
3.401486437844762634e+01
2.895972534237236573e+01
3.116321607023581919e+01
3.566236124502465543e+01
2.845717122827136691e+01
2.845717122827136691e+01
4.560756366221387736e+01
3.171862280105739629e+01
6.736950255853038527e+01
3.413840927967651595e+01
1.642284601375927267e+01
3.013955633005236123e+01
2.327655890512062342e+01
3.000517327930089095e+01
3.464417743610197675e+01
3.509065324449360901e+01
3.926554705539265200e+01
3.246171820712724809e+01
3.246171820712724809e+01
3.246171820712724809e+01
3.299557894676225089e+01
3.821508993731644921e+01
4.268179141534749732e+01
4.268179141534749732e+01
4.576285218264832366e+01
4.063216480505302997e+01
3.184727362282315610e+01
3.626541191188837132e+01
3.626541191188837132e+01
3.626541191188837132e+01
4.944297258556161978e+01
