3.207999999999999829e+01
4.186699999999999733e+01
3.497599999999999909e+01
3.475100000000000477e+01
3.538600000000000279e+01
4.100200000000000244e+01
3.488900000000000290e+01
3.093400000000000105e+01
2.648199999999999932e+01
3.590600000000000591e+01
4.032399999999999807e+01
4.032399999999999807e+01
4.032399999999999807e+01
4.132800000000000296e+01
4.365500000000000114e+01
3.277199999999999847e+01
3.959100000000000108e+01
3.475100000000000477e+01
3.252500000000000568e+01
3.054599999999999937e+01
3.499799999999999756e+01
4.575400000000000489e+01
3.438600000000000279e+01
2.846099999999999852e+01
4.475500000000000256e+01
4.475500000000000256e+01
4.475500000000000256e+01
3.681400000000000006e+01
4.238300000000000267e+01
3.489700000000000557e+01
3.458800000000000097e+01
3.743600000000000705e+01
3.743600000000000705e+01
3.743600000000000705e+01
3.833200000000000784e+01
3.650400000000000489e+01
3.663700000000000045e+01
3.441100000000000136e+01
3.886299999999999955e+01
3.847500000000000142e+01
3.720199999999999818e+01
3.715999999999999659e+01
3.736500000000000199e+01
4.355400000000000205e+01
3.275000000000000000e+01
3.291299999999999670e+01
3.454800000000000182e+01
3.853199999999999648e+01
3.240600000000000591e+01
3.182199999999999918e+01
4.575400000000000489e+01
4.545400000000000773e+01
8.288799999999999102e+01
4.434899999999999665e+01
3.099299999999999855e+01
2.431500000000000128e+01
4.321200000000000330e+01
4.321200000000000330e+01
6.738000000000000433e+00
