4.678108303101591758e+00
3.728274067743795772e+00
4.075625958980017671e+00
3.727900815516462352e+00
3.728224071868136313e+00
4.678767277388376833e+00
3.848244357070447652e+00
3.727900815516462352e+00
4.679494611088013123e+00
3.848184849431353971e+00
3.603457683763056973e+00
3.603457683763049424e+00
3.603457683763056973e+00
4.676081434447299401e+00
4.621743027494782829e+00
4.030358568020514731e+00
3.728224071868136313e+00
3.727900815516462352e+00
3.847924245879822180e+00
3.727900815516476563e+00
3.728224071868136313e+00
4.058936415787041341e+00
3.848244357070447652e+00
4.684174144427672992e+00
3.603457683763056973e+00
3.603457683763056973e+00
3.603457683763056973e+00
3.848184849431353971e+00
4.603589737023948913e+00
4.679296338712842562e+00
4.075625958980017671e+00
3.728274067743795772e+00
3.728274067743795772e+00
3.728274067743795772e+00
4.603426445106943987e+00
4.522602307478885919e+00
4.677514985582022611e+00
4.677993980262932894e+00
4.075922573935744531e+00
4.075922573935744531e+00
3.848184849431353971e+00
4.677373247020749858e+00
4.030358567520734070e+00
4.675694088579343877e+00
4.680109837104273751e+00
3.847924245879822180e+00
4.677723991174609353e+00
4.074668623068062878e+00
3.848244357070447652e+00
4.678988779906055662e+00
4.058936415787041341e+00
4.074668623067988271e+00
4.684829799607479472e+00
4.684741613182054287e+00
3.728224071868136313e+00
3.847924245879822180e+00
4.076900087183220833e+00
4.076900087183220833e+00
4.686127149269948333e+00
