3.240010074220804626e+01
4.168562617838237117e+01
3.325044152418356447e+01
3.160288542913916032e+01
3.357085116644512368e+01
2.392872638677279795e+01
3.633035201431894023e+01
2.778588542913915660e+01
2.636264826080417123e+01
3.381521584573954442e+01
3.932586239368139758e+01
3.932586239368141889e+01
3.932586239368139758e+01
3.804624507020587032e+01
4.051051103373229978e+01
2.997237917543813168e+01
3.777585116644512198e+01
3.160288542913916032e+01
2.939653994063077391e+01
2.739788542913952796e+01
3.318285116644511845e+01
4.906464078489661063e+01
3.582735201431894012e+01
2.565419228133065133e+01
4.375686239368140207e+01
4.375686239368140207e+01
4.375686239368140207e+01
3.472321584573953857e+01
4.755225904756281352e+01
3.601861777447247448e+01
3.286244152418356634e+01
3.725462617838238089e+01
3.725462617838238089e+01
3.725462617838238089e+01
3.809188497779383908e+01
3.653388423779135508e+01
3.790520534174167011e+01
3.393476393133386892e+01
3.784627692473450367e+01
3.745827692473450554e+01
3.511121584573953669e+01
3.709482155037763818e+01
3.456537917682831562e+01
4.092608705564303762e+01
3.175850397607121067e+01
2.978453994063076493e+01
3.507702899793883944e+01
4.225212241893918730e+01
3.384735201431894325e+01
3.292500656987545682e+01
4.906464078489661063e+01
4.917412241893907776e+01
4.200830378865857995e+01
4.667369825053624766e+01
2.917785116644511945e+01
2.118653994063076951e+01
3.994487789814997569e+01
3.994487789814997569e+01
4.523709350493265191e+01
