4.142200000000000273e+02
5.133599999999999000e+02
4.900000000000000000e+02
4.490299999999999727e+02
6.203600000000000136e+02
3.670000000000000000e+02
4.790500000000000114e+02
3.231200000000000045e+02
3.804100000000000250e+02
5.364800000000000182e+02
5.039300000000000068e+02
5.660299999999999727e+02
6.050299999999999727e+02
4.558299999999999841e+02
5.060000000000000000e+02
6.037999999999999545e+02
5.167100000000000364e+02
5.357200000000000273e+02
5.407000000000000455e+02
4.325099999999999909e+02
4.325099999999999909e+02
4.360899999999999750e+02
6.767200000000000273e+02
3.669599999999999795e+02
5.128399999999999181e+02
5.135999999999999091e+02
5.135999999999999091e+02
4.818500000000000227e+02
6.825399999999999636e+02
4.885199999999999818e+02
6.203600000000000136e+02
5.343399999999999181e+02
5.670299999999999727e+02
5.010600000000000023e+02
4.589700000000000273e+02
6.279100000000000819e+02
4.823700000000000045e+02
5.048100000000000023e+02
5.812200000000000273e+02
5.801800000000000637e+02
5.891599999999999682e+02
5.891599999999999682e+02
5.891599999999999682e+02
4.863500000000000227e+02
4.763799999999999955e+02
5.336799999999999500e+02
6.683299999999999272e+02
5.072300000000000182e+02
5.771200000000000045e+02
5.596599999999999682e+02
4.928999999999999773e+02
5.350900000000000318e+02
5.865399999999999636e+02
5.865399999999999636e+02
4.605400000000000205e+02
5.760199999999999818e+02
4.591800000000000068e+02
4.175199999999999818e+02
5.137300000000000182e+02
5.357599999999999909e+02
4.994399999999999977e+02
3.973600000000000136e+02
4.409200000000000159e+02
3.632099999999999795e+02
4.792300000000000182e+02
5.325899999999999181e+02
5.293600000000000136e+02
5.020199999999999818e+02
3.493199999999999932e+02
3.806700000000000159e+02
3.769399999999999977e+02
3.737099999999999795e+02
5.671499999999998636e+02
4.848600000000000136e+02
4.817400000000000091e+02
5.262699999999999818e+02
4.091899999999999977e+02
4.785000000000000000e+02
4.785000000000000000e+02
5.538099999999999454e+02
5.309299999999999500e+02
5.459300000000000637e+02
7.056899999999999409e+02
2.032539999999999964e+03
4.641700000000000159e+02
7.146299999999998818e+02
4.827500000000000000e+02
4.955199999999999818e+02
4.790199999999999818e+02
5.063600000000000136e+02
5.063600000000000136e+02
5.063600000000000136e+02
5.856699999999999591e+02
5.856699999999999591e+02
5.578099999999999454e+02
5.578099999999999454e+02
4.570699999999999932e+02
5.802500000000000000e+02
5.557699999999999818e+02
4.077500000000000000e+02
4.318100000000000023e+02
4.318100000000000023e+02
5.472899999999999636e+02
5.472899999999999636e+02
7.122000000000000455e+02
5.424800000000000182e+02
3.604399999999999977e+02
3.619900000000000091e+02
3.746600000000000250e+02
5.425799999999999272e+02
5.503699999999998909e+02
5.705599999999999454e+02
4.146299999999999955e+02
4.459800000000000182e+02
4.832599999999999341e+02
4.018100000000000023e+02
3.475099999999999909e+02
5.304800000000000182e+02
4.080000000000000000e+02
7.054200000000000728e+02
5.316800000000000637e+02
4.319300000000000068e+02
5.222799999999999727e+02
4.218600000000000136e+02
5.209100000000000819e+02
5.209100000000000819e+02
5.733399999999999181e+02
5.328999999999999773e+02
6.002200000000000273e+02
6.002200000000000273e+02
4.917099999999999795e+02
5.050400000000000205e+02
7.073699999999998909e+02
4.166000000000000227e+02
4.031899999999999977e+02
4.415000000000000000e+02
5.481399999999998727e+02
3.623199999999999932e+02
4.675199999999999818e+02
4.489499999999999886e+02
4.285199999999999818e+02
4.218500000000000227e+02
3.914599999999999795e+02
4.953799999999999955e+02
4.713899999999999864e+02
4.900500000000000114e+02
4.447300000000000182e+02
4.445899999999999750e+02
5.700899999999999181e+02
5.260999999999999091e+02
5.420799999999999272e+02
4.167400000000000091e+02
3.587799999999999727e+02
4.319300000000000068e+02
5.705299999999999727e+02
5.824500000000000455e+02
4.863799999999999955e+02
3.708399999999999750e+02
3.574299999999999500e+02
4.056399999999999864e+02
4.285199999999999818e+02
4.186200000000000045e+02
3.165599999999999454e+02
4.918100000000000023e+02
4.918100000000000023e+02
4.918100000000000023e+02
4.644700000000000273e+02
4.217599999999999909e+02
4.992699999999999818e+02
5.243799999999998818e+02
5.383599999999999000e+02
4.031899999999999977e+02
3.719800000000000182e+02
4.976800000000000068e+02
4.866000000000000227e+02
6.749100000000000819e+02
3.914599999999999795e+02
4.592900000000000205e+02
3.303299999999999841e+02
4.444800000000000182e+02
4.228799999999999955e+02
5.372400000000000091e+02
5.785799999999999272e+02
5.711199999999998909e+02
5.711199999999998909e+02
5.711199999999998909e+02
4.231899999999999977e+02
3.803100000000000023e+02
3.989700000000000273e+02
3.833000000000000114e+02
4.759399999999999977e+02
4.444800000000000182e+02
4.525799999999999272e+02
4.451200000000000045e+02
4.451200000000000045e+02
4.451200000000000045e+02
4.136600000000000250e+02
5.605999999999999091e+02
5.605999999999999091e+02
4.437599999999999909e+02
4.224499999999999886e+02
6.722200000000000273e+02
8.411599999999998545e+02
5.261599999999999682e+02
5.714800000000000182e+02
5.686900000000000546e+02
6.158499999999999091e+02
4.785699999999999932e+02
5.776900000000000546e+02
7.028699999999998909e+02
7.813599999999999000e+02
6.772500000000000000e+02
7.050399999999999636e+02
6.332400000000000091e+02
4.489499999999999886e+02
3.870500000000000114e+02
6.192200000000000273e+02
5.762400000000000091e+02
5.466900000000000546e+02
5.965499999999999545e+02
5.965499999999999545e+02
3.904200000000000159e+02
4.100699999999999932e+02
5.092500000000000000e+02
5.092500000000000000e+02
5.092500000000000000e+02
5.867599999999999909e+02
5.406800000000000637e+02
3.860699999999999932e+02
5.885599999999999454e+02
5.885599999999999454e+02
5.865199999999999818e+02
4.385000000000000000e+02
3.951600000000000250e+02
3.178899999999999864e+02
4.218700000000000045e+02
5.679299999999999500e+02
5.679299999999999500e+02
5.679299999999999500e+02
4.334700000000000273e+02
4.868299999999999841e+02
4.868299999999999841e+02
4.868299999999999841e+02
4.594900000000000091e+02
5.567200000000000273e+02
4.681499999999999773e+02
3.989900000000000091e+02
4.743000000000000114e+02
5.694000000000000909e+02
4.514200000000000159e+02
3.035599999999999454e+02
3.994900000000000091e+02
5.266799999999999500e+02
4.643999999999999773e+02
5.455000000000000000e+02
5.455000000000000000e+02
3.053199999999999932e+02
4.138199999999999932e+02
4.223899999999999864e+02
4.547300000000000182e+02
3.680600000000000023e+02
3.957400000000000091e+02
3.349100000000000250e+02
3.637300000000000182e+02
3.941999999999999318e+02
3.836100000000000136e+02
3.184100000000000250e+02
5.146900000000000546e+02
4.873500000000000227e+02
4.873500000000000227e+02
4.873500000000000227e+02
4.446399999999999864e+02
3.995099999999999909e+02
4.680000000000000000e+02
4.680000000000000000e+02
5.749700000000000273e+02
3.311799999999999500e+02
5.661399999999998727e+02
5.661399999999998727e+02
6.472400000000000091e+02
6.472400000000000091e+02
5.236199999999998909e+02
5.213899999999998727e+02
5.312999999999999545e+02
5.634699999999999136e+02
4.680000000000000000e+02
3.641700000000000159e+02
5.083399999999999750e+02
5.083399999999999750e+02
4.401399999999999864e+02
4.401399999999999864e+02
4.401399999999999864e+02
5.212400000000000091e+02
5.212400000000000091e+02
5.212400000000000091e+02
4.391000000000000227e+02
4.922599999999999909e+02
4.403399999999999750e+02
4.403399999999999750e+02
4.403399999999999750e+02
5.156499999999999773e+02
5.156499999999999773e+02
4.632200000000000273e+02
4.927699999999999818e+02
6.764700000000000273e+02
5.196499999999999773e+02
5.196499999999999773e+02
3.936499999999999773e+02
3.936499999999999773e+02
5.514900000000000091e+02
4.662799999999999727e+02
4.367300000000000182e+02
6.610899999999999181e+02
6.906399999999999864e+02
5.286199999999998909e+02
4.318500000000000227e+02
4.318500000000000227e+02
5.048199999999999932e+02
4.618399999999999750e+02
4.322900000000000205e+02
6.677599999999999909e+02
6.382100000000000364e+02
6.238799999999998818e+02
4.139200000000000159e+02
4.395899999999999750e+02
4.632799999999999727e+02
4.819399999999999977e+02
5.410399999999999636e+02
4.389599999999999795e+02
4.094100000000000250e+02
4.602400000000000091e+02
4.620600000000000023e+02
4.625000000000000000e+02
5.569400000000000546e+02
7.297300000000000182e+02
3.887599999999999909e+02
5.164500000000000455e+02
5.042400000000000091e+02
4.734200000000000159e+02
4.405799999999999841e+02
6.135199999999999818e+02
6.135199999999999818e+02
6.135199999999999818e+02
3.632099999999999795e+02
4.443100000000000023e+02
3.488799999999999955e+02
3.802300000000000182e+02
3.765000000000000000e+02
4.844200000000000159e+02
4.809700000000000273e+02
4.809700000000000273e+02
4.809700000000000273e+02
5.685899999999999181e+02
3.573500000000000227e+02
3.993799999999999955e+02
3.403299999999999841e+02
4.559100000000000250e+02
5.092699999999999818e+02
5.092699999999999818e+02
4.819300000000000068e+02
4.214300000000000068e+02
3.905000000000000000e+02
3.408500000000000227e+02
5.371299999999999955e+02
3.536200000000000045e+02
4.118399999999999181e+02
3.866100000000000136e+02
4.625799999999999841e+02
5.048799999999999955e+02
3.671600000000000250e+02
4.723999999999999773e+02
5.048100000000000023e+02
3.927400000000000091e+02
4.863700000000000045e+02
4.863700000000000045e+02
4.863700000000000045e+02
5.631199999999998909e+02
5.616799999999999500e+02
5.092500000000000000e+02
5.092500000000000000e+02
5.387999999999999545e+02
5.387999999999999545e+02
3.631899999999999977e+02
4.854399999999999977e+02
3.856299999999999955e+02
3.179499999999999886e+02
5.142300000000000182e+02
5.142300000000000182e+02
1.183089999999999918e+03
5.636399999999998727e+02
7.270000000000000000e+02
3.860699999999999932e+02
4.156200000000000045e+02
4.396800000000000068e+02
4.396800000000000068e+02
4.396800000000000068e+02
5.551599999999999682e+02
3.722799999999999727e+02
5.412200000000000273e+02
3.897599999999999909e+02
5.450499999999999545e+02
4.991999999999999886e+02
4.639499999999999886e+02
4.639499999999999886e+02
4.639499999999999886e+02
4.366100000000000136e+02
4.251800000000000068e+02
5.133599999999999000e+02
5.392599999999999909e+02
5.338399999999999181e+02
5.414600000000000364e+02
5.414600000000000364e+02
5.414600000000000364e+02
5.414600000000000364e+02
5.414600000000000364e+02
5.042900000000000205e+02
4.823700000000000045e+02
4.868299999999999841e+02
4.868299999999999841e+02
4.868299999999999841e+02
4.594900000000000091e+02
5.271699999999999591e+02
5.163799999999998818e+02
5.163799999999998818e+02
5.163799999999998818e+02
5.313799999999999955e+02
5.105000000000000000e+02
4.814100000000000250e+02
4.399599999999999795e+02
3.860899999999999750e+02
3.833000000000000114e+02
3.856499999999999773e+02
4.156399999999999864e+02
4.156399999999999864e+02
4.201200000000000045e+02
3.734200000000000159e+02
3.761100000000000136e+02
6.167599999999999909e+02
4.514200000000000159e+02
4.496200000000000045e+02
4.496200000000000045e+02
4.496200000000000045e+02
7.000799999999999272e+02
7.000799999999999272e+02
5.628399999999999181e+02
3.909399999999999977e+02
4.105899999999999750e+02
4.372500000000000000e+02
4.323700000000000045e+02
4.318500000000000227e+02
4.314100000000000250e+02
5.280599999999999454e+02
3.451800000000000068e+02
3.174300000000000068e+02
4.166200000000000045e+02
4.166200000000000045e+02
5.012799999999999727e+02
5.012799999999999727e+02
5.012799999999999727e+02
5.012799999999999727e+02
3.120299999999999727e+02
5.327400000000000091e+02
5.327400000000000091e+02
3.950199999999999818e+02
3.950199999999999818e+02
5.958499999999999091e+02
5.455699999999999363e+02
5.263700000000000045e+02
6.334100000000000819e+02
5.520900000000000318e+02
6.207699999999999818e+02
6.243599999999999000e+02
4.096399999999999864e+02
4.397300000000000182e+02
3.950199999999999818e+02
3.950199999999999818e+02
3.950199999999999818e+02
3.958600000000000136e+02
5.405999999999999091e+02
4.385199999999999818e+02
5.412200000000000273e+02
5.412200000000000273e+02
4.985099999999999341e+02
5.795299999999999727e+02
6.055499999999999545e+02
5.130599999999999454e+02
4.714100000000000250e+02
6.549399999999998272e+02
4.306499999999999773e+02
4.049800000000000182e+02
4.170799999999999841e+02
3.951600000000000250e+02
4.329499999999999886e+02
3.927599999999999909e+02
3.379700000000000273e+02
3.412900000000000205e+02
3.314100000000000250e+02
4.480799999999999841e+02
4.166200000000000045e+02
4.166200000000000045e+02
4.480799999999999841e+02
4.947699999999999818e+02
4.947699999999999818e+02
4.947699999999999818e+02
4.674300000000000068e+02
4.172599999999999909e+02
4.172599999999999909e+02
4.172599999999999909e+02
4.983600000000000136e+02
4.480799999999999841e+02
4.480799999999999841e+02
4.480799999999999841e+02
3.858000000000000114e+02
3.858000000000000114e+02
4.456499999999999773e+02
5.327400000000000091e+02
5.327400000000000091e+02
5.327400000000000091e+02
5.327400000000000091e+02
5.327400000000000091e+02
5.327400000000000091e+02
5.327400000000000091e+02
6.133599999999999000e+02
5.635599999999999454e+02
4.158999999999999773e+02
4.158999999999999773e+02
5.327300000000000182e+02
5.327300000000000182e+02
4.162200000000000273e+02
3.908399999999999750e+02
6.040000000000000000e+02
6.040000000000000000e+02
5.744500000000000455e+02
5.515699999999999363e+02
5.515699999999999363e+02
7.889200000000000728e+02
5.929099999999999682e+02
5.929099999999999682e+02
5.929099999999999682e+02
5.656799999999999500e+02
5.656799999999999500e+02
5.656799999999999500e+02
6.696599999999999682e+02
5.153999999999999773e+02
6.583199999999999363e+02
6.354399999999999409e+02
6.887699999999999818e+02
6.345599999999999454e+02
6.843399999999999181e+02
6.843399999999999181e+02
4.429599999999999795e+02
5.082699999999999250e+02
4.553999999999999773e+02
3.971999999999999886e+02
4.893799999999999955e+02
3.938799999999999955e+02
5.611599999999999682e+02
4.887200000000000273e+02
3.743199999999999932e+02
5.382799999999999727e+02
6.308799999999998818e+02
5.344800000000000182e+02
4.658399999999999750e+02
4.653999999999999773e+02
5.960199999999999818e+02
7.067599999999999909e+02
6.200099999999999909e+02
4.200799999999999841e+02
4.196399999999999864e+02
3.669599999999999795e+02
3.211999999999999886e+02
4.127200000000000273e+02
3.407599999999999909e+02
5.140399999999999636e+02
5.432599999999999909e+02
5.432599999999999909e+02
5.432599999999999909e+02
5.378399999999999181e+02
5.378399999999999181e+02
5.653199999999999363e+02
5.076000000000000227e+02
4.780500000000000114e+02
7.135199999999999818e+02
6.839700000000000273e+02
5.090400000000000205e+02
5.277000000000000455e+02
4.847200000000000273e+02
4.551700000000000159e+02
6.241099999999999000e+02
4.408399999999999750e+02
4.684599999999999795e+02
3.979800000000000182e+02
3.671600000000000250e+02
5.652699999999999818e+02
6.014500000000000455e+02
6.153299999999999272e+02
4.573399999999999750e+02
5.097699999999999818e+02
4.403999999999999773e+02
3.860899999999999750e+02
4.590600000000000023e+02
5.181599999999999682e+02
4.160799999999999841e+02
4.827400000000000091e+02
4.202400000000000091e+02
4.127599999999999909e+02
5.129399999999999409e+02
3.865299999999999727e+02
5.522400000000000091e+02
3.998199999999999932e+02
4.106499999999999773e+02
1.269680000000000064e+03
6.203600000000000136e+02
6.511800000000000637e+02
6.511800000000000637e+02
6.410000000000000000e+02
6.274500000000000455e+02
7.892999999999999545e+02
6.583099999999999454e+02
6.583099999999999454e+02
6.552000000000000455e+02
6.552000000000000455e+02
6.453700000000000045e+02
6.224900000000000091e+02
6.347400000000000091e+02
6.724600000000000364e+02
5.516700000000000728e+02
5.780599999999999454e+02
6.040999999999999091e+02
4.862599999999999909e+02
5.577000000000000455e+02
5.378599999999999000e+02
4.531100000000000136e+02
6.270799999999999272e+02
5.088799999999999955e+02
4.860000000000000000e+02
6.931700000000000728e+02
5.460599999999999454e+02
5.362400000000000091e+02
5.384400000000000546e+02
5.384400000000000546e+02
5.042900000000000205e+02
5.042900000000000205e+02
6.269800000000000182e+02
5.583399999999999181e+02
5.583399999999999181e+02
5.583399999999999181e+02
6.350899999999999181e+02
6.350899999999999181e+02
5.268799999999999955e+02
6.738200000000000500e+02
5.572999999999999545e+02
5.630099999999999909e+02
5.357000000000000455e+02
4.124399999999999977e+02
3.867699999999999818e+02
5.200399999999999636e+02
5.200399999999999636e+02
4.775099999999999909e+02
4.545899999999999750e+02
5.768799999999998818e+02
4.371000000000000227e+02
3.946399999999999864e+02
4.128600000000000136e+02
4.133000000000000114e+02
3.703199999999999932e+02
4.853899999999999864e+02
4.369800000000000182e+02
4.548999999999999773e+02
3.407699999999999818e+02
4.563500000000000227e+02
5.097099999999999795e+02
4.823700000000000045e+02
4.218700000000000045e+02
3.235299999999999727e+02
3.577900000000000205e+02
3.540599999999999454e+02
4.507400000000000091e+02
5.382500000000000000e+02
4.409200000000000159e+02
4.630199999999999818e+02
4.630199999999999818e+02
3.308899999999999864e+02
4.202200000000000273e+02
3.887599999999999909e+02
4.202200000000000273e+02
4.669100000000000250e+02
4.669100000000000250e+02
3.893999999999999773e+02
5.193399999999999181e+02
5.193399999999999181e+02
5.193399999999999181e+02
5.444199999999999591e+02
5.126699999999999591e+02
4.897900000000000205e+02
4.897900000000000205e+02
4.897900000000000205e+02
5.094399999999999977e+02
5.552000000000000455e+02
5.552000000000000455e+02
4.529100000000000250e+02
4.529100000000000250e+02
4.940099999999999909e+02
4.940099999999999909e+02
4.940099999999999909e+02
6.393299999999999272e+02
4.977300000000000182e+02
4.202200000000000273e+02
3.579399999999999977e+02
3.596200000000000045e+02
5.497300000000000182e+02
4.274399999999999977e+02
4.625500000000000114e+02
4.241899999999999977e+02
5.357000000000000455e+02
5.823899999999998727e+02
5.048799999999999955e+02
5.855000000000000000e+02
5.855000000000000000e+02
5.357000000000000455e+02
5.992100000000000364e+02
4.952599999999999909e+02
4.952799999999999727e+02
4.957400000000000091e+02
7.889200000000000728e+02
6.850399999999999636e+02
5.590399999999999636e+02
7.491199999999998909e+02
5.924500000000000455e+02
6.782100000000000364e+02
4.532799999999999727e+02
4.303999999999999773e+02
4.842699999999999818e+02
5.396599999999999682e+02
5.905799999999999272e+02
4.287599999999999909e+02
5.014100000000000250e+02
5.516899999999999409e+02
5.532500000000000000e+02
4.646999999999999886e+02
3.859300000000000068e+02
5.014100000000000250e+02
5.065600000000000023e+02
5.270799999999999272e+02
4.774800000000000182e+02
4.849399999999999977e+02
4.849399999999999977e+02
4.075199999999999818e+02
3.617599999999999909e+02
4.532799999999999727e+02
3.388799999999999955e+02
5.372899999999999636e+02
4.694300000000000068e+02
5.372500000000000000e+02
3.846399999999999864e+02
5.316599999999999682e+02
3.927500000000000000e+02
8.266099999999999000e+02
4.818600000000000136e+02
4.188600000000000136e+02
4.188600000000000136e+02
3.880400000000000205e+02
3.845699999999999932e+02
5.049599999999999795e+02
4.117200000000000273e+02
4.871600000000000250e+02
4.871600000000000250e+02
5.755000000000000000e+02
4.510400000000000205e+02
4.510400000000000205e+02
4.195799999999999841e+02
4.195799999999999841e+02
7.725599999999999454e+02
6.495099999999999909e+02
4.866000000000000227e+02
4.808199999999999932e+02
4.565000000000000000e+02
5.633199999999999363e+02
5.633199999999999363e+02
5.633199999999999363e+02
6.426300000000001091e+02
4.833799999999999955e+02
5.474500000000000455e+02
5.782699999999999818e+02
5.991199999999998909e+02
8.984400000000000546e+02
5.695699999999999363e+02
6.258599999999999000e+02
3.493199999999999932e+02
3.663399999999999750e+02
3.124700000000000273e+02
4.585299999999999727e+02
5.109599999999999795e+02
6.238799999999998818e+02
4.852799999999999727e+02
5.539200000000000728e+02
2.806799999999999500e+02
5.196700000000000728e+02
5.196700000000000728e+02
5.989800000000000182e+02
4.463100000000000023e+02
4.729800000000000182e+02
4.729800000000000182e+02
5.959200000000000728e+02
4.076000000000000227e+02
8.290399999999999636e+02
6.740399999999999636e+02
8.569000000000000909e+02
7.611599999999998545e+02
5.552400000000000091e+02
7.039200000000000728e+02
4.179599999999999795e+02
4.281299999999999955e+02
3.735600000000000023e+02
5.238099999999999454e+02
4.368199999999999932e+02
4.368199999999999932e+02
