7.412914510944432323e+01
7.318150477417256639e+01
7.321444674260209240e+01
7.320720668557517286e+01
7.335569082574218669e+01
7.412989770912568588e+01
7.319889724562628430e+01
7.427050485753365194e+01
7.334611852906226659e+01
7.332335121002422795e+01
7.318707072205901909e+01
7.379668056396339182e+01
7.330628989403483331e+01
7.332021588530955114e+01
7.339141858854475231e+01
7.330226419544193561e+01
7.338675263991193276e+01
7.320886015876584452e+01
7.322228079007530255e+01
7.349214588123241754e+01
7.349214588123241754e+01
7.322881731564289964e+01
7.374665481939761946e+01
7.356035057224524110e+01
7.322040157033393371e+01
7.337877808774997845e+01
7.337877808774997845e+01
7.318287409326899251e+01
7.379631765710374225e+01
7.328855799243173408e+01
7.335569082574218669e+01
7.320221778776591748e+01
7.323253600576532563e+01
7.318280273913715916e+01
7.319660663046062155e+01
7.338682521831007932e+01
7.319996339543038744e+01
7.321791240709937654e+01
7.326101197235283280e+01
7.328941853694139752e+01
7.328713428198983593e+01
7.328713428198983593e+01
7.328713428198983593e+01
7.327744066517827548e+01
7.326613888277657338e+01
7.321229933256569211e+01
7.387488829571725546e+01
7.340961141728185169e+01
7.345673039613966182e+01
7.334550855838566008e+01
7.472026965048314651e+01
7.347595151103682554e+01
7.350946410604171888e+01
7.350946410604171888e+01
7.352720080215372889e+01
7.364822341484824619e+01
7.370573239688961564e+01
7.324452673251151680e+01
7.355329171622841500e+01
7.319496044641651622e+01
7.451083056729154919e+01
7.352830561972365331e+01
7.321235983622965193e+01
7.337766675370524183e+01
7.318598778434058261e+01
7.319556141743382227e+01
7.319609846225682759e+01
7.322236599630902276e+01
7.391164064752655349e+01
7.336242675011291681e+01
7.344472274578714632e+01
7.348289037712379468e+01
7.342461875096203983e+01
7.319354571628464612e+01
7.319648786490269288e+01
7.537531518914947526e+01
7.322972300209632124e+01
7.318804929083779598e+01
7.318804929083779598e+01
7.320849907687143343e+01
7.319304773356908811e+01
7.327095045019682118e+01
7.408458538254349435e+01
1.017617406993810505e+02
7.344475079337982493e+01
7.406040603677537604e+01
7.324331084001410375e+01
7.326147767867027483e+01
7.323064330350008788e+01
7.319080668250147426e+01
7.319080668250147426e+01
7.319080668250147426e+01
7.327201374813795098e+01
7.327201374813795098e+01
7.321733148488304721e+01
7.321733148488304721e+01
7.320599643140863577e+01
7.409791307128672599e+01
7.326141543451075222e+01
7.323452431220792391e+01
7.322532863776054057e+01
7.322532863776054057e+01
7.323680931257118232e+01
7.323680931257118232e+01
7.428660956951843275e+01
7.319978838809061017e+01
7.427899531947701917e+01
7.363340890805879724e+01
7.337427052787131743e+01
7.320164824808480830e+01
7.321920783510577735e+01
7.328510526959368576e+01
7.341452763372639367e+01
7.323383331680014408e+01
7.318408826573761417e+01
7.324900637724604735e+01
7.388052720902906856e+01
7.320657620624393758e+01
7.373216936576397984e+01
7.396351271782722847e+01
7.672482085850423061e+01
7.331464601273380310e+01
7.334601401187204317e+01
7.323711034300822575e+01
7.326055889637488860e+01
7.326055889637488860e+01
7.326783509467573197e+01
7.324737457197933566e+01
7.339192429742851687e+01
7.339192429742851687e+01
7.331128424252719356e+01
7.321644906408516817e+01
7.678102947959681046e+01
7.391565581045161082e+01
7.335562454771380203e+01
7.321622626097379793e+01
7.324397092365340711e+01
7.389008670162704107e+01
7.333064452309724857e+01
7.336900446641851659e+01
7.321256872738317156e+01
7.326464753177073419e+01
7.325599248121542928e+01
7.335338646412749597e+01
7.341478144449607157e+01
7.332130387671386984e+01
7.326488191565280772e+01
7.325827003776760193e+01
7.381834903326996766e+01
7.319614548779060215e+01
7.323924175259276126e+01
7.322578849688885327e+01
7.344397579662374653e+01
7.331464601273380310e+01
7.342395647341366782e+01
7.329446273852367710e+01
7.323290268750713494e+01
7.394827596624055843e+01
7.346040649783199683e+01
7.325429248273100313e+01
7.321256872738317156e+01
7.322606667870626040e+01
7.450031963416221004e+01
7.318534401571776016e+01
7.318534401571776016e+01
7.318534401571776016e+01
7.319232181584084174e+01
7.329805386063026162e+01
7.318528396680466130e+01
7.319804993857438546e+01
7.319418864424022786e+01
7.335562454771380203e+01
7.358883304654943913e+01
7.326793635296033358e+01
7.402134110417640045e+01
7.415043151495956408e+01
7.325599248121542928e+01
7.329077480157408786e+01
7.397017804927378393e+01
7.322260608709521534e+01
7.321647643251222348e+01
7.329611712715920646e+01
7.325095155481403708e+01
7.324388360158546618e+01
7.324388360158546618e+01
7.324388360158546618e+01
7.324574969424924120e+01
7.338649843817563578e+01
7.327852591409342153e+01
7.327670511746566717e+01
7.320813529521878138e+01
7.322260608709521534e+01
7.320978052161878225e+01
7.319913247237047926e+01
7.319913247237047926e+01
7.319913247237047926e+01
7.322483914907097358e+01
7.321891959534207217e+01
7.321891959534207217e+01
7.320456699971032322e+01
7.324306642868856443e+01
7.396707416441580563e+01
7.949279272089566462e+01
7.357061671604162711e+01
7.341627375673289180e+01
7.339083529099509917e+01
7.425333605150407834e+01
7.336774919179175924e+01
7.325837995228003763e+01
7.396125486674189631e+01
7.560602501930902974e+01
7.367772987508550386e+01
7.405180531556106871e+01
7.358580957666224265e+01
7.336900446641851659e+01
7.333516565991409664e+01
7.347017985307395804e+01
7.332062961738417073e+01
7.341464954870197346e+01
7.328511882143143907e+01
7.328511882143143907e+01
7.379984742035692591e+01
7.392851366179313288e+01
7.318223295895677438e+01
7.318223295895677438e+01
7.318223295895677438e+01
7.330029718227868329e+01
7.357475057872044033e+01
7.327209854821812485e+01
7.326643530491543288e+01
7.326643530491543288e+01
7.330538105195185494e+01
7.320920947453357996e+01
7.324960817053903384e+01
7.538203825665148372e+01
7.322052965265642399e+01
7.324063940860202138e+01
7.324063940860202138e+01
7.324063940860202138e+01
7.325069202095411924e+01
7.318325012094035742e+01
7.318325012094035742e+01
7.318325012094035742e+01
7.319773236478845035e+01
7.322387779530355090e+01
7.328792526650858008e+01
7.324313478627607310e+01
7.319076732459561185e+01
7.325525328413093007e+01
7.321638171325159306e+01
7.492615861642791231e+01
7.339763520318304302e+01
7.319008110677359014e+01
7.319540610882440035e+01
7.325672054244161302e+01
7.325672054244161302e+01
7.616273844228922485e+01
7.323765241710619023e+01
7.326791891757454778e+01
7.322973584262770430e+01
7.369371448990399642e+01
7.324815626573234795e+01
7.369953713543984009e+01
7.339309359676423128e+01
7.374841471802287174e+01
7.334115769576888511e+01
7.431698110318903616e+01
7.318191789049302542e+01
7.319380958128763837e+01
7.319380958128763837e+01
7.319380958128763837e+01
7.330423561160951351e+01
7.328140316884147865e+01
7.318919815855267075e+01
7.318919815855267075e+01
7.326471380934214039e+01
7.379734341361330507e+01
7.323040497482180911e+01
7.323040497482180911e+01
7.349858270032277119e+01
7.349858270032277119e+01
7.319327785201588199e+01
7.326783518106454096e+01
7.319561541575968988e+01
7.331681847415880782e+01
7.318919815855267075e+01
7.338904062021637742e+01
7.321289190331557961e+01
7.321289190331557961e+01
7.320271626927872433e+01
7.320271626927872433e+01
7.320271626927872433e+01
7.320610187878517650e+01
7.320610187878517650e+01
7.320610187878517650e+01
7.328293929781550275e+01
7.319334116493432418e+01
7.320600584268358091e+01
7.320600584268358091e+01
7.320600584268358091e+01
7.318232664852097002e+01
7.318232664852097002e+01
7.320075188762677953e+01
7.318609873933390020e+01
7.370491448121020994e+01
7.318468501319777886e+01
7.318468501319777886e+01
7.327442453980110315e+01
7.327442453980110315e+01
7.331797666526897217e+01
7.331194487996542364e+01
7.321379903790443677e+01
7.446700658780899573e+01
7.448783185662962580e+01
7.321871344738111986e+01
7.323049707430917010e+01
7.323049707430917010e+01
7.318077601322913495e+01
7.319127290010436582e+01
7.322946757717896560e+01
7.406393951217496863e+01
7.411210280292191044e+01
7.575408302390960102e+01
7.322742142450785252e+01
7.320722493658514907e+01
7.318917773408581695e+01
7.318873154486860244e+01
7.373379526534007766e+01
7.321444805096707853e+01
7.324079460246035467e+01
7.375137531747431296e+01
7.408067191666228268e+01
7.408984280465283234e+01
7.321629112898281733e+01
7.722641066459952697e+01
7.346037434166090918e+01
7.318439389358277936e+01
7.321482959060367079e+01
7.318567047510046564e+01
7.423832321447143556e+01
7.461200651198632272e+01
7.461200651198632272e+01
7.461200651198632272e+01
7.337766675370524183e+01
7.321121001098423164e+01
7.392402147827557712e+01
7.336590789610519892e+01
7.344964320490939258e+01
7.319310559624808832e+01
7.319631329296284150e+01
7.319631329296284150e+01
7.319631329296284150e+01
7.325520251032796182e+01
7.344016887097411939e+01
7.341118901066587910e+01
7.385068590788910114e+01
7.320504254316490744e+01
7.318095850287586757e+01
7.318095850287586757e+01
7.320056497620821290e+01
7.322121787547847305e+01
7.333723640112430076e+01
7.359139811688298494e+01
7.319585104241541273e+01
7.353968306452297554e+01
7.349467259951710219e+01
7.333811707528114709e+01
7.319423535704574135e+01
7.318160193377900669e+01
7.341742883256296182e+01
7.480517835351669476e+01
7.321791240709937654e+01
7.339788724932560626e+01
7.318181510854047644e+01
7.318181510854047644e+01
7.318181510854047644e+01
7.322361771423338439e+01
7.323044595193695727e+01
7.318223295895677438e+01
7.318223295895677438e+01
7.322758496763616165e+01
7.322758496763616165e+01
7.336504920367812588e+01
7.320154692885439829e+01
7.327356774536359296e+01
7.427101159842625577e+01
7.318192323889125817e+01
7.318192323889125817e+01
9.344602915456067649e+01
7.323940996475418785e+01
7.420254573588306357e+01
7.327209854821812485e+01
7.325561298188814874e+01
7.320450381538826434e+01
7.320450381538826434e+01
7.320450381538826434e+01
7.321962549566403311e+01
7.335065143411809174e+01
7.319720326947357592e+01
7.349326880512964522e+01
7.320112820297632084e+01
7.321378077408063234e+01
7.319878483240293576e+01
7.319878483240293576e+01
7.319878483240293576e+01
7.320608692337107470e+01
7.339423505119529523e+01
7.318150477417256639e+01
7.324248479690562874e+01
7.322325513982397638e+01
7.336088932993720846e+01
7.336088932993720846e+01
7.336088932993720846e+01
7.336088932993720846e+01
7.336088932993720846e+01
7.318169107056756673e+01
7.319996339543038744e+01
7.318325012094035742e+01
7.318325012094035742e+01
7.318325012094035742e+01
7.319773236478845035e+01
7.319679342225595065e+01
7.326695318518744671e+01
7.326695318518744671e+01
7.326695318518744671e+01
7.319565444614283933e+01
7.318116512731091916e+01
7.318291561502880427e+01
7.320558836002921055e+01
7.326818990329810788e+01
7.327670511746566717e+01
7.326943443547438051e+01
7.327172935377200247e+01
7.327172935377200247e+01
7.330397132417883199e+01
7.330729763481215855e+01
7.332491356295071228e+01
7.335019492701998445e+01
7.321638171325159306e+01
7.328161922158732011e+01
7.328161922158732011e+01
7.328161922158732011e+01
7.412109703307910991e+01
7.412109703307910991e+01
7.335112889361907662e+01
7.333787732200356402e+01
7.337264294682442767e+01
7.321021915510891631e+01
7.331225307102974398e+01
7.323049707430917010e+01
7.323154435533859896e+01
7.321708745832663112e+01
7.480550350126360115e+01
7.517086647228366303e+01
7.328382061489561750e+01
7.328382061489561750e+01
7.318011979117314070e+01
7.318011979117314070e+01
7.318011979117314070e+01
7.318011979117314070e+01
7.463435077120686856e+01
7.318968650729188141e+01
7.318968650729188141e+01
7.325941306482778259e+01
7.325941306482778259e+01
7.342088690170351128e+01
7.324571105448865183e+01
7.325848455699396311e+01
7.346817038040310877e+01
7.321408474570392855e+01
7.358652491534925844e+01
7.337122862024278902e+01
7.323249536329558396e+01
7.320351617178693004e+01
7.325941306482778259e+01
7.325941306482778259e+01
7.325941306482778259e+01
7.325220821819567618e+01
7.372590378222213303e+01
7.321426744801762254e+01
7.319720326947357592e+01
7.319720326947357592e+01
7.322839747314003489e+01
7.327365274529623207e+01
7.333855711628598328e+01
7.335025547262750933e+01
7.318749515629185964e+01
7.353307121301460825e+01
7.320989597551631789e+01
7.324607800494048604e+01
7.324419361029771380e+01
7.324960817053903384e+01
7.325779773632415015e+01
7.344606715801542407e+01
7.364238453589113931e+01
7.358438881648734764e+01
7.377976492394844854e+01
7.324001506464043132e+01
7.328382061489561750e+01
7.328382061489561750e+01
7.324001506464043132e+01
7.326092592803996695e+01
7.326092592803996695e+01
7.326092592803996695e+01
7.319845255763029002e+01
7.322379554226930054e+01
7.322379554226930054e+01
7.322379554226930054e+01
7.318757489702397834e+01
7.324001506464043132e+01
7.324001506464043132e+01
7.324001506464043132e+01
7.327506342185574795e+01
7.327506342185574795e+01
7.321147649886286501e+01
7.318968650729188141e+01
7.318968650729188141e+01
7.318968650729188141e+01
7.318968650729188141e+01
7.318968650729188141e+01
7.318968650729188141e+01
7.318968650729188141e+01
7.340099813773521475e+01
7.325046089548781936e+01
7.322432542580069992e+01
7.322432542580069992e+01
7.319259160021950095e+01
7.319259160021950095e+01
7.344551196364723467e+01
7.325687131585168288e+01
7.340004591778635756e+01
7.340004591778635756e+01
7.323908124895697824e+01
7.321761191212220865e+01
7.321761191212220865e+01
7.562477727848002473e+01
7.356861175727436830e+01
7.356861175727436830e+01
7.356861175727436830e+01
7.322585592435926571e+01
7.322585592435926571e+01
7.322585592435926571e+01
7.397868882648964473e+01
7.321581900065683612e+01
7.375712845763095515e+01
7.377202570090651079e+01
7.438004833447101305e+01
7.341530256250456432e+01
7.373875963847542891e+01
7.373875963847542891e+01
7.320249368797553302e+01
7.318358884582802659e+01
7.319772100901958822e+01
7.333464983970227991e+01
7.355362252450497351e+01
7.336126823291989751e+01
7.321973372429381755e+01
7.318499316790149578e+01
7.366555445216732778e+01
7.320730604482683646e+01
7.340993703080044952e+01
7.322652951441781966e+01
7.318817579206178436e+01
7.318841469109767672e+01
7.358424534561635255e+01
7.400433872108723676e+01
7.339234473677821313e+01
7.323607116726212496e+01
7.323583631947100514e+01
7.356035057224524110e+01
7.408982842430242499e+01
7.348439466175307189e+01
7.373330537824564601e+01
7.318923810363466487e+01
7.321996781168637369e+01
7.321996781168637369e+01
7.321996781168637369e+01
7.355038673837763952e+01
7.355038673837763952e+01
7.323389329004750437e+01
7.318542182248937422e+01
7.324201051370640414e+01
7.515005741080400981e+01
7.498966364526465611e+01
7.319262365598815734e+01
7.318824512528745174e+01
7.318208971000147756e+01
7.322868300808957542e+01
7.352182741908362118e+01
7.379426479402732753e+01
7.347373987029514808e+01
7.344081127386994012e+01
7.341742883256296182e+01
7.341217124064621657e+01
7.501780017378605692e+01
7.385713208132801810e+01
7.473011808318661053e+01
7.391566593288993658e+01
7.320553461708432508e+01
7.326818990329810788e+01
7.321146215381467925e+01
7.391559982358913317e+01
7.327245051688983324e+01
7.328453738440231291e+01
7.330429781892858898e+01
7.328699872592720510e+01
7.320048415074261072e+01
7.326698063877046252e+01
7.323309567667382680e+01
7.340709448060354703e+01
7.575352145325275899e+01
9.516630605979028701e+01
7.335569082574218669e+01
7.351148993594937053e+01
7.351148993594937053e+01
7.350228377065029406e+01
7.339055228679583820e+01
7.672018804249653101e+01
7.354493392489951020e+01
7.354493392489951020e+01
7.352520842001635515e+01
7.352520842001635515e+01
7.350320110941031260e+01
7.337055647626752375e+01
7.341139573739057766e+01
7.372950225095985388e+01
7.324873444978874204e+01
7.346136848497302196e+01
7.333696962534654062e+01
7.323072442734549270e+01
7.323057146487597890e+01
7.331826453587157744e+01
7.320217822178015865e+01
7.338055369707267062e+01
7.318071515850073183e+01
7.318557765514657376e+01
7.393966893234102145e+01
7.322737366617552368e+01
7.319562704966878641e+01
7.325527279903079148e+01
7.325527279903079148e+01
7.318169107056756673e+01
7.318169107056756673e+01
7.345501951349093872e+01
7.321481157658476491e+01
7.321481157658476491e+01
7.321481157658476491e+01
7.341369075359612850e+01
7.341369075359612850e+01
7.318718470187262426e+01
7.368867911650224301e+01
7.329378471707711640e+01
7.331792080767202435e+01
7.323625778103870232e+01
7.324655427930206031e+01
7.326550047929222842e+01
7.319829072228620248e+01
7.319829072228620248e+01
7.319027289850639306e+01
7.322003799134941460e+01
7.324304689039703931e+01
7.360274696716827236e+01
7.336223174424745253e+01
7.340338624974023674e+01
7.340537617273857052e+01
7.399221999049350984e+01
7.356692640938587147e+01
7.360156690761786535e+01
7.321439762369605830e+01
7.384563419716302235e+01
7.320534615266008416e+01
7.318096500634179336e+01
7.319996339543038744e+01
7.322052965265642399e+01
7.424777583068745912e+01
7.343520346205161786e+01
7.353289525877266897e+01
7.323075304244169104e+01
7.319439404898260193e+01
7.321235983622965193e+01
7.319377476310428676e+01
7.319377476310428676e+01
7.418883857286265027e+01
7.331876120751536519e+01
7.346037434166090918e+01
7.331876120751536519e+01
7.330031066192168510e+01
7.330031066192168510e+01
7.328317390538232701e+01
7.353678205531097944e+01
7.353678205531097944e+01
7.353678205531097944e+01
7.375594299201127058e+01
7.321381250388158435e+01
7.324182144763456392e+01
7.324182144763456392e+01
7.324182144763456392e+01
7.332967773102902242e+01
7.326414208464282751e+01
7.326414208464282751e+01
7.324265620421248002e+01
7.324265620421248002e+01
7.318697737985083052e+01
7.318697737985083052e+01
7.318697737985083052e+01
7.348181502815906185e+01
7.353081973333826227e+01
7.331876120751536519e+01
7.348276335151854255e+01
7.341386196416345911e+01
7.320449850577868744e+01
7.327512669429444259e+01
7.319394402884466899e+01
7.364640086485431425e+01
7.323625778103870232e+01
7.335182357737927816e+01
7.318160193377900669e+01
7.336194959555352568e+01
7.336194959555352568e+01
7.323625778103870232e+01
7.346579507777580886e+01
7.340229187510772135e+01
7.422567447426189347e+01
7.319458357973947216e+01
7.562477727848002473e+01
7.469859174042591121e+01
7.407136797534265327e+01
8.601505519602805805e+01
7.366924504137887197e+01
7.370187120049760665e+01
7.417261969123929077e+01
7.407001609540192533e+01
7.360330915519705286e+01
7.355623365772353850e+01
7.327660337777338384e+01
7.321094860721782993e+01
7.318090197447206435e+01
7.323309434871052304e+01
7.321110883656815815e+01
7.319890557138418785e+01
7.326929577064842647e+01
7.318090197447206435e+01
7.318040210955403779e+01
7.319501520806876727e+01
7.328600359021869792e+01
7.342982966890242835e+01
7.342982966890242835e+01
7.401414237342403624e+01
7.409843433437060867e+01
7.417261969123929077e+01
7.430183364284030745e+01
7.321299289457954274e+01
7.325395566927201685e+01
7.320962850424429291e+01
7.401545868166368791e+01
7.319723925231023998e+01
7.346513537323818355e+01
8.015383113691835604e+01
7.380748902060975070e+01
7.325211125111616184e+01
7.325211125111616184e+01
7.326290177384863966e+01
7.327733873454188540e+01
7.320559760328417553e+01
7.324095815787229924e+01
7.322614200290828990e+01
7.322614200290828990e+01
7.327811042165248523e+01
7.346076977669696362e+01
7.346076977669696362e+01
7.360513469346993531e+01
7.360513469346993531e+01
7.850430260251208381e+01
8.573315847921830368e+01
7.402134110417640045e+01
7.342911635867241671e+01
7.333601431971939633e+01
7.350675270812949691e+01
7.350675270812949691e+01
7.350675270812949691e+01
7.381145678237766106e+01
7.344349138013423328e+01
7.338869464348472604e+01
7.334182994909900799e+01
7.342052054453832000e+01
9.904691595373860480e+01
7.352627779639078653e+01
7.373649160194977981e+01
7.391164064752655349e+01
7.384915679939258837e+01
7.562151660811417742e+01
7.362965456685410004e+01
7.337789044284649265e+01
7.575408302390960102e+01
7.404927599111438496e+01
7.474497886980022088e+01
7.676821677590335469e+01
7.318464237854936982e+01
7.318464237854936982e+01
7.329267731842888622e+01
7.324251109754774802e+01
7.318579651395569385e+01
7.318579651395569385e+01
7.334961138434105976e+01
7.324850006393519664e+01
7.841285342604876973e+01
7.397437361179342474e+01
8.104039680976890736e+01
8.620687914189808509e+01
7.470683095098401338e+01
7.446485230648382014e+01
7.374078031074799355e+01
1.013380114001769527e+02
1.012187616461882129e+02
7.333055392086858149e+01
7.320484870893113793e+01
7.320484870893128004e+01
