4.161554893082574154e+02
5.074482049462748705e+02
4.907360884556918563e+02
4.568219442422451948e+02
5.706616563966049398e+02
3.681363799934327972e+02
4.807030091394211695e+02
3.340642276616861182e+02
3.918234693515242952e+02
5.218336568951358458e+02
5.011391565661225513e+02
5.339853400843201143e+02
5.619537225686701731e+02
4.610872874003033530e+02
5.009342953769343012e+02
5.618547652531576659e+02
5.084614871702419805e+02
5.224878638627768623e+02
5.254908791107125126e+02
4.377236060960366331e+02
4.377236060960366331e+02
4.445190589677666821e+02
5.827977270934134140e+02
3.793371705625396544e+02
5.073235696793433931e+02
5.064015750688884054e+02
5.064015750688884054e+02
4.844016438326821117e+02
5.841434539092247178e+02
4.888108385892399497e+02
5.706616563966049398e+02
5.216456896211162757e+02
5.412268375507655946e+02
4.982229091964829877e+02
4.657041800282207760e+02
5.747353482483709968e+02
4.831242960322971385e+02
4.986110932499851174e+02
5.500833528246971582e+02
5.473543628138831991e+02
5.525426776175897885e+02
5.525426776175897885e+02
5.525426776175897885e+02
4.872308464446109042e+02
4.753283127205853589e+02
5.211731284829194237e+02
6.049204489436443737e+02
4.933567461254236832e+02
5.452913343468392213e+02
5.343528642148773997e+02
4.660686887840396366e+02
5.126996022394559986e+02
5.516906677475850529e+02
5.516906677475850529e+02
4.569408257531159165e+02
5.417114904223946041e+02
4.531119035207256616e+02
4.264483461189629452e+02
5.050610486590126698e+02
5.225284315722329893e+02
4.895708558672946538e+02
4.024572549962553580e+02
4.496415621780031984e+02
3.700326174214638399e+02
4.824624751451856923e+02
5.197966265084086217e+02
5.174942548778368518e+02
4.963300030320668270e+02
3.623913698296692019e+02
3.922983678999827362e+02
3.890592850876284956e+02
3.859409003023393439e+02
5.383158021131119995e+02
4.869193901368544743e+02
4.844611192866476586e+02
5.042838471751647944e+02
4.194094531700061452e+02
4.810877727885479658e+02
4.810877727885479658e+02
5.336584795651815512e+02
5.194503427420332855e+02
5.263223382872935190e+02
5.850872912383443918e+02
6.843676131923061803e+02
4.611878075748551282e+02
5.972365869184594658e+02
4.810571913385940661e+02
4.896828349530617857e+02
4.788859779364778433e+02
5.013866464211309335e+02
5.013866464211309335e+02
5.013866464211309335e+02
5.527255988949829089e+02
5.527255988949829089e+02
5.360044260994618526e+02
5.360044260994618526e+02
4.632663604139021913e+02
5.404021910601829859e+02
5.335851639489767422e+02
4.174917945742688516e+02
4.414007724046893486e+02
4.414007724046893486e+02
5.283676129895975464e+02
5.283676129895975464e+02
5.802895594447329586e+02
5.267439622213732946e+02
3.609515586186792007e+02
3.655882932697911656e+02
3.810023496740583937e+02
5.268096712263427435e+02
5.310403327094074939e+02
5.432569797415059156e+02
4.239310495223419366e+02
4.531452734625615335e+02
4.850381706210529842e+02
4.110203428482950017e+02
3.497625782540142154e+02
5.177328000882403103e+02
4.158575938165162711e+02
5.943436293034961864e+02
4.851112243788975888e+02
4.396096198829380342e+02
5.064108274913424452e+02
4.322724698471780016e+02
5.084212873887706792e+02
5.084212873887706792e+02
5.452907093994334673e+02
5.177163353652747446e+02
5.621243100569134867e+02
5.621243100569134867e+02
4.849400761912642110e+02
4.988585254291748470e+02
6.363280088295005044e+02
4.209440921225396437e+02
4.144398999478371479e+02
4.500213075883833085e+02
5.287368982017675307e+02
3.757643928726088234e+02
4.665228631430861697e+02
4.516906250139452368e+02
4.381182630064170667e+02
4.319729216663660054e+02
4.014031479728756722e+02
4.862479999155058294e+02
4.670948659172486828e+02
4.833749911665393029e+02
4.511304813752447558e+02
4.512197814496944375e+02
5.348145778527347147e+02
5.163439928055759083e+02
5.261624197925306134e+02
4.272834018326827277e+02
3.645094533041664135e+02
4.396096198829380342e+02
5.399572430149642059e+02
5.509208557119936813e+02
4.842540171323948925e+02
3.839205088752001984e+02
3.675825996535481295e+02
4.145497272312395580e+02
4.381182630064170667e+02
4.291560162954715452e+02
3.273845089812217566e+02
4.922086753430673411e+02
4.922086753430673411e+02
4.922086753430673411e+02
4.699561905185022965e+02
4.314178029607830922e+02
4.966810896297045588e+02
5.138548327315087363e+02
5.239402070060859842e+02
4.144398999478371479e+02
3.846346506851796221e+02
4.909997002212239749e+02
4.680766024269355512e+02
6.123265840006009739e+02
4.014031479728756722e+02
4.616109708806230287e+02
3.335890677660473784e+02
4.523718983344322169e+02
4.327776668667681861e+02
5.191616511983152122e+02
5.484544813378565777e+02
5.433544215623688842e+02
5.433544215623688842e+02
5.433544215623688842e+02
4.334084484347874877e+02
3.921479555758158995e+02
4.103173529235568822e+02
3.931842620790197884e+02
4.797116007080236955e+02
4.523718983344322169e+02
4.594649252162332118e+02
4.536244282068990969e+02
4.536244282068990969e+02
4.536244282068990969e+02
4.238699447124885751e+02
5.377401963529098339e+02
5.377401963529098339e+02
4.523135157319970290e+02
4.312469809676745172e+02
5.720351531557129192e+02
6.052404661824936056e+02
5.131968345603165744e+02
5.405493045211715071e+02
5.394268168213019408e+02
5.693432695090834841e+02
4.735405020814063732e+02
5.480181733624621074e+02
5.909281062319291777e+02
6.248744395903431723e+02
5.928602894300248636e+02
6.131744981807388513e+02
5.835223208848026388e+02
4.516906250139452368e+02
3.986982370853537532e+02
5.741800918618237120e+02
5.466266953750124458e+02
5.229808351957838113e+02
5.574779759785880060e+02
5.574779759785880060e+02
3.935986353542884899e+02
4.129072409535284578e+02
5.042185496762065782e+02
5.042185496762065782e+02
5.042185496762065782e+02
5.507309360892608083e+02
5.150111244814631846e+02
3.962555303841700152e+02
5.539271204321210007e+02
5.539271204321210007e+02
5.534427501900693187e+02
4.473193447978288191e+02
4.048648678294827619e+02
3.172740699793370140e+02
4.322146325310853854e+02
5.421005810988453959e+02
5.421005810988453959e+02
5.421005810988453959e+02
4.415711288890873902e+02
4.883523456302946215e+02
4.883523456302946215e+02
4.883523456302946215e+02
4.656522665131610097e+02
5.352045150596383110e+02
4.683702065805128427e+02
4.089299143697560339e+02
4.785352714635643565e+02
5.428862786454483285e+02
4.587335085720868051e+02
3.122909390927030699e+02
4.108824720231037304e+02
5.166759624174937926e+02
4.696887435437645308e+02
5.264627431085840499e+02
5.264627431085840499e+02
3.049397901162339508e+02
4.231018396322285753e+02
4.324049762700041128e+02
4.603169586914686420e+02
3.712981821711755970e+02
4.057603796011434270e+02
3.413112116082972420e+02
3.738050312738862999e+02
4.046842759114430237e+02
3.951678688857099360e+02
3.217312640851341143e+02
5.084052700470683135e+02
4.872547685928213923e+02
4.872547685928213923e+02
4.872547685928213923e+02
4.499605013920993315e+02
4.108905966776785590e+02
4.729657601054345832e+02
4.729657601054345832e+02
5.463465403496625186e+02
3.388283712921038955e+02
5.407479668559794845e+02
5.407479668559794845e+02
5.857497620469042658e+02
5.857497620469042658e+02
5.136027211809752089e+02
5.084821989205158275e+02
5.188879684544615429e+02
5.377473971730175890e+02
4.729657601054345832e+02
3.742398864454624459e+02
5.014616776059771155e+02
5.014616776059771155e+02
4.491541473553120341e+02
4.491541473553120341e+02
4.491541473553120341e+02
5.111663992780621584e+02
5.111663992780621584e+02
5.111663992780621584e+02
4.462933537417979437e+02
4.909159433292972494e+02
4.492993138452965241e+02
4.492993138452965241e+02
4.492993138452965241e+02
5.090986734900364468e+02
5.090986734900364468e+02
4.684307683972168093e+02
4.929424609097324606e+02
5.856970030220116996e+02
5.114492819756861195e+02
5.114492819756861195e+02
4.047451326518685732e+02
4.047451326518685732e+02
5.308394567866799889e+02
4.703294090915269408e+02
4.455444066555357381e+02
6.051370308658160866e+02
6.231577164772564856e+02
5.178838353790845304e+02
4.413386326024430559e+02
4.413386326024430559e+02
5.015551608186397061e+02
4.681967713633951576e+02
4.417445062593164380e+02
6.078298402697457732e+02
5.882349961923553110e+02
5.694943056193436632e+02
4.244763246291914811e+02
4.483787257228734120e+02
4.693363852064854314e+02
4.846351334510796960e+02
5.210864484933341600e+02
4.475604662108032699e+02
4.203023363079385604e+02
4.615056105915565468e+02
4.613382071598332459e+02
4.616787469628858958e+02
5.354673978314032183e+02
6.507007728586112307e+02
3.942623264095848299e+02
5.097819577490055281e+02
5.013010118389022978e+02
4.777450930389641712e+02
4.347852137012214371e+02
5.653723940787139099e+02
5.653723940787139099e+02
5.653723940787139099e+02
3.700326174214638399e+02
4.525650771203293630e+02
3.619767850122683512e+02
3.918696395944177766e+02
3.886341867422627274e+02
4.865779399143374917e+02
4.823202848945340975e+02
4.823202848945340975e+02
4.823202848945340975e+02
5.423641107645087232e+02
3.670682303878998027e+02
4.107275910902611713e+02
3.431827012406876065e+02
4.629096272081205257e+02
5.044430257169078118e+02
5.044430257169078118e+02
4.827558676451133692e+02
4.318013011466733246e+02
3.975557014820728341e+02
3.477389789066726848e+02
5.229517566342966575e+02
3.642622156810250544e+02
4.208349460538149742e+02
3.982708760223474656e+02
4.683305359527385576e+02
5.016680279520178374e+02
3.729223461322251296e+02
4.672160929809410277e+02
4.986110932499851174e+02
3.989977284204312014e+02
4.878857571243284497e+02
4.878857571243284497e+02
4.878857571243284497e+02
5.390941821416610082e+02
5.380535176005428184e+02
5.042185496762065782e+02
5.042185496762065782e+02
5.242601475654150818e+02
5.242601475654150818e+02
3.705170303618677963e+02
4.853118762651442921e+02
3.958216024700427056e+02
3.218833513746525341e+02
5.079046913696484467e+02
5.079046913696484467e+02
5.965394004243870540e+02
5.393773362110252947e+02
6.050640127004784290e+02
3.962555303841700152e+02
4.242984374277563120e+02
4.487374981733300956e+02
4.487374981733300956e+02
4.487374981733300956e+02
5.342284628892800811e+02
3.791233108085961589e+02
5.257125881821751818e+02
3.949805473002742815e+02
5.281165543036925101e+02
4.976457559514053060e+02
4.699036570024489947e+02
4.699036570024489947e+02
4.699036570024489947e+02
4.459500475985774983e+02
4.328051578468830485e+02
5.074482049462748705e+02
5.243926076615400689e+02
5.211877919565886259e+02
5.244807386062952901e+02
5.244807386062952901e+02
5.244807386062952901e+02
5.244807386062952901e+02
5.244807386062952901e+02
5.006948875326038433e+02
4.831242960322971385e+02
4.883523456302946215e+02
4.883523456302946215e+02
4.883523456302946215e+02
4.656522665131610097e+02
5.159069083196518477e+02
5.093450930357624884e+02
5.093450930357624884e+02
5.093450930357624884e+02
5.189418825660329730e+02
5.055241395149934647e+02
4.840482379425499744e+02
4.487772374357725198e+02
3.959422642224806168e+02
3.931842620790197884e+02
3.955075753644807719e+02
4.239476556124893705e+02
4.239476556124893705e+02
4.277644751785581434e+02
3.825976907925463024e+02
3.834525977839465440e+02
5.696825676679718526e+02
4.587335085720868051e+02
4.544775817715002972e+02
4.544775817715002972e+02
4.544775817715002972e+02
5.798930085161457555e+02
5.798930085161457555e+02
5.365654966276856612e+02
3.979909320002836353e+02
4.173704149349500767e+02
4.464899468484269391e+02
4.400149093033186887e+02
4.413386326024430559e+02
4.409324591613768689e+02
5.175333157799668697e+02
3.442439085172177329e+02
3.173559133531656471e+02
4.246721980756206563e+02
4.246721980756206563e+02
4.988219154001869811e+02
4.988219154001869811e+02
4.988219154001869811e+02
4.988219154001869811e+02
3.150481908988272153e+02
5.204233453180518154e+02
5.204233453180518154e+02
4.039938181582685957e+02
4.039938181582685957e+02
5.592030616543975157e+02
5.268689707316676731e+02
5.125147534159445968e+02
5.809823414622434257e+02
5.323484243669588523e+02
5.606323604233067499e+02
5.727589351163591118e+02
4.193917200782627219e+02
4.486757582908741711e+02
4.039938181582685957e+02
4.039938181582685957e+02
4.039938181582685957e+02
4.051978256842529618e+02
5.208873060029641238e+02
4.471645606795014487e+02
5.257125881821751818e+02
5.257125881821751818e+02
4.934383057583881396e+02
5.474097198176598340e+02
5.646226059812439644e+02
4.994025436268321982e+02
4.757542936322461742e+02
5.881167607346253590e+02
4.402339248500078384e+02
4.159114332434963330e+02
4.260319919668457942e+02
4.048648678294827619e+02
4.409385167227536613e+02
3.984947565501765894e+02
3.443303287980030518e+02
3.481731571706255863e+02
3.373110571925428758e+02
4.552789090707657920e+02
4.246721980756206563e+02
4.246721980756206563e+02
4.552789090707657920e+02
4.938950752004996616e+02
4.938950752004996616e+02
4.938950752004996616e+02
4.728273724980039106e+02
4.270647337344415746e+02
4.270647337344415746e+02
4.270647337344415746e+02
4.958233220577419615e+02
4.552789090707657920e+02
4.552789090707657920e+02
4.552789090707657920e+02
3.944895235179520796e+02
3.944895235179520796e+02
4.536987340858157722e+02
5.204233453180518154e+02
5.204233453180518154e+02
5.204233453180518154e+02
5.204233453180518154e+02
5.204233453180518154e+02
5.204233453180518154e+02
5.204233453180518154e+02
5.619176360712168616e+02
5.387603115905855020e+02
4.263573143124220337e+02
4.263573143124220337e+02
5.205878479176973315e+02
5.205878479176973315e+02
4.222113898610718365e+02
4.006195441913237119e+02
5.571476586892690648e+02
5.571476586892690648e+02
5.456429611758387637e+02
5.321898923542197508e+02
5.321898923542197508e+02
6.132961024333148998e+02
5.488624276557902704e+02
5.488624276557902704e+02
5.488624276557902704e+02
5.406192961481872317e+02
5.406192961481872317e+02
5.406192961481872317e+02
5.707483775154677232e+02
5.091166610330468529e+02
5.721918492445931861e+02
5.627781221471215076e+02
5.680980566735004231e+02
5.778806202596233561e+02
5.955099317388401232e+02
5.955099317388401232e+02
4.515753322394749034e+02
5.041438413091586312e+02
4.623511566690032168e+02
4.043845356436630709e+02
4.871432287376982231e+02
4.006257668692160223e+02
5.379919898905925493e+02
4.889823351054881186e+02
3.778599375096646895e+02
5.241074809309880038e+02
5.720227772380341094e+02
5.196870537641262899e+02
4.714187794679380659e+02
4.710459891746120888e+02
5.500320914296007686e+02
6.087849880414895551e+02
5.659507295523583252e+02
4.291774608244580804e+02
4.287632498673933696e+02
3.793371705625396544e+02
3.289595033168312170e+02
4.216506178279078085e+02
3.510797256730176059e+02
5.082408380176746050e+02
5.270934828053251522e+02
5.270934828053251522e+02
5.270934828053251522e+02
5.132716036109202378e+02
5.132716036109202378e+02
5.401546252138857653e+02
5.027050500882073720e+02
4.776157082269535863e+02
6.378027775051830304e+02
6.214629842440167522e+02
5.031961676924659628e+02
5.168716335870564080e+02
4.864162200053224865e+02
4.607088586268280324e+02
5.775826842667059964e+02
4.392468358712844747e+02
4.636517710679491415e+02
4.038740387906378828e+02
3.729223461322251296e+02
5.373442098715238444e+02
5.527535108053839394e+02
5.712215776270223841e+02
4.418827981473158957e+02
4.861685351474899335e+02
4.491728702907353750e+02
3.959422642224806168e+02
4.655172567087822131e+02
5.056562741514769073e+02
4.243648090566411497e+02
4.842902910464462138e+02
4.278769382563590398e+02
4.208029034864015898e+02
5.055094938570253476e+02
3.963768436342024870e+02
5.319040264701419574e+02
4.111436877042208380e+02
4.074749033732392718e+02
5.531186593789277595e+02
5.706616563966049398e+02
5.797007885447776516e+02
5.797007885447776516e+02
5.848479901748853536e+02
5.751569558697091225e+02
6.404988493786191839e+02
5.836247387453925057e+02
5.836247387453925057e+02
5.825730040817547888e+02
5.825730040817547888e+02
5.858928312277896566e+02
5.726111212453420194e+02
5.763343495539568266e+02
6.006766176138528408e+02
5.318230256338853223e+02
5.432890342021242986e+02
5.638477826781725071e+02
4.876759985885988726e+02
5.356751156220767598e+02
5.189194526334281363e+02
4.602522048647113024e+02
5.737939218042729408e+02
5.043339353565935994e+02
4.877720987498659611e+02
6.100401056303703626e+02
5.278204893443906940e+02
5.223449743706715935e+02
5.237506391109151309e+02
5.237506391109151309e+02
5.006948875326038433e+02
5.006948875326038433e+02
5.779083305457728557e+02
5.363858194372045318e+02
5.363858194372045318e+02
5.363858194372045318e+02
5.771956945159856787e+02
5.771956945159856787e+02
5.163953115601306081e+02
5.978413884090134616e+02
5.344809200164960430e+02
5.373559754627730172e+02
5.222394329239837134e+02
4.214513971864222412e+02
3.962501552170555783e+02
5.123358918638754176e+02
5.123358918638754176e+02
4.811222846311821399e+02
4.614608663612893906e+02
5.473054619412320108e+02
4.412524135421965070e+02
4.013850333550388996e+02
4.192900822681373825e+02
4.197080603508875924e+02
3.720739442036041851e+02
4.838944572333941778e+02
4.411468685321602834e+02
4.611234686818860951e+02
3.436205504863705187e+02
4.632856551337631572e+02
5.047693275766982310e+02
4.831242960322971385e+02
4.322146325310853854e+02
3.260705562353920186e+02
3.675026768511627324e+02
3.646921143066438731e+02
4.571010742380068450e+02
5.240573014507657490e+02
4.496415621780031984e+02
4.687098608914792521e+02
4.687098608914792521e+02
3.326690401036132698e+02
4.276379104188802103e+02
3.942623264095848299e+02
4.276379104188802103e+02
4.710054308817552169e+02
4.710054308817552169e+02
3.976244065843425801e+02
5.089927855040421605e+02
5.089927855040421605e+02
5.089927855040421605e+02
5.228682966171809312e+02
5.072523433603195713e+02
4.902956719260185992e+02
4.902956719260185992e+02
4.902956719260185992e+02
5.039439978528841948e+02
5.336836998455343064e+02
5.336836998455343064e+02
4.595680075941805853e+02
4.595680075941805853e+02
4.938816928198313576e+02
4.938816928198313576e+02
4.938816928198313576e+02
5.729857142947630564e+02
4.937145048561278600e+02
4.276379104188802103e+02
3.631086469130036676e+02
3.658985253332883190e+02
5.311895255242328631e+02
4.353593839805221251e+02
4.687833698472944661e+02
4.285002195982993953e+02
5.222394329239837134e+02
5.472031585767767865e+02
5.016680279520178374e+02
5.486212929147732211e+02
5.486212929147732211e+02
5.222394329239837134e+02
5.533922543225103254e+02
4.929036249437158972e+02
4.877587140255561735e+02
4.933842516714697126e+02
6.132961024333148998e+02
6.216760658638761470e+02
5.230522853800378016e+02
4.864133195257755915e+02
5.545167208542687831e+02
5.880781855340871971e+02
4.437679377172486284e+02
4.293768467921968295e+02
4.723941801068349378e+02
5.145669910901284538e+02
5.553929607576283161e+02
4.385479687761889522e+02
4.987202834707727561e+02
5.315275216195798293e+02
5.332995245054066800e+02
4.697025712882776816e+02
3.950304071515491842e+02
4.987202834707727561e+02
5.026148202130052596e+02
5.169799819701288470e+02
4.753752390393449900e+02
4.765223285336538765e+02
4.765223285336538765e+02
4.136364671330012470e+02
3.755232931671337724e+02
4.437679377172486284e+02
3.528352695620436634e+02
5.222412549206468384e+02
4.706232266142417870e+02
5.223581383729969048e+02
3.958182510988027616e+02
5.199410287892841325e+02
4.045021597741110781e+02
5.270020497237292147e+02
4.794725951966515822e+02
4.275428669214867341e+02
4.275428669214867341e+02
3.975020085110704713e+02
3.947799636399436167e+02
5.018765113982301500e+02
4.226090251290443689e+02
4.884270273379369200e+02
4.884270273379369200e+02
5.465909548980856698e+02
4.553403180713334564e+02
4.553403180713334564e+02
4.242468244588232551e+02
4.242468244588232551e+02
6.651256455765433202e+02
5.715346300464353817e+02
4.680766024269355512e+02
4.735598727241437587e+02
4.581762138528807782e+02
5.338850521008974965e+02
5.338850521008974965e+02
5.338850521008974965e+02
5.911611694955823850e+02
4.750613255029299467e+02
5.241838254954183185e+02
5.477585978852443986e+02
5.614073949546228732e+02
6.702526090843878137e+02
5.384102347856029382e+02
5.598372728976021335e+02
3.623913698296692019e+02
3.796239025890843095e+02
3.284813391809982477e+02
4.537921934100997419e+02
4.970093152112978032e+02
5.694943056193436632e+02
4.668276218925714716e+02
5.133739197765585232e+02
2.875927491449616582e+02
5.119320797575115876e+02
5.119320797575115876e+02
5.585314641615392475e+02
4.531128231917579683e+02
4.771489534589078971e+02
4.771489534589078971e+02
5.593267731475982600e+02
4.186208179130120470e+02
5.573129911542991977e+02
5.725625685097834321e+02
5.640620110977838522e+02
6.585122569421048411e+02
5.147333129375338103e+02
6.267455777657348790e+02
4.233719188096440007e+02
4.514666856262867896e+02
4.069371806875542461e+02
5.080429139759405643e+02
4.461094006623220594e+02
4.461094006623343944e+02
