3.121417934639181269e+01
4.363980970085058431e+01
3.343010375054205241e+01
3.296639606820190238e+01
3.338061220381539584e+01
2.945290352810111401e+01
3.347024880865517105e+01
3.029590463261888189e+01
2.571335435415126369e+01
3.436213359219705410e+01
3.857242742898785792e+01
3.857242742898785082e+01
3.857242742898785792e+01
3.425875445276020770e+01
4.187762475215792790e+01
3.096806608816352124e+01
3.830355496032810692e+01
3.296639606820190238e+01
3.162586025674923107e+01
2.977351897581953466e+01
3.297696043006057920e+01
4.735086083251565015e+01
3.305225560997269696e+01
2.652298679193410891e+01
4.508957353896106213e+01
4.508957353896106213e+01
4.508957353896106213e+01
3.594300260616370224e+01
4.410028530430965077e+01
3.376318340199898671e+01
3.306669970499727640e+01
3.635999751245297773e+01
3.635999751245297773e+01
3.635999751245297773e+01
3.691596466335637672e+01
3.522203960831148351e+01
3.595453350279320404e+01
3.330276353304657988e+01
3.886863621730285701e+01
3.825145814010997469e+01
3.666322866078302667e+01
3.674216696466793053e+01
3.662013353977899044e+01
4.227575727987557741e+01
3.178385862476746127e+01
3.194057925389574137e+01
3.272626989703709910e+01
3.926607561005136660e+01
3.230138531983417494e+01
3.164317982335732893e+01
4.735086083251565015e+01
4.602521475500785897e+01
4.171343265666188671e+01
4.597710270659630538e+01
3.064191394991099315e+01
2.407134391432586540e+01
4.078397987038523098e+01
4.078397987038523098e+01
4.654248726140904324e+01
