5.587506092477333652e+00
5.687004987165899195e+00
5.190429736410822947e+00
5.191989104248551534e+00
5.611851013876646199e+00
6.069429322526925574e+00
5.220048659047187734e+00
5.489161528092891373e+00
6.122185677858160702e+00
5.284874007608136637e+00
5.361186164727223868e+00
5.361186164727224757e+00
5.361186164727223868e+00
5.859187451209186825e+00
5.733578110188163102e+00
5.779030053017655710e+00
5.374844126143232259e+00
5.191989104248551534e+00
5.294309380386595265e+00
5.629858132576018193e+00
5.657333872254992180e+00
5.686919340279861679e+00
5.191388326981795309e+00
6.333291324550072154e+00
5.444652297634885230e+00
5.444652297634885230e+00
5.444652297634885230e+00
5.162481035103620997e+00
5.592609190527778829e+00
6.132333744530167330e+00
5.161983634836704304e+00
5.194859344951175295e+00
5.194859344951175295e+00
5.194859344951175295e+00
5.402780594003036008e+00
5.222110842237135842e+00
5.413254803391351011e+00
5.381932429591380185e+00
5.355667662629191916e+00
5.259728071507863589e+00
5.162593612252780240e+00
5.206747658150371549e+00
5.146782653972818089e+00
5.942386955592107611e+00
5.359420795890707190e+00
5.271263548189636161e+00
5.383390955298238190e+00
5.537943187681169555e+00
5.346558350040677254e+00
5.381066187454869088e+00
5.686919340279861679e+00
6.145843170281452217e+00
6.611674804180238674e+00
6.595304516853794929e+00
6.288169950690822851e+00
6.381570599021471502e+00
5.497434799162411956e+00
5.497434799162411956e+00
6.611674845327735639e+00
