4.189815254046659447e+02
5.059025384740111235e+02
4.883273195650846787e+02
4.581366853321014219e+02
5.745753349901859792e+02
3.644553676959582731e+02
4.782806774455556820e+02
3.314267445978867954e+02
3.903912441587884814e+02
5.221576763532714267e+02
4.998909945389119116e+02
5.353844056153515112e+02
5.649044170269430651e+02
4.626744198835309021e+02
4.976675376361041003e+02
5.645370327690775412e+02
5.060659104563556525e+02
5.223401467408174312e+02
5.259837765311262956e+02
4.418640790534968232e+02
4.418640790534968232e+02
4.481511246144567053e+02
5.821883520131983687e+02
3.769455018362069723e+02
5.061917961774772152e+02
5.038103853816116384e+02
5.038103853816116384e+02
4.818599550648465311e+02
5.828692493333891207e+02
4.859510985908483462e+02
5.745753349901859792e+02
5.212431484290524395e+02
5.435870335713467512e+02
4.966372177684069698e+02
4.650404831343005867e+02
5.788960090454919509e+02
4.808828039135572681e+02
4.960125478709979916e+02
5.510769795573027068e+02
5.507500277744634332e+02
5.558847873121574139e+02
5.558847873121574139e+02
5.558847873121558223e+02
4.844905583093978407e+02
4.740163588393947975e+02
5.209344131552251156e+02
6.065297470763589445e+02
4.913940588877618438e+02
5.418823551791391537e+02
5.312179001677836823e+02
4.731708794336562391e+02
5.079957990305252906e+02
5.488409769112571439e+02
5.488409769112571439e+02
4.596107865858440391e+02
5.377655026716309976e+02
4.575854149129165762e+02
4.314535191438573634e+02
5.009262307841705706e+02
5.219583710162229409e+02
4.816012339865744138e+02
4.045633097746641624e+02
4.492772515283351140e+02
3.654147635209723148e+02
4.798819918519256476e+02
5.180526089858608429e+02
5.153829641681392104e+02
4.938497153732384390e+02
3.589681066061458523e+02
3.911236986054070712e+02
3.879106535989226359e+02
3.844046236796361882e+02
5.345100238490913398e+02
4.844614416227399829e+02
4.819735573043828936e+02
4.934887320933027013e+02
4.232318689118123984e+02
4.784649334932367992e+02
4.784649334932367992e+02
5.347501494571207559e+02
5.185351639907331673e+02
5.241764078383953347e+02
5.805410980802901122e+02
7.030262483959552355e+02
4.628031870098635068e+02
5.933357288103529754e+02
4.793704629065376821e+02
4.876091971989803824e+02
4.769962591074621514e+02
4.992863798068927395e+02
4.992863798068927395e+02
4.992863798068927395e+02
5.536651409733212859e+02
5.536651409733212859e+02
5.369716626879408068e+02
5.369716626879408068e+02
4.608895565972882764e+02
5.377365946039489017e+02
5.325167196877172273e+02
4.214000082828736140e+02
4.421362419341637064e+02
4.421362419341639338e+02
5.273000290562418968e+02
5.273000290562401915e+02
5.744039029786880519e+02
5.268928896122883998e+02
3.567010456193201549e+02
3.611204767954445174e+02
3.784692960671260948e+02
5.270446766889393757e+02
5.309279905941978086e+02
5.423333978466096141e+02
4.268162531509326527e+02
4.517384984850510818e+02
4.826334330756723716e+02
4.140105002402967216e+02
3.449098258596527558e+02
5.154463033542560879e+02
4.204677979997826469e+02
5.913435848760996123e+02
4.926193652040441862e+02
4.402490351006234732e+02
5.029445711519247197e+02
4.343863413334823917e+02
5.052408950232222651e+02
5.052408950232222651e+02
5.452158691427572421e+02
5.149934245342532222e+02
5.622152978834847090e+02
5.622152978834857322e+02
4.835325138825917293e+02
4.962622593829667608e+02
6.338793114810168845e+02
4.262220499669828087e+02
4.172225132892702959e+02
4.494006464337693956e+02
5.275491437310355423e+02
3.749798484276842601e+02
4.663722278425416334e+02
4.522155049531114628e+02
4.415626367982047213e+02
4.336592156041450039e+02
4.019242609261313532e+02
4.849719994500356393e+02
4.681519240070369392e+02
4.821929200428689342e+02
4.501357212456301795e+02
4.501486528859969098e+02
5.308694264967803065e+02
5.153814450867527057e+02
5.269527405369577764e+02
4.306849322552945978e+02
3.594883996952904681e+02
4.402490351006234732e+02
5.425700126974893465e+02
5.506403469198548919e+02
4.824148576553370731e+02
3.854402639904200214e+02
3.625045181457916215e+02
4.183154219776838545e+02
4.415626367982047213e+02
4.322723012798549576e+02
3.260055161179460583e+02
4.902201017448689413e+02
4.902201017448689413e+02
4.902201017448689413e+02
4.673085715716164259e+02
4.330951882660632464e+02
4.949999928293054836e+02
5.113254026463364426e+02
5.231666211700324993e+02
4.172225132892702959e+02
3.837802564960996961e+02
4.888210253799709335e+02
4.729078374646870202e+02
6.124153586601897814e+02
4.019242609261313532e+02
4.606464680235899891e+02
3.303860218756992708e+02
4.548795391497379228e+02
4.366520142590151750e+02
5.159495118709497774e+02
5.497893201643253178e+02
5.460118686491115341e+02
5.460118686491115341e+02
5.460118686491115341e+02
4.351076273698903947e+02
3.911713438200893052e+02
4.124218963807841192e+02
3.918375635622309119e+02
4.775602801939725168e+02
4.548795391497379228e+02
4.574676061792006294e+02
4.541268908408921448e+02
4.541268908408903258e+02
4.541268908408921448e+02
4.279138575074190385e+02
5.390253489453209568e+02
5.390253489453209568e+02
4.519332767618598723e+02
4.362378995222090339e+02
5.701843449620475894e+02
6.000933949072759788e+02
5.103235172593954871e+02
5.432466942750454564e+02
5.419863315159514059e+02
5.688614295966317513e+02
4.736677247251415110e+02
5.487701463788777119e+02
5.877313284231072430e+02
6.166171691766958247e+02
5.940100637640715604e+02
6.123006782690409864e+02
5.857843243374210260e+02
4.522155049531114628e+02
3.988098511694378203e+02
5.761987825786268331e+02
5.450589451915626569e+02
5.183856169608677646e+02
5.601144796233445504e+02
5.601144796233445504e+02
3.940884709251974982e+02
4.158715105088993482e+02
5.024992766188894961e+02
5.024992766188894961e+02
5.024992766188894961e+02
5.543396541052118209e+02
5.099789889042546065e+02
3.955139039758515764e+02
5.557527184622591676e+02
5.557527184622591676e+02
5.532792874550104898e+02
4.498674473167663450e+02
4.062963852720908449e+02
3.177110826220783792e+02
4.352107180198919991e+02
5.428937128630819871e+02
5.428937128630819871e+02
5.428937128630819871e+02
4.458215150755367517e+02
4.860594723999907387e+02
4.860594723999907387e+02
4.860594723999907387e+02
4.632257929752497034e+02
5.370273212518253558e+02
4.674232518934683185e+02
4.112010105840437291e+02
4.761640527976256294e+02
5.430645072878164683e+02
4.601427159046104975e+02
3.142139157262454319e+02
4.136576016944937919e+02
5.154954676012363279e+02
4.669674565497810477e+02
5.246533697506268936e+02
5.246533697506268936e+02
3.087016392317923987e+02
4.278073000072867558e+02
4.340032395648166812e+02
4.582238293547933949e+02
3.676854174603212755e+02
4.072892245437176939e+02
3.368429629034745290e+02
3.692530960133625513e+02
4.088583737076302214e+02
3.944871607457447453e+02
3.209868828012044446e+02
5.068625450157771866e+02
4.851896252423020428e+02
4.851896252423020428e+02
4.851896252423020428e+02
4.495749966111859521e+02
4.130797259672731343e+02
4.702308462821899298e+02
4.702308462821899298e+02
5.465378844839682415e+02
3.348253234515586882e+02
5.430424574977346310e+02
5.430424574977346310e+02
5.894360227498427776e+02
5.894360227498427776e+02
5.111869874933031497e+02
5.052758309979195133e+02
5.169924437091277696e+02
5.354622618100401041e+02
4.702308462821899298e+02
3.697352237656585885e+02
4.987438486293954725e+02
4.987438486293968367e+02
4.500631589414789460e+02
4.500631589414789460e+02
4.500631589414789460e+02
5.083522671921485312e+02
5.083522671921485312e+02
5.083522671921485312e+02
4.500753172584142590e+02
4.890135589570073762e+02
4.495214546601323491e+02
4.495214546601323491e+02
4.495214546601323491e+02
5.075698168262120475e+02
5.075698168262120475e+02
4.657219928903219284e+02
4.910127853909824012e+02
5.857171788074115284e+02
5.094113487892414582e+02
5.094113487892414582e+02
4.058274875398410018e+02
4.058274875398410018e+02
5.325950043692863574e+02
4.701501439688503865e+02
4.485677414522807567e+02
6.044680310315243332e+02
6.216187595527370604e+02
5.173899552058884410e+02
4.419127932439982942e+02
4.419127932439982942e+02
5.002663198020060236e+02
4.666951389595455453e+02
4.422692515135889266e+02
6.082943429200978471e+02
5.881791805669287214e+02
5.716895760130224744e+02
4.280787503126528577e+02
4.506582518406838744e+02
4.672401699278710225e+02
4.821138195931470136e+02
5.196186820654288567e+02
4.503975457442276706e+02
4.235124779468056886e+02
4.615832221180778561e+02
4.604970067049905538e+02
4.607480341886472388e+02
5.363747620755054868e+02
6.454832147926083508e+02
3.947965331878915549e+02
5.084213353294992430e+02
4.998085059560520449e+02
4.751531525030986245e+02
4.425478014031788234e+02
5.654110900314417449e+02
5.654110900314417449e+02
5.654110900314417449e+02
3.654147635209723148e+02
4.516718732661549325e+02
3.585521815366334408e+02
3.906246746285532367e+02
3.874299769507497331e+02
4.841098274793266683e+02
4.799564558045076410e+02
4.799564558045076410e+02
4.799564558045076410e+02
5.424822873683407352e+02
3.618771562716009385e+02
4.135726743081152676e+02
3.386647611951952968e+02
4.631954853145064703e+02
5.028899779865076312e+02
5.028899779865076312e+02
4.805015157791051479e+02
4.348179512875267392e+02
3.983752804572218338e+02
3.425429036064157344e+02
5.218268874155166941e+02
3.591660290736676870e+02
4.242872976233639406e+02
3.983081022666918898e+02
4.657536609710790003e+02
5.004119943463979325e+02
3.690131974963874768e+02
4.634295896173379106e+02
4.960125478709979916e+02
4.003464720694466905e+02
4.856010752365467056e+02
4.856010752365467056e+02
4.856010752365467056e+02
5.411486924379667016e+02
5.402149772616660357e+02
5.024992766188894961e+02
5.024992766188894961e+02
5.246481709288082129e+02
5.246481709288082129e+02
3.658488034628929881e+02
4.832179372228281409e+02
3.949822502403192175e+02
3.211144988848329263e+02
5.061799196319094563e+02
5.061799196319094563e+02
5.893644917809177741e+02
5.398350025690197072e+02
6.004124613024966948e+02
3.955139039758515764e+02
4.293018161063635034e+02
4.493372844914030679e+02
4.493372844914030679e+02
4.493372844914030679e+02
5.347149156509558452e+02
3.760488781461276631e+02
5.252135919910389248e+02
3.957003056662417180e+02
5.280398515387075804e+02
4.958250315894752589e+02
4.687912268993476346e+02
4.687912268993476346e+02
4.687912268993476346e+02
4.471579678960191586e+02
4.347457498457493443e+02
5.059025384740111235e+02
5.249497470265482661e+02
5.211065636630578410e+02
5.252632335312599707e+02
5.252632335312599707e+02
5.252632335312599707e+02
5.252632335312599707e+02
5.252632335312599707e+02
4.991364030526156625e+02
4.808828039135572681e+02
4.860594723999907387e+02
4.860594723999907387e+02
4.860594723999907387e+02
4.632257929752497034e+02
5.135883621160684243e+02
5.080448472363458450e+02
5.080448472363458450e+02
5.080448472363458450e+02
5.170536760361819688e+02
5.041238913189557138e+02
4.814884852259129389e+02
4.508468685072094786e+02
3.952112339094679214e+02
3.918375635622309119e+02
3.946770428401521826e+02
4.289990868820327137e+02
4.289990868820327137e+02
4.329641193617801491e+02
3.793781858316145872e+02
3.810788743737612663e+02
5.732024362285430925e+02
4.601427159046131692e+02
4.535069415119182281e+02
4.535069415119182281e+02
4.535069415119182281e+02
5.753571050275762673e+02
5.753571050275762673e+02
5.334957271464742234e+02
3.989064463244089893e+02
4.217463638537306565e+02
4.469883148404554731e+02
4.405896652515100982e+02
4.419127932439982942e+02
4.415564357415473751e+02
5.169917917816192130e+02
3.403319190105813732e+02
3.177423468628002183e+02
4.297857556148497338e+02
4.297857556148496769e+02
4.974250378846643912e+02
4.974250378846643912e+02
4.974250378846643912e+02
4.974250378846643912e+02
3.159549011392672355e+02
5.192118848776665345e+02
5.192118848776665345e+02
4.054996498271320888e+02
4.054996498271320888e+02
5.582358135312694003e+02
5.253612952237159561e+02
5.093888612255094017e+02
5.845100959322098788e+02
5.326869520731764851e+02
5.647875870261480031e+02
5.768457793566093414e+02
4.235253900334130890e+02
4.503875308904611074e+02
4.054996498271298719e+02
4.054996498271301562e+02
4.054996498271320888e+02
4.068446526062197108e+02
5.193911290377350269e+02
4.500373734297842248e+02
5.252135919910389248e+02
5.252135919910389248e+02
4.911271281374859541e+02
5.506420163668453824e+02
5.665431472051840274e+02
4.966096347051527573e+02
4.729626934885300784e+02
5.914581675905351403e+02
4.431900951729442681e+02
4.188533169166966559e+02
4.310181695490865650e+02
4.062963852720894806e+02
4.453038342642769294e+02
3.998371328886524907e+02
3.394729643372642727e+02
3.429401973014386158e+02
3.334491836088094487e+02
4.576484261126319666e+02
4.297857556148497338e+02
4.297857556148497338e+02
4.576484261126319666e+02
4.912892946424728393e+02
4.912892946424728393e+02
4.912892946424728393e+02
4.712912190141307747e+02
4.314936452157891154e+02
4.314936452157891154e+02
4.314936452157891154e+02
4.940719514322807981e+02
4.576484261126319666e+02
4.576484261126319666e+02
4.576484261126332740e+02
3.939098712174704815e+02
3.939098712174704815e+02
4.556558197190546480e+02
5.192118848776665345e+02
5.192118848776678988e+02
5.192118848776678988e+02
5.192118848776678988e+02
5.192118848776678988e+02
5.192118848776678988e+02
5.192118848776665345e+02
5.659277489573510138e+02
5.411571035338740785e+02
4.300053391457500993e+02
4.300053391457500993e+02
5.197258375223891562e+02
5.197258375223891562e+02
4.268475542930759730e+02
4.010073297261225207e+02
5.613730745058315961e+02
5.613730745058315961e+02
5.480016026532229034e+02
5.335735213702216697e+02
5.335735213702216697e+02
6.053056054665015608e+02
5.530503282030633727e+02
5.530503282030642822e+02
5.530503282030633727e+02
5.427348652148797328e+02
5.427348652148797328e+02
5.427348652148797328e+02
5.691808893480836105e+02
5.080899989075003305e+02
5.728652022827141082e+02
5.658816575550031303e+02
5.637340083538497311e+02
5.820872644234113977e+02
5.960126010941262393e+02
5.960126010941262393e+02
4.530296830047439585e+02
5.029347671635468373e+02
4.604210980627282765e+02
4.066027257042554766e+02
4.829977830478309784e+02
4.021902923263013463e+02
5.398781164975641786e+02
4.869534917600781228e+02
3.753346217074541187e+02
5.241324078908788806e+02
5.761767908436331709e+02
5.174096791980557555e+02
4.690056961058781440e+02
4.686502179915631814e+02
5.543716910253533570e+02
6.074292819140679285e+02
5.699078113876757925e+02
4.340931430520280401e+02
4.336739455714903784e+02
3.769455018362069723e+02
3.268696510856111104e+02
4.250153592483221132e+02
3.460872199515391685e+02
5.070912624082631055e+02
5.277820140492622158e+02
5.277820140492622158e+02
5.277820140492622158e+02
5.083325051539119386e+02
5.083325051539140986e+02
5.425041745063075496e+02
5.008074113763720447e+02
4.759004662070830705e+02
6.340150259941398190e+02
6.194830843458249774e+02
5.009092474950591054e+02
5.150188079524887144e+02
4.840642767926041188e+02
4.585802043135418558e+02
5.796170241695552932e+02
4.441912226259501608e+02
4.655452126670690518e+02
4.062021988010866380e+02
3.690131974963874768e+02
5.396731597561966964e+02
5.535468522288779241e+02
5.706368191007253472e+02
4.524105217469733589e+02
4.863439968684706400e+02
4.512077653808192963e+02
3.952112339094679214e+02
4.656162507007547902e+02
4.994991347964543706e+02
4.294441051337305453e+02
4.817391018369211224e+02
4.330771609301033891e+02
4.256114195738218768e+02
5.028389300435996461e+02
3.957461734927201746e+02
5.315097060460971079e+02
4.139980437379497289e+02
4.183208614209047482e+02
5.653968393479724455e+02
5.745753349901859792e+02
5.829223245018009720e+02
5.829223245018009720e+02
5.884150888977480918e+02
5.792208750053423501e+02
6.305926616081696920e+02
5.863330782101584191e+02
5.863330782101584191e+02
5.856031262478213648e+02
5.856031262478213648e+02
5.895448884972443011e+02
5.765020909044061455e+02
5.805919418859443795e+02
6.030121849883834102e+02
5.334641570491428411e+02
5.464367168666698262e+02
5.655537111075673238e+02
4.851205301996726007e+02
5.376282996953616475e+02
5.153889035344980130e+02
4.584036669080152819e+02
5.779853180921047624e+02
5.029266774817277792e+02
4.854008629141757183e+02
6.106310469129631429e+02
5.268828305570756356e+02
5.210945611379297588e+02
5.242979297318005365e+02
5.242979297318005365e+02
4.991364030526156625e+02
4.991364030526156625e+02
5.810438485044916206e+02
5.376563504734077696e+02
5.376563504734077696e+02
5.376563504734077696e+02
5.814427523443632708e+02
5.814427523443632708e+02
5.145690089310945723e+02
6.000135959489784909e+02
5.365620757967105874e+02
5.397187820694648508e+02
5.224295685273345953e+02
4.261383315813391732e+02
3.957201216348239541e+02
5.113202715166405028e+02
5.113202715166407302e+02
4.786315239078938362e+02
4.625163504900900193e+02
5.491590302927816083e+02
4.446719061452639608e+02
4.031048963240245939e+02
4.238119593204457942e+02
4.242629094804777878e+02
3.688312440018442544e+02
4.801262104457114788e+02
4.445812077520815251e+02
4.588826282200543574e+02
3.390603376716607045e+02
4.635261642567842841e+02
5.032160154798027634e+02
4.808828039135527206e+02
4.352107180198919991e+02
3.243616045772740790e+02
3.623399488939251682e+02
3.596086400809667225e+02
4.552600650226437438e+02
5.235840726239100604e+02
4.492772515283351140e+02
4.661150357557649500e+02
4.661150357557649500e+02
3.297275328306279789e+02
4.328099725240661542e+02
3.947965331878915549e+02
4.328099725240661542e+02
4.706994992053832902e+02
4.706994992053824376e+02
3.979791663199510481e+02
5.055174577160080389e+02
5.055174577160080389e+02
5.055174577160078684e+02
5.218522176227737646e+02
5.061501143718457456e+02
4.876954541760086954e+02
4.876954541760086954e+02
4.876954541760086954e+02
5.015265510286581048e+02
5.356132342103829842e+02
5.356132342103829842e+02
4.612967852076697568e+02
4.612967852076697568e+02
4.920312642118636290e+02
4.920312642118636290e+02
4.920312642118636290e+02
5.766494930850152514e+02
4.892269168994644701e+02
4.328099725240661542e+02
3.580720644892723499e+02
3.609045633148404590e+02
5.320265782563382118e+02
4.403109086821969527e+02
4.675175039406973951e+02
4.326374470487658073e+02
5.224295685273345953e+02
5.509027359308855694e+02
5.004119943463979325e+02
5.525170461848815648e+02
5.525170461848815648e+02
5.224295685273345953e+02
5.578761106852407465e+02
4.892455568529893526e+02
4.809212212529422459e+02
4.914904628167819283e+02
6.053056054665015608e+02
6.197864286608332804e+02
5.197411211889697142e+02
4.973027818109102327e+02
5.519458435598510277e+02
5.882677818364563791e+02
4.515571522472614561e+02
4.356956535133437001e+02
4.745647371710398374e+02
5.095518257693536839e+02
5.568013299219730925e+02
4.414608434244973409e+02
4.972454668959705941e+02
5.310728830759197763e+02
5.346472324905099640e+02
4.669473693401521359e+02
3.943829893942343006e+02
4.972454668959709920e+02
5.012000930541454977e+02
5.160096923853230919e+02
4.743794026675660689e+02
4.769426859356059936e+02
4.769426859356059936e+02
4.192909746914572793e+02
3.758408673657315262e+02
4.515571522472614561e+02
3.498137670375380139e+02
5.205506490893415048e+02
4.689891491975109261e+02
5.207486232094641991e+02
4.000545243100567632e+02
5.192265854197188446e+02
4.069773404611382830e+02
5.354454797674573001e+02
4.755455515845450236e+02
4.326487498986725200e+02
4.326487498986717810e+02
3.972694093836449269e+02
3.937091662106037120e+02
5.005243608474751795e+02
4.257536963987473086e+02
4.858879250406374126e+02
4.858879250406374126e+02
5.462716876626573139e+02
4.574044160223248241e+02
4.574044160223248241e+02
4.285150151762771316e+02
4.285150151762771316e+02
6.534620756352544504e+02
5.846896036933758296e+02
4.729078374646870202e+02
4.742904399842702219e+02
4.580779098569465759e+02
5.294072648025314720e+02
5.294072648025314720e+02
5.294072648025314720e+02
5.922424735914361236e+02
4.757566927263214893e+02
5.198686050447109892e+02
5.458794097265472374e+02
5.609409044725445028e+02
6.650686196344076961e+02
5.341947687803019562e+02
5.637220621289735618e+02
3.589681066061458523e+02
3.795220705442640110e+02
3.279319011607956327e+02
4.575623301691489928e+02
4.945036029627054859e+02
5.716895760130224744e+02
4.719950253817671069e+02
5.128534408919654197e+02
2.970643872686433724e+02
5.104731800213535280e+02
5.104731800213535280e+02
5.613480255682100051e+02
4.517307402920161508e+02
4.743894733578724185e+02
4.743894733578724185e+02
5.594482907826944711e+02
4.216512073392585762e+02
5.601047069825738163e+02
5.704851166985847613e+02
5.725032615193438232e+02
6.536787311941257030e+02
5.140319098188753060e+02
6.248937678748219469e+02
4.278272491531933497e+02
4.537191447030671725e+02
4.096141168796715419e+02
5.045437140836563685e+02
4.476693172786619925e+02
4.476693172786619925e+02
