7.425860445869535909e+01
7.305320579276275339e+01
7.315551865062063541e+01
7.312828354171232093e+01
7.351330779919344138e+01
7.424280753216716278e+01
7.312569459243751169e+01
7.450809682520204547e+01
7.329495878292988209e+01
7.331608698175520544e+01
7.308216659302770779e+01
7.427391509368996481e+01
7.346031213503913193e+01
7.335623378205170297e+01
7.342716331015478204e+01
7.344348144531980438e+01
7.341627990944439830e+01
7.309174605675684688e+01
7.311951620756316572e+01
7.350775225926689416e+01
7.350775225926689416e+01
7.314315884418898861e+01
7.397177863725740110e+01
7.358885187596425226e+01
7.314935860705580239e+01
7.340405007676413618e+01
7.340405007676413618e+01
7.308384085557013066e+01
7.403599611212024456e+01
7.330143800509337382e+01
7.351330779919344138e+01
7.307905611741487917e+01
7.317774700631051132e+01
7.306611889710933383e+01
7.313128359280175061e+01
7.353674792549519168e+01
7.312570079304596504e+01
7.317409518907118127e+01
7.328549719834262532e+01
7.333143424579826331e+01
7.336849881934533357e+01
7.336849881934533357e+01
7.336849881934520567e+01
7.328806197048257332e+01
7.327214861381614242e+01
7.309989322865042993e+01
7.441167683442260739e+01
7.362465692600817135e+01
7.366027211764178162e+01
7.343922036115586138e+01
7.552661038133204841e+01
7.374864550834919896e+01
7.379103019592594137e+01
7.379103019592594137e+01
7.364446561126628410e+01
7.398372604350529969e+01
7.386642959380414197e+01
7.312448795142172742e+01
7.364879312939245892e+01
7.306683680342207765e+01
7.482220782406294290e+01
7.351251492410965227e+01
7.313229989882290738e+01
7.340628544333374350e+01
7.309847500329216530e+01
7.309155897636638599e+01
7.309686550078772882e+01
7.318511225300474621e+01
7.406095008104988153e+01
7.332135084095671118e+01
7.344216793765568241e+01
7.349046979872014163e+01
7.358605242733882790e+01
7.311347894959453697e+01
7.312704844258989567e+01
7.591425660660281949e+01
7.312181442367875661e+01
7.309759025086508188e+01
7.309759025086508188e+01
7.311582556742629890e+01
7.306323017431907374e+01
7.329143431197883274e+01
7.463851102794941994e+01
9.900838454912752695e+01
7.353709119749014178e+01
7.486519204623613177e+01
7.322682128453928385e+01
7.327714242280553947e+01
7.320112886584355749e+01
7.308784756404079985e+01
7.308784756404079985e+01
7.308784756404079985e+01
7.332302941681216168e+01
7.332302941681216168e+01
7.314103593982498808e+01
7.314103593982498808e+01
7.314271465201115063e+01
7.464939900213211388e+01
7.325694824505880831e+01
7.311495060774041121e+01
7.315747253268474992e+01
7.315747253268467887e+01
7.320133778475504016e+01
7.320133778475489805e+01
7.505859258559485170e+01
7.308290305940079179e+01
7.438149124160688075e+01
7.370217855650716388e+01
7.337781473661627274e+01
7.308534156182230390e+01
7.315061808870380844e+01
7.331496829487625178e+01
7.354414917090973347e+01
7.320278548658978934e+01
7.308358109842281181e+01
7.312703911632755194e+01
7.393263187332820507e+01
7.313348948924218007e+01
7.402927871773273694e+01
7.450146886810426849e+01
7.772467984830679200e+01
7.337116450055133043e+01
7.351155954335328602e+01
7.318601178816967945e+01
7.330388660821404301e+01
7.330388660821404301e+01
7.328083687946519831e+01
7.325421360022117767e+01
7.359740984122598206e+01
7.359740984122608154e+01
7.337241295063093105e+01
7.316982552578352283e+01
7.780354169145165599e+01
7.426002518070664848e+01
7.341955330123185774e+01
7.314580963160705096e+01
7.321908597660839746e+01
7.407221099214672222e+01
7.338098660490763336e+01
7.346198583548223837e+01
7.310710922484445007e+01
7.325679007831321599e+01
7.314817842815369886e+01
7.346675475961521329e+01
7.349633191298195811e+01
7.338658966903932424e+01
7.327523417998453681e+01
7.326030100105074894e+01
7.422457003701941858e+01
7.307511157259999379e+01
7.315393823970923393e+01
7.314197076383752005e+01
7.349039173602719188e+01
7.337116450055133043e+01
7.358054792648265163e+01
7.336001869953122423e+01
7.320453748451384968e+01
7.423538373887220132e+01
7.348513293848158412e+01
7.313088968290549019e+01
7.310710922484445007e+01
7.314789077466153344e+01
7.482383708591970617e+01
7.308455304702728483e+01
7.308455304702728483e+01
7.308455304702728483e+01
7.311249899955187459e+01
7.333184162717036259e+01
7.307459495325529986e+01
7.310888395199728507e+01
7.307850942499059954e+01
7.341955330123185774e+01
7.365023669652168792e+01
7.329616591634717793e+01
7.446286835145122041e+01
7.475404413805541992e+01
7.314817842815369886e+01
7.332883459689914218e+01
7.398206999243991788e+01
7.314881644454504794e+01
7.311102116123542771e+01
7.337090406926934349e+01
7.325598771307316781e+01
7.321056484380754625e+01
7.321056484380754625e+01
7.321056484380754625e+01
7.320994261512005608e+01
7.335982489415587793e+01
7.323545704114670230e+01
7.319130249509260011e+01
7.316965107020634207e+01
7.314881644454504794e+01
7.314770225374840606e+01
7.309920945141584525e+01
7.309920945141581683e+01
7.309920945141584525e+01
7.311913585979789332e+01
7.314528666889685837e+01
7.314528666889685837e+01
7.311426013380413735e+01
7.313239943989235314e+01
7.446870188706593297e+01
7.978472221604422998e+01
7.369315946858068855e+01
7.356730931707789978e+01
7.350833737937878709e+01
7.476983520989503518e+01
7.343702322838855423e+01
7.326965027399002395e+01
7.443345535902523125e+01
7.661786603457119327e+01
7.389832789847069705e+01
7.477896282442493714e+01
7.401005577578737871e+01
7.346198583548223837e+01
7.329752931482764211e+01
7.376945573577064863e+01
7.339955481863309217e+01
7.359656511921919275e+01
7.339507406643211596e+01
7.339507406643211596e+01
7.387207440383224366e+01
7.401220380989367698e+01
7.305812814457310367e+01
7.305812814457310367e+01
7.305812814457310367e+01
7.338222961419957358e+01
7.390406052058645514e+01
7.317870868158703956e+01
7.332305063693745240e+01
7.332305063693745240e+01
7.339442848307950840e+01
7.310859801406840575e+01
7.313470540466278180e+01
7.550407231409343467e+01
7.313444240491350001e+01
7.320955938807276198e+01
7.320955938807276198e+01
7.320955938807276198e+01
7.317347970052850314e+01
7.308133677141169926e+01
7.308133677141169926e+01
7.308133677141169926e+01
7.312319153059905830e+01
7.314564647959710442e+01
7.331554083830299362e+01
7.312834556352383686e+01
7.312132651622663104e+01
7.324621748358285345e+01
7.315583611903096539e+01
7.549517810761051351e+01
7.348586991087306330e+01
7.306106824919801568e+01
7.312004870472321727e+01
7.325605056315524166e+01
7.325605056315524166e+01
7.666314829050428159e+01
7.311467922228519001e+01
7.326479554720033605e+01
7.320239233547172830e+01
7.377000237757886225e+01
7.313639947545831888e+01
7.373702416412949390e+01
7.339327969709287913e+01
7.405378344968913495e+01
7.329417101525464773e+01
7.440733184891672636e+01
7.305342240930519893e+01
7.310635411957103713e+01
7.310635411957103713e+01
7.310635411957103713e+01
7.335545430292884816e+01
7.324501656400745730e+01
7.310571315792189750e+01
7.310571315792189750e+01
7.327709184184762137e+01
7.386159957646825092e+01
7.317164283016236936e+01
7.317164283016236936e+01
7.370031877971821643e+01
7.370031877971821643e+01
7.309197335886510416e+01
7.332302483755647415e+01
7.309305429433926804e+01
7.337900616195021541e+01
7.310571315792189750e+01
7.338747024801686791e+01
7.316101687339663329e+01
7.316101687339673276e+01
7.309818140147660870e+01
7.309818140147660870e+01
7.309818140147660870e+01
7.313953239593988087e+01
7.313953239593988087e+01
7.313953239593988087e+01
7.324224381481987223e+01
7.310241118186125675e+01
7.311005703503671782e+01
7.311005703503671782e+01
7.311005703503671782e+01
7.305382017958275753e+01
7.305382017958275753e+01
7.313381198408970363e+01
7.308617287617545344e+01
7.390154518931986161e+01
7.306178004846186980e+01
7.306178004846186980e+01
7.320072950218985852e+01
7.320072950218985852e+01
7.332350442863867102e+01
7.337032923043967969e+01
7.311570428220639428e+01
7.517203443329817958e+01
7.518128161295288692e+01
7.312113634556013153e+01
7.317263526686329556e+01
7.317263526686329556e+01
7.306053691731213462e+01
7.311928044358950274e+01
7.317009053420969167e+01
7.465974847317649221e+01
7.470581734852164857e+01
7.637443433408556359e+01
7.313900964957446149e+01
7.310588618812900563e+01
7.310989541279921866e+01
7.310397127139906104e+01
7.399478477118708497e+01
7.312037669614210245e+01
7.317248722779009995e+01
7.394156615403589683e+01
7.433346586512351450e+01
7.434464370929816823e+01
7.313831108541823767e+01
7.806373271583218809e+01
7.344425271853415893e+01
7.305880825757407138e+01
7.314522948637447541e+01
7.310142195206131532e+01
7.454924729154348029e+01
7.510319967680672448e+01
7.510319967680672448e+01
7.510319967680672448e+01
7.340628544333374350e+01
7.313676341407148129e+01
7.407784968571350248e+01
7.332589731156267021e+01
7.344832869687364507e+01
7.311295383213700916e+01
7.311731229480849947e+01
7.311731229480849947e+01
7.311731229480849947e+01
7.324510305273541633e+01
7.346575683137426438e+01
7.351045970782375605e+01
7.387746434324209588e+01
7.314483092296119082e+01
7.305434752014892297e+01
7.305434752014892297e+01
7.312758537824561245e+01
7.313613487640520816e+01
7.326907768361836304e+01
7.363579521871382383e+01
7.308823438590519572e+01
7.358187862323741513e+01
7.367338429485695883e+01
7.330103626336213551e+01
7.311637755063028976e+01
7.306380182002234847e+01
7.345039051757680681e+01
7.514319892200431639e+01
7.317409518907118127e+01
7.334719177657109412e+01
7.307686709524472235e+01
7.307686709524472235e+01
7.307686709524472235e+01
7.315288314607660425e+01
7.316475088515895209e+01
7.305812814457310367e+01
7.305812814457310367e+01
7.312898611203728194e+01
7.312898611203728194e+01
7.338885692995370391e+01
7.312793417606913238e+01
7.318150607118779760e+01
7.437087382683350256e+01
7.305431347438710077e+01
7.305431347438710077e+01
9.136211614601222664e+01
7.320234212464973211e+01
7.544806875225515341e+01
7.317870868158703956e+01
7.313429954446645809e+01
7.310343319901339498e+01
7.310343319901339498e+01
7.310343319901339498e+01
7.314840355477333844e+01
7.335276755008443672e+01
7.308928448253726629e+01
7.348481454425296988e+01
7.310103801949766478e+01
7.314587721027564271e+01
7.314658269045784778e+01
7.314658269045784778e+01
7.314658269045784778e+01
7.310296776371768601e+01
7.351292824879604382e+01
7.305320579276275339e+01
7.315886264644420578e+01
7.312257128793368111e+01
7.338622875031967396e+01
7.338622875031967396e+01
7.338622875031967396e+01
7.338622875031967396e+01
7.338622875031967396e+01
7.306014930669421403e+01
7.312570079304596504e+01
7.308133677141169926e+01
7.308133677141169926e+01
7.308133677141169926e+01
7.312319153059905830e+01
7.310166556866397514e+01
7.323176070733022414e+01
7.323176070733022414e+01
7.323176070733022414e+01
7.309312592349124316e+01
7.305486019651482366e+01
7.308429131143256541e+01
7.310284138536734133e+01
7.317281800638919265e+01
7.319130249509260011e+01
7.317550884410832168e+01
7.315391588118072264e+01
7.315391588118072264e+01
7.320460466327953952e+01
7.327203498328492515e+01
7.330419365249201746e+01
7.350406006712231033e+01
7.315583611903085171e+01
7.331280750660884848e+01
7.331280750660884848e+01
7.331280750660884848e+01
7.461394765320088140e+01
7.461394765320088140e+01
7.344854365889497672e+01
7.326860493217589010e+01
7.328760727002037356e+01
7.311761079989338441e+01
7.336667911493475458e+01
7.317263526686329556e+01
7.317524054405883760e+01
7.311865123227299534e+01
7.484552850215624176e+01
7.529735361635466973e+01
7.317077113680888090e+01
7.317077113680895195e+01
7.306067281347098685e+01
7.306067281347098685e+01
7.306067281347098685e+01
7.306067281347098685e+01
7.485056756904376130e+01
7.306199523643645932e+01
7.306199523643645932e+01
7.314513018282134738e+01
7.314513018282134738e+01
7.365016464639616345e+01
7.322732786281218864e+01
7.329369567445318978e+01
7.370445046717026116e+01
7.313497414826994714e+01
7.415532424663572897e+01
7.352443891823511990e+01
7.311324755581877355e+01
7.309799312132660987e+01
7.314513018282134738e+01
7.314513018282127632e+01
7.314513018282134738e+01
7.313526970405617078e+01
7.398032441886323340e+01
7.311928937710126775e+01
7.308928448253726629e+01
7.308928448253726629e+01
7.319917012458826377e+01
7.329784976620392456e+01
7.349236566517446079e+01
7.351646584185671429e+01
7.310087091769536016e+01
7.373573660389054396e+01
7.310458112788066387e+01
7.317293551055531964e+01
7.312353520457551781e+01
7.313470540466292391e+01
7.318296974022835855e+01
7.341290700753128817e+01
7.368013867579098530e+01
7.362897498528681695e+01
7.381345440600895813e+01
7.319323090808293841e+01
7.317077113680888090e+01
7.317077113680888090e+01
7.319323090808293841e+01
7.323803296623432857e+01
7.323803296623432857e+01
7.323803296623432857e+01
7.314869481159892928e+01
7.311026003661622497e+01
7.311026003661622497e+01
7.311026003661622497e+01
7.308189555676148075e+01
7.319323090808293841e+01
7.319323090808293841e+01
7.319323090808282473e+01
7.318937154879742479e+01
7.318937154879742479e+01
7.312811867858239623e+01
7.306199523643645932e+01
7.306199523643655880e+01
7.306199523643655880e+01
7.306199523643655880e+01
7.306199523643655880e+01
7.306199523643655880e+01
7.306199523643645932e+01
7.371601275748184889e+01
7.320914439556091224e+01
7.313255033077537348e+01
7.313255033077537348e+01
7.306211168344833595e+01
7.306211168344833595e+01
7.339039717606362956e+01
7.314896798537985489e+01
7.368141418935849174e+01
7.368141418935849174e+01
7.321419116844543851e+01
7.312689100248508112e+01
7.312689100248508112e+01
7.665065250378611950e+01
7.396178447391388033e+01
7.396178447391388033e+01
7.396178447391388033e+01
7.316231486697451203e+01
7.316231486697451203e+01
7.316231486697451203e+01
7.453508493171737825e+01
7.313705753426133072e+01
7.423188673110075797e+01
7.454969763883664768e+01
7.505959144995703980e+01
7.356518421841504107e+01
7.400796830861581554e+01
7.400796830861581554e+01
7.310141627154827404e+01
7.306637962175274481e+01
7.311959614073660418e+01
7.324852993631279219e+01
7.369130964931012784e+01
7.329325396024171368e+01
7.314258844275124716e+01
7.308225529688699851e+01
7.373496628738472225e+01
7.308928211374451678e+01
7.363911376487287441e+01
7.319234035524380033e+01
7.310649881363441693e+01
7.310682797373667086e+01
7.401300073497692722e+01
7.470536667856288204e+01
7.368226109517566158e+01
7.311993853224002748e+01
7.311898968141409227e+01
7.358885187596425226e+01
7.422072860352432144e+01
7.365725411707605019e+01
7.382650807318533737e+01
7.307562590277223080e+01
7.311794230667250361e+01
7.311794230667250361e+01
7.311794230667250361e+01
7.387220557869724757e+01
7.387220557869734705e+01
7.317711206344559116e+01
7.306942723565846620e+01
7.322543212484853825e+01
7.607587165858156197e+01
7.583988137065725255e+01
7.309395327807867204e+01
7.306668027058692871e+01
7.307778607455816200e+01
7.320023996758536100e+01
7.388378485621220193e+01
7.402121030269228186e+01
7.357383535049707746e+01
7.339377370182899085e+01
7.345039051757680681e+01
7.354332276924233724e+01
7.556941820580179581e+01
7.441614338550802188e+01
7.518867008260991724e+01
7.449758203186695482e+01
7.310342863362419052e+01
7.317281800638919265e+01
7.316870642522964374e+01
7.413357359453085849e+01
7.315537451647075784e+01
7.331157711919442477e+01
7.320535276255426993e+01
7.317135240205583102e+01
7.312185178035652200e+01
7.317021261674591415e+01
7.318634946297308375e+01
7.350461754672622305e+01
7.650661189624963754e+01
9.271633202935657891e+01
7.351330779919344138e+01
7.369951835109620220e+01
7.369951835109620220e+01
7.375605072257312145e+01
7.354203344194414171e+01
7.731087916369668278e+01
7.370984876638553374e+01
7.370984876638553374e+01
7.369011351212286343e+01
7.369011351212286343e+01
7.372878057582803990e+01
7.352267952631876824e+01
7.357009217179518146e+01
7.411876108670185204e+01
7.318724685613325676e+01
7.367875064878820979e+01
7.348909100076051004e+01
7.319776606140545994e+01
7.316026694156749954e+01
7.342147859678657085e+01
7.312798787586862659e+01
7.353403057758430350e+01
7.305475845487340791e+01
7.308921439749407511e+01
7.448965626203187185e+01
7.317776234670927238e+01
7.308821461212788506e+01
7.318447069641554492e+01
7.318447069641554492e+01
7.306014930669421403e+01
7.306014930669421403e+01
7.370141169643375179e+01
7.313313326330937514e+01
7.313313326330937514e+01
7.313313326330937514e+01
7.356537918936423637e+01
7.356537918936423637e+01
7.306291997420370876e+01
7.400029944833862317e+01
7.328750933935296530e+01
7.334736647885038963e+01
7.314756601498623922e+01
7.312214460755753009e+01
7.316837393704888370e+01
7.309013357538556477e+01
7.309013357538553635e+01
7.311559629270958283e+01
7.317389642146028450e+01
7.323310058633208541e+01
7.367481733238385289e+01
7.329270404117818316e+01
7.333009355887656966e+01
7.333301546473805388e+01
7.410071470035565255e+01
7.371895356536363408e+01
7.367272354075619489e+01
7.316289285677265752e+01
7.387378651394004692e+01
7.314685001733224112e+01
7.305407316931874107e+01
7.312570079304603610e+01
7.313444240491350001e+01
7.428329080406824403e+01
7.345923022168221905e+01
7.357310527620788321e+01
7.320052639136450523e+01
7.307026981772924046e+01
7.313229989882290738e+01
7.311545587513165856e+01
7.311545587513165856e+01
7.419910155545093744e+01
7.322487050030805733e+01
7.344425271853415893e+01
7.322487050030805733e+01
7.335245073127383364e+01
7.335245073127379101e+01
7.319241130087173985e+01
7.363041927948641785e+01
7.363041927948641785e+01
7.363041927948654575e+01
7.404967520154764316e+01
7.313598218573508802e+01
7.321187923736368930e+01
7.321187923736368930e+01
7.321187923736368930e+01
7.333318949075245996e+01
7.322407412360168166e+01
7.322407412360168166e+01
7.321346731005294828e+01
7.321346731005294828e+01
7.308799559272023316e+01
7.308799559272023316e+01
7.308799559272023316e+01
7.377657197443235759e+01
7.363895345210954702e+01
7.322487050030805733e+01
7.353453072991241868e+01
7.345463968534990329e+01
7.310331200865563517e+01
7.318944677958425871e+01
7.312995739317398147e+01
7.367680476025404346e+01
7.314756601498623922e+01
7.346610104385671036e+01
7.306380182002234847e+01
7.349942829294950286e+01
7.349942829294950286e+01
7.314756601498623922e+01
7.378985827293111299e+01
7.346345131265110240e+01
7.449855064254073511e+01
7.310398331727355981e+01
7.665065250378611950e+01
7.543762237699684192e+01
7.456932219271523365e+01
8.518951917291953180e+01
7.410417779496988544e+01
7.389820971846306463e+01
7.444984967793220676e+01
7.439583566421960370e+01
7.382074091477070965e+01
7.387559267495439030e+01
7.334992313864417213e+01
7.310784526515737980e+01
7.306125660818985068e+01
7.318676732126920115e+01
7.311757317948345758e+01
7.312965672413547225e+01
7.317797901696482654e+01
7.306125660818980805e+01
7.305561733149372117e+01
7.307114042804658993e+01
7.330661021741182992e+01
7.355293701562622743e+01
7.355293701562622743e+01
7.441976231769994854e+01
7.440129107283392784e+01
7.444984967793220676e+01
7.460203919366500713e+01
7.314768103603469740e+01
7.325573936974947742e+01
7.313704149554548906e+01
7.443982167422602458e+01
7.307072435632045426e+01
7.357810073385410021e+01
8.048201147310284398e+01
7.402594963115812732e+01
7.313515730574110307e+01
7.313515730574110307e+01
7.316182856899598619e+01
7.318870662406516203e+01
7.312569069292422341e+01
7.318025918348801895e+01
7.318594463159598718e+01
7.318594463159598718e+01
7.330767210784451038e+01
7.354413448244983442e+01
7.354413448244983442e+01
7.360993572201569179e+01
7.360993572201569179e+01
7.893890650177118573e+01
8.401115055866546300e+01
7.446286835145122041e+01
7.353588041696814059e+01
7.340327893017465044e+01
7.372924277273693860e+01
7.372924277273693860e+01
7.372924277273693860e+01
7.438963379338159143e+01
7.356787095644085639e+01
7.354487689506927950e+01
7.344696740652294409e+01
7.365689826974681864e+01
9.494386678703416749e+01
7.376503761643485291e+01
7.449173230136069890e+01
7.406095008104988153e+01
7.403385608291659992e+01
7.645683896053203910e+01
7.377271695573840304e+01
7.357116803236770863e+01
7.637443433408556359e+01
7.449093470410045370e+01
7.542104005276749490e+01
7.880650231020545959e+01
7.305632948881482491e+01
7.305632948881482491e+01
7.342061528916499924e+01
7.322479659805460983e+01
7.309679376699875775e+01
7.309679376699875775e+01
7.350467325894108228e+01
7.319018762462687278e+01
7.869525324745950456e+01
7.445673852505584023e+01
8.138279552247509230e+01
8.555643976220335389e+01
7.537201618756392918e+01
7.528374349671345556e+01
7.402508447827511873e+01
9.674130978808543091e+01
9.600281520962133186e+01
7.347540035504422917e+01
7.309878794816395953e+01
7.309878794816395953e+01
