2.604714922033706248e-01
9.235383415671359897e-01
6.101282460440028421e-01
6.078828882358739971e-01
1.487284779349486108e+00
7.377569448270193675e-02
3.804956831981380905e-01
-1.410897102711833329e+00
1.462181188391943998e+00
-5.278315117787175659e-01
1.606254890309989802e+00
1.606254890309989802e+00
1.606254890309989802e+00
1.487284779349486108e+00
-1.288797918374728679e+00
1.021471420769057170e+00
6.635559917520950091e-01
6.128813841462357193e-01
2.080601593958991469e+00
-6.755366893563101716e-01
1.381580741964585801e+00
1.130816294115315035e+00
-9.200110368381528847e-01
1.162537044417513599e+00
1.162537044417513599e+00
-8.355652427479902666e-01
5.278860489620473828e-02
7.672340387071622247e-01
1.059642853820042863e+00
-1.303876988600071618e+00
4.624824635457271960e-01
-4.720824224847077755e-01
4.595272545761096561e-01
-7.351229124410518789e-01
4.581004725357094465e+00
2.659112771652460960e-01
1.923735772216724538e+00
2.994025559405511849e+00
-1.688020810696475360e+00
-1.111211820724434807e+00
1.912773738932071144e+00
2.227621801067178442e+00
2.966048192525815974e+00
2.443258170612629510e+00
1.748039306439490126e+00
2.812269225067435041e+00
2.576171355058965773e+00
2.801306497751579805e+00
1.399260397651718169e-01
8.039289382739200907e-01
1.083302469870169205e+00
1.234684199290674522e+00
-1.317880167518720169e+00
3.460366918874922426e+00
2.477129224218471037e+00
8.586786037330413901e-01
6.927237205984956292e-01
1.164849058099865386e+00
1.234075034594583231e+00
-5.899953638202621864e-01
1.412174412169799442e+00
3.019608019019397460e-01
7.939022610811961034e-01
1.112801527414042813e+00
-1.011152022528616579e+00
-1.011152022528616579e+00
-5.571143705451664374e-02
1.616116269785802251e+00
-1.578058140737865767e-01
-2.300013418711381874e-01
1.758545165597657833e+00
1.329830054073325440e+00
3.460366918874922426e+00
1.943439359289158119e+00
1.759607017511755078e+00
1.188318658587803611e+00
1.097531409806578484e+00
3.128957871133110302e+00
1.814705985547603539e+00
2.290948731534452332e+00
2.774074058332587356e+00
2.053717839325307715e+00
1.594295578070599628e+00
1.594295578070599628e+00
1.594295577284135401e+00
-2.456817966011790588e+00
8.794782147250534976e-02
3.674902372601190237e+00
2.143049654699343165e+00
2.518057323672530323e+00
1.874450923955867321e+00
3.140814005782558649e+00
2.438004095775653468e+00
2.485951332373772082e+00
2.485951332373772082e+00
1.460714515432410820e+00
3.165539481343104811e+00
1.809203976574045747e+00
-9.260400499174181732e-02
8.290336955080611636e-01
9.588992879113080736e-01
3.825164479045390920e-01
2.787992549508496509e+00
2.802440897650097185e+00
1.282347136016966704e+00
1.027108341420947646e+00
2.548359485897757182e+00
1.989528690677976108e+00
3.779195118518963170e-02
-7.512872173300455536e-02
5.241925209109192796e-01
1.898221144499257385e+00
2.477836602539961852e+00
2.023651844055635252e+00
3.155366683863560340e+00
2.367399817945846419e+00
2.806200913262022478e+00
2.806200913262022478e+00
1.850665966163783427e+00
2.561362824440388763e+00
2.760658402362788699e+00
2.232267632474995711e+00
2.232267632474995711e+00
2.232267632474995711e+00
3.280667796103423406e+00
3.280667796103423406e+00
2.291705906300634865e+00
2.291705906300634865e+00
1.534144976293581708e+00
2.869778277144993339e+00
1.915463625660936975e+00
3.313532829951417735e-01
1.284478218501681202e+00
1.284478218501681202e+00
2.070257584257649608e+00
2.070257584257648276e+00
5.350285539991058714e-01
9.867931207076250377e-01
4.291533674654854913e-01
9.398305398813868727e-01
1.134957018502273485e+00
2.087504141439350924e+00
2.639901356605725447e+00
2.781697885809092163e+00
1.977031200555926072e+00
1.358042320543003889e+00
9.297721753425203239e-02
3.788245915921020668e+00
1.501208247778167859e+00
1.684076980882914576e+00
2.351728968845536283e+00
1.365772518892660381e+00
1.290857147531432103e+00
2.827352245343887738e+00
2.827352245343887738e+00
2.719296682208467431e+00
2.430303006347309669e+00
3.086993156268523109e+00
3.086993156268523109e+00
2.131768187601836839e+00
1.885876405965718039e+00
9.873865936467445259e-01
4.991838941459438850e-01
2.071682281180715623e-01
6.955203728630416915e-01
2.671223795975308235e+00
2.189187121273018288e+00
1.418885492090322442e+00
2.092109387118080921e+00
1.896399486170516901e-01
1.035844590039771251e+00
3.487279801819183511e+00
4.117350855267381426e+00
9.869110853003026929e-01
1.147949852230123469e-01
1.803819893250657502e+00
4.422510627489921298e+00
1.843366982251390951e+00
4.075702263631728606e-01
-1.945561909285029589e-01
2.870062543316725723e+00
-7.634296198906433961e-01
1.175547688566333626e+00
1.773745113372668936e-01
-6.982621718186303728e-01
1.745118235978725618e+00
-8.875718101218676992e-03
-8.875718101219121081e-03
2.073023797417140379e+00
2.073023797417140379e+00
2.073023797417140379e+00
2.164644094217637704e+00
2.164644094217637704e+00
1.537953912521460964e+00
1.952133575839456681e+00
2.483445481376724384e+00
4.991838941459438850e-01
8.026120665105046514e-01
3.418836293545175486e+00
4.581004725357094465e+00
-6.916042733557385969e-01
-4.227657349292610611e-01
6.333266698867340283e-01
9.070555217180381602e-01
1.201839831035059314e+00
3.402659102356709653e+00
2.118137065727385249e+00
2.681259812801092934e+00
2.681259812801092934e+00
2.681259812801092934e+00
1.541882970749173243e+00
8.426738286886337193e-03
-2.447435590699122976e-01
5.706190831447582879e-01
5.706190831447578438e-01
1.304513101591351143e+00
5.706190831447578438e-01
1.507981871304987509e+00
2.965776700679764843e+00
1.783015728623150720e+00
-5.119524582159946657e-01
1.493596580505849980e+00
3.472235157541782691e+00
-4.779870738876645930e-03
8.789534767454191266e-01
3.327172641878934467e+00
2.377855018508099327e+00
2.443674493614443222e+00
4.653909308883605433e+00
9.590012971969990030e-01
1.360536793825767976e+00
1.360536793825767532e+00
3.069672549227167480e+00
2.076899560473990825e+00
1.623895396368743915e+00
-2.752600580375408335e-02
2.008098874228184449e+00
2.008098874228184449e+00
1.901289479427639595e+00
1.901289479427639595e+00
2.523192597963066497e+00
-1.820938947431740562e-01
9.920189202514816396e-01
6.744320569337722837e-01
1.500748114996526938e+00
1.797939561894673188e+00
-4.184527355881539901e-01
6.777312909461383761e-01
5.110329805169694373e-01
1.377093592581000614e+00
2.686752600360582832e+00
2.721828488757905617e+00
2.705970156136655369e+00
1.991981125781893347e+00
3.205040520108433100e+00
2.877578297102814986e+00
2.213892911304738753e+00
1.801490085170970090e+00
1.991981125781893347e+00
2.735667655410407129e+00
1.638933679406525235e+00
1.638933679406525235e+00
1.409510632734711111e+00
1.274836945901105967e+00
1.224043494206404459e+00
1.224043494206404681e+00
1.889581397597679402e+00
2.027903680979425083e+00
1.789750064520971851e+00
8.523725043210474972e-01
-8.948519122537013093e-01
4.214121117474272094e-01
3.403405378423534078e-01
2.447482569756791904e+00
-5.019938624743738309e-01
-2.191562052869833188e-02
-2.853839659955350605e-01
9.518164852539214849e-01
1.258685784238386285e+00
2.100046233148707309e+00
2.612196525545595449e+00
2.612196525545595449e+00
1.046239367497921791e+00
-5.029199750152901771e-02
2.195813165661994137e+00
3.171278805903092746e-01
2.614775179588553655e+00
1.399260397651720389e-01
2.051483738335953433e+00
9.558605136793887347e-01
9.558605136793887347e-01
1.616327480572703479e+00
8.454674374040166418e-01
1.839417171705980847e+00
7.617611069577212568e-01
-2.205390652980778743e-01
1.374579170822957996e+00
-4.140168390212048966e-01
1.182774422004020387e+00
1.182774422004020387e+00
-1.037852642807339576e+00
1.621321041671070384e+00
9.083453934573847421e-01
2.123458391357485375e+00
7.641607126133971306e-01
7.641607126133971306e-01
2.063485140855560562e+00
1.303018099926206430e+00
1.303018099926206430e+00
1.952133575839456681e+00
2.307050817287195965e+00
2.931398928432058071e+00
2.180995714784040196e+00
4.036273799119065586e-01
1.002292918618427287e+00
1.130816294115315035e+00
2.231913888542136348e-02
4.022674994690158101e+00
2.812269225067435041e+00
2.146493602115936206e+00
-1.075751174654221876e+00
5.353935220794979744e-01
1.787423108110516079e+00
-6.872555036322653965e-01
4.191276483817147902e-01
2.584646306034239949e+00
2.584646306034239061e+00
2.576171355058966661e+00
6.483135046724520789e-01
2.224427306446754571e+00
4.172781642668820901e+00
1.745353441300503849e+00
5.212398028014963991e-01
6.483135046724520789e-01
6.483135046724520789e-01
6.313938595278225652e-01
1.208310218897892696e+00
1.142899426867407975e+00
3.785688011021679955e+00
1.498957985714003627e+00
1.075815126256855381e+00
-2.752754785708577678e-02
4.082566112353152032e-01
-1.241993817945350465e-01
4.191276483817147902e-01
-8.602400359998796375e-02
7.529817121492289322e-01
9.375285448015179268e-01
-8.602400359998796375e-02
-8.602400359998796375e-02
1.120408233481832605e+00
2.576171354828407534e+00
2.576171354828407534e+00
2.576171354828406646e+00
1.642540378191814421e+00
1.811085107342592426e+00
8.751691419508114134e-01
3.117475834958622016e+00
2.241170100465557091e+00
2.183746908737055570e+00
1.508618848211993768e+00
2.058860745878577703e+00
2.058860745878577703e+00
1.842972216200731594e+00
1.221974606337359326e+00
2.656586456043563693e+00
3.798974496560229674e+00
1.758930135687012397e+00
-4.663468863584447899e-01
2.016180027255951579e+00
1.739123367773195650e+00
3.612257284660875811e+00
1.735857242334675865e+00
3.733939604734588080e+00
1.598954635497697119e+00
2.314709713629588883e+00
2.597352754610784409e+00
2.066407147080286499e+00
3.537693950846060531e+00
4.869735762396591561e+00
-1.732737779579156534e-01
4.646426377493280135e+00
2.118886761326724155e+00
1.002292918618427287e+00
-4.200981817504958471e-01
2.505872278145293564e+00
1.959081942153041878e+00
3.460366918874921538e+00
2.262643913276484842e+00
2.727844752950967511e+00
3.092864431265235581e+00
2.676796100812248280e+00
2.802327255497957470e+00
4.245571461252362511e+00
3.116677010635442446e+00
1.918120571269466001e+00
2.016464123191997082e+00
2.039770798442607891e+00
1.783905861684449645e+00
3.458634858309387106e+00
2.530832486652132562e+00
1.957923638651183573e+00
1.758113994903693245e+00
2.454099798180354508e+00
1.032339654166479104e+00
2.156802930241974448e-01
-3.915971959693216320e-01
-6.608064632464507593e-01
-2.401720998734894863e+00
-5.036946448813317545e-02
2.500136522864426780e+00
-5.613831759691101375e-02
9.867931207076250377e-01
2.133109293111646654e+00
-4.104541379664115031e-01
-4.720824224847077755e-01
3.475908629351904811e-01
3.038613407363099927e-01
-1.628599869933968769e-01
-2.732401708508185312e-01
-2.732401708508185312e-01
6.523269454239064569e-01
-1.055502245003221651e+00
7.429392616969122676e-01
7.429392616969122676e-01
-2.272102962108137891e-01
-6.458992773930367637e-01
-8.418044551830350386e-02
1.614088490416893729e+00
2.053724021539730327e+00
8.101912068007968148e-01
-9.478149108881621654e-01
4.384629859839913379e+00
-1.216040944159333392e-01
1.850611033373885217e+00
1.206372646493620637e+00
-2.714180228001259465e-01
1.925788943490061023e+00
1.376331923144038738e+00
2.251568733020515189e+00
1.663335406255428417e+00
2.301370747526459759e+00
1.031944750509916631e+00
1.684011209532962683e+00
6.926395032691242681e-01
6.451429628919690407e-01
1.353755834391036306e+00
-1.311727766916122251e+00
4.079021196019374518e-01
2.837968040560170380e-01
2.067342375804477328e-01
1.337921014570939704e+00
-3.365051236670590917e-02
-5.527020362775596496e-01
3.324508891027691426e+00
2.057768085106178368e+00
3.658606367169312534e+00
3.506687415040605771e+00
2.992785804134643790e+00
5.222864839081348798e+00
8.828039324429459711e-02
2.362992833762440625e+00
4.134827874576194162e+00
2.314524134609543982e+00
2.750322971318744258e+00
2.680963211936969071e+00
1.228864807934711312e+00
1.615958437671363601e+00
2.748957658285966943e+00
1.523048035264197297e+00
1.808125248635744198e+00
7.407864736736696765e-01
-1.523236632347506392e+00
-8.342276289755414798e-01
1.300285971880636104e+00
2.777145361401998525e+00
3.212790960271831864e-01
-1.615601754253626732e+00
1.159955474221030514e-01
1.297555053995026020e+00
1.129511633765125422e+00
7.455553429387848929e-01
3.278598337868351642e+00
1.912123966973712452e+00
-4.990369787710977612e-01
3.458011382962472346e+00
-6.567813409449707596e-01
1.570536842227372221e+00
2.902721711355169099e+00
-1.779622601736792875e+00
2.818809219202191407e+00
8.996683198661948877e-01
2.031374900595970256e-01
1.234075034594583453e+00
4.856643648747249742e-02
2.994025559405511849e+00
1.877667762885077751e+00
1.442053512421261674e+00
3.714566464182988970e-01
1.595825124662993977e+00
3.699151877860363591e+00
4.028182617944333188e+00
4.310152852889470587e+00
2.375924648045094845e+00
8.783907422157385403e-01
-1.339933409360785754e+00
1.072117621678670751e+00
3.560726941200376139e-02
1.814423572821597386e-01
1.150915003626467259e+00
-5.737578075207678818e-01
2.985831785487923717e+00
-1.572007114738130484e+00
8.689812053812130399e-01
-1.765965507052865258e+00
1.656336974282744512e+00
1.639928424966418774e+00
1.261271833478481152e+00
1.302829670690356378e+00
1.302829670690355934e+00
-9.969833534053520463e-01
3.019608019019397460e-01
2.171811908119316126e+00
1.703791915593172224e+00
1.401148123717002036e+00
5.175992029432241459e-02
-2.123834823624283885e+00
-4.603088242488784232e-01
3.946610501628851075e+00
9.198156024652311968e-01
1.517580964587476711e+00
8.229231834737030793e-01
8.229231834737030793e-01
3.565587963585604037e+00
1.014648846596851950e+00
2.209701731656521506e-01
2.829232549184857337e+00
-7.681197007925575360e-01
3.189781429930893530e+00
-1.473646129706981389e+00
3.411766348534977400e+00
4.759087548298359671e+00
3.635220988509113571e-01
-1.267892036763260677e-01
1.099021872286052526e+00
1.698967307350943257e+00
1.945176682303919602e-01
1.518596126877908237e+00
3.862859476443570195e+00
1.147078279909663490e+00
1.708006337179600820e+00
2.388285797790030252e+00
3.189629079033775128e+00
2.298314164314074759e+00
9.955858303643598806e-01
1.964917037790243626e+00
1.448917525646286064e+00
2.610459753168742125e+00
3.621824949812398664e+00
3.015625906893997232e+00
4.323829711483755389e+00
3.856420344597114358e+00
3.099778248059483765e+00
-9.908835347150428685e-01
4.913392158523777198e+00
3.824916786731062501e+00
5.260244868497472304e+00
-1.901913060299187608e+00
3.615061129720431587e+00
3.615061129720431587e+00
1.955242616703741998e+00
1.415375967275509517e-01
1.554950385228716536e+00
1.545411346370474392e+00
2.209328224806363039e+00
2.319060063866869914e+00
2.664768617014123819e+00
1.858837316586708921e+00
-6.147148761829110963e-01
2.207818254645506961e+00
7.316384706748471078e-01
3.033994632357668308e+00
1.499437031747742122e+00
1.924790758457379347e+00
2.793004111127896483e+00
8.018233153054994400e-01
2.748236700807366262e+00
3.730539040789159877e+00
1.579328218668921480e+00
9.370908195977319943e-01
2.084737350146823598e-01
1.940228731298192510e-01
2.410969698467003486e+00
2.269405417162141170e+00
-1.670327379266830947e+00
2.746377843216463610e+00
1.919005999066150991e+00
8.447973130071525505e-01
1.075057299851715831e+00
3.068642278075226049e+00
2.120850183875004902e+00
4.173126736137726667e+00
1.402702917694223173e+00
1.402702917694222506e+00
2.668941241011066445e+00
1.678480127449655468e+00
1.789432094980956567e+00
1.791225268953196004e+00
5.113901984354606078e+00
2.127944717015830989e+00
2.295323017672260768e+00
1.721885570726165327e+00
2.605046504573835797e+00
1.930411782701336065e+00
2.482794868711675207e+00
2.482794868711675207e+00
2.270841351239555550e+00
2.270841351239555550e+00
3.260126248406300498e+00
1.901575117488937927e+00
1.901575117488937483e+00
2.409836658915945673e+00
1.599115252310795210e+00
1.915463625660936975e+00
2.672438208178826713e+00
3.481590455709124399e+00
1.112721783578881407e+00
2.847384553510356131e+00
-1.415688336713261108e-01
2.686304414201045265e+00
1.194913912304728099e+00
5.203645740380296481e+00
2.449416515939327965e+00
3.096874336171743014e+00
3.867841229659534363e+00
3.954893329541969926e+00
3.486103953424304791e+00
1.715453692161988730e+00
2.262358618956430867e+00
1.419799164282097514e+00
-1.339365247218046173e+00
4.136328049485468838e+00
2.155223475329929084e+00
-6.930985825071920292e-01
1.454093077977755000e+00
-6.305050444202953130e-02
9.123071113583562930e-01
9.909262543942428669e-01
4.007433529387182780e+00
-2.632722227058146292e-01
4.374544455620924310e+00
3.743141870974814545e+00
2.065894060568859825e+00
2.493224844138135055e+00
-3.848403617740072669e-01
2.752156114351172800e+00
1.701157099232753822e+00
1.406447457360102904e+00
3.472747515670347340e+00
8.411438483675113265e-01
9.175555507747247264e-01
2.386713519649418025e+00
2.386713519649418025e+00
-9.872406397770758790e-01
2.320466141939744986e+00
2.452416605556124729e+00
2.268781429538278438e+00
-2.227162554175807330e+00
2.028758852954335445e+00
2.720332904107311656e+00
2.424383516198502786e+00
2.442853579683410992e+00
3.019585680808919204e+00
3.019585680808919204e+00
5.004874676550200796e+00
5.891635004113676688e-01
3.392484667179732849e+00
3.126585514444163216e+00
3.224169528685472130e+00
-4.524009490344593765e-02
4.266417651240651310e+00
4.601169687066616554e+00
2.827352245343887738e+00
9.047595789342054440e-01
2.376633424937620642e+00
2.376633424937620642e+00
3.581505888186012676e+00
3.581505888186012676e+00
1.531516791483191975e+00
2.832480312777627240e+00
3.086993156268523109e+00
1.885876405965718039e+00
1.726071660005594310e+00
3.587165923977081228e+00
3.458385528539463571e+00
3.070883437552935469e+00
3.644787990436684666e+00
9.265624206677072205e-01
9.265624206677072205e-01
9.265624206677072205e-01
2.990330362896223004e+00
3.503946256916820268e+00
1.912140556400503399e-01
2.322504053012487191e+00
1.171299306624534742e+00
1.888044804163418799e+00
3.687478861000587749e+00
1.086929285241713838e+00
2.154550887598091879e+00
2.165564990962952852e+00
5.615961228685648621e-01
2.051146133858792631e+00
8.444509186208755125e-01
2.951034865905856286e+00
1.801771239722650186e+00
4.186790730398778138e+00
8.055419474811392755e-01
4.017900755348895458e-01
9.915626323001653919e-01
-1.233726751944657085e-01
3.855364691927229970e+00
1.793019710050673510e+00
1.163542163805340923e+00
1.181004673917827930e+00
3.733691733281979452e+00
8.343938279346856390e-01
-9.553722954744190421e-01
-1.063327731765183026e+00
1.163954057081058702e+00
2.097155905387522168e-01
-1.860469970850269217e-01
5.606117315864275197e-01
2.955413580354842473e+00
9.005600537089708535e-01
2.503223480396655098e+00
2.172917439621749658e+00
3.118328512958507659e+00
-1.715391334085902830e-01
4.489587662232821685e+00
3.642249991044964830e+00
1.312843455525185554e+00
1.494170762880540515e+00
4.096869905938006262e+00
1.294474566734779009e+00
2.250646346759567429e+00
-7.563731935500535020e-01
2.913314542234001436e+00
1.918798681893925107e+00
1.918798681893924662e+00
2.085797126556757863e+00
1.858858045937041847e+00
1.858858045937041847e+00
1.858858045937041847e+00
3.964866297718805832e+00
4.566076844476538721e-01
1.315404899696920316e+00
2.041504373256074256e+00
1.745118235978725618e+00
3.455970000068620429e+00
2.177606968030978862e+00
6.491900005252817518e-01
1.317379597119496148e+00
2.356044325193286326e+00
1.048660452416567468e+00
2.289130155839353087e+00
5.552361399785911367e+00
-3.252318819809869588e-01
2.459911652619233280e+00
1.859823314105006009e+00
2.118137065727385249e+00
2.118137065727385249e+00
4.398745836544341259e+00
7.915066899967015956e-02
3.312169530100093517e+00
1.375983441337242708e+00
1.112746458678651074e+00
1.337165644155274391e+00
5.526140730166705373e-01
5.526140730166703152e-01
2.031077261283505742e+00
2.459634038954774837e+00
-7.564160470197072161e-01
5.103220082144545700e+00
3.166743797235224811e+00
1.551474191210534093e+00
1.551474191210534093e+00
1.551474191210533871e+00
1.551474191210533871e+00
1.551474191210534093e+00
2.483231158866356036e+00
2.483231158866356036e+00
7.813458030887568961e-01
1.913186694620410133e+00
2.452115645941818300e+00
1.292984158352832091e+00
1.292984158352832313e+00
1.292984158352832758e+00
2.403004745148843657e+00
3.472235157541784467e+00
4.635615813149694953e-01
3.536991783185925442e+00
3.638495558410880015e+00
3.525648250615937229e+00
-2.511301634618947620e-01
2.649044883574016129e+00
2.649044883574016129e+00
3.492860466618949111e+00
1.584974937628018221e+00
1.584975090265879683e+00
1.584974937628018221e+00
1.584974937628018221e+00
1.584974937628018221e+00
1.401750485667797363e+00
3.363636746771597963e+00
3.536991783185925442e+00
1.385842380821311393e+00
1.485380813160992464e-01
-1.466516479821031060e+00
4.676945312086332684e+00
4.676945312086331796e+00
3.464130589765786361e+00
8.385450525975827185e-01
2.984619116911308545e+00
2.751908335240734527e+00
5.015196947052151799e+00
3.831282240836475061e+00
2.982211406355279149e+00
3.519215757031146197e+00
2.760108897163627617e+00
2.914995020827985783e+00
2.107331477854598845e+00
3.011004253059885727e+00
3.535279767119594574e+00
1.714274788392578852e+00
3.047874422277402573e+00
3.704114769935617169e+00
1.847109611048332933e+00
1.558260112811551412e+00
1.137443000785827163e+00
2.703269723758316534e+00
4.879856803899342843e+00
2.757967724355488759e+00
3.489032907917005488e+00
3.956699469931988844e+00
4.530761111430263277e+00
1.120929256522708695e+00
1.516370180600042028e+00
-1.137362874202625607e+00
2.594725738114894931e+00
3.334377277038722553e+00
3.279956683019101149e+00
5.005621132847161370e+00
-1.344467401590281330e-01
1.562918636894767843e+00
5.414606521779387727e+00
1.719771372350929806e+00
2.569295793490906199e+00
9.699236198664602515e-01
5.592315749494753963e-01
1.759761843868946629e+00
1.058993666565961611e+00
1.623895396368743471e+00
1.312206843175650839e+00
1.044678282296550353e+00
7.046994228461800347e-02
1.356933422156839208e+00
1.690275113604424950e+00
2.107155579464687456e+00
1.402745360150944975e+00
4.275356086175875703e+00
2.358473906297884337e+00
8.408750374565424623e-01
2.817155761111339807e+00
1.797939561894673188e+00
1.797939561894673188e+00
5.014851302023132007e+00
-4.113774102911236241e-01
1.563504466184602260e+00
2.022452143670489644e+00
7.133167877092593256e-01
3.557043268447723783e-01
-6.096123962853978728e-01
2.292581711015567070e+00
8.565709322524022173e-01
-6.697755240449112524e-01
1.571559762973167684e+00
1.311126158833181732e+00
1.145218582332907742e+00
3.678000052440604684e+00
4.244160967420302910e+00
3.134235490852036676e+00
4.587703150504635730e+00
4.919239552537504778e+00
3.054694223086363181e+00
2.568268780233867510e+00
-8.871767768415319555e-01
3.800369054954860104e+00
1.420911013736006145e+00
2.168167752900503675e+00
1.789750064520971407e+00
1.764756158848395096e+00
3.612655494067846806e-01
4.520462728264672769e+00
-1.816881444273679369e+00
1.877069284677259642e+00
2.864114950042202068e+00
2.164763962182115975e+00
3.506392508266009678e+00
3.505786004101668851e+00
9.112645300817201477e-01
3.074851757033465471e-01
2.822499614308770166e+00
3.792374517598553485e-01
-1.751174641003396593e+00
-2.476751920578184496e+00
-1.099231866883267239e+00
-2.011331052025184363e+00
3.681561504139487795e-01
-6.555257020377320831e-01
7.254009303254776997e-01
-1.780715040550737926e+00
-2.078290105352508021e+00
-6.847913414395543352e-01
8.078159090675631759e-01
1.031772553636850276e+00
4.985800300692965203e-01
1.608335294889445821e+00
1.608335294889445599e+00
1.608335294889445377e+00
-1.228970473350606829e+00
9.367063213737577554e-01
2.081171544942443941e+00
1.236819072657262986e+00
3.848154671123696247e+00
-6.723518923868805341e-01
-4.162231289998179484e-01
1.702534521454766692e+00
-2.182015084811772532e+00
-5.528644603617229869e-01
-6.721618297651483775e-01
-1.666992344601856191e+00
1.776091371386788520e+00
1.776091371386788520e+00
6.575944629228193117e-01
6.575944629228193117e-01
6.575944629228193117e-01
3.179316363699072667e+00
2.038070046601243579e+00
1.750813962681211589e+00
2.839774012770201139e+00
1.283272038517762725e+00
7.785773976243052230e-01
-1.737568524260179492e+00
-2.065080712923989203e+00
1.180044851123818628e+00
2.461650501437289584e+00
1.945851380379364226e+00
-1.632184353562942780e+00
-1.026875302420030556e+00
-1.221767055434654248e+00
-7.035136497831693259e-01
-5.787209658952747748e-01
1.137578400016841851e+00
7.831491749584079676e-01
1.454428576420125463e+00
1.683223090680680656e+00
2.338408118617474329e+00
7.970881051327763922e-01
1.777759633071993361e+00
1.442910024126625723e+00
1.854096451543455260e+00
2.008196633794708585e+00
2.134324549664559090e+00
1.701219880823984898e+00
2.712193945359697267e+00
-1.898423109207347803e-01
2.168591724398077680e+00
2.168591724398077680e+00
2.168591724398077680e+00
2.869349693749851937e+00
3.898619817113451624e+00
1.289694241053968460e+00
2.687482471563138020e+00
-1.352608503486275149e+00
1.009869695997749783e+00
-6.507167852128443730e-01
3.947299357341071513e+00
5.244341320601687784e+00
7.659981171685784629e-01
3.986439401440108554e+00
2.601075341653240169e+00
6.771311984585965948e-01
-3.431889771005209866e-01
1.614088490416893729e+00
1.614088490416894173e+00
2.053724021539730771e+00
-2.171204942017062045e+00
3.924969699450609362e+00
2.814462336170981516e+00
2.305980520075330720e+00
3.022620162444859648e+00
4.280242199861381103e+00
-1.539100235320062682e+00
-2.282634683931886954e+00
3.171841929945708127e+00
1.178247987251040962e+00
2.641958918985337412e+00
-7.340391976174542865e-01
2.829559914999601578e+00
3.740033753376059700e+00
5.623103478879393435e+00
2.698483287858024937e+00
-1.689961929549171460e+00
1.639310873666991908e+00
2.134211482944194049e+00
2.885821712017656360e+00
5.874602038460339237e-01
2.656911366885995829e+00
5.484749938920404633e-01
5.484749938920404633e-01
2.315419121923546264e+00
1.821317755362162449e+00
1.821317755362162449e+00
2.742446682164234595e+00
6.756912864203691305e-01
9.600453305385587832e-01
3.574976642583751918e+00
1.605208417585633818e+00
1.605208417585633818e+00
1.605208417585633818e+00
1.363679648868839855e+00
1.170431590190407878e+00
1.170431590190407656e+00
1.513396475417573939e+00
2.577140753480775981e+00
9.392498809831498763e-01
8.091927588864826770e-01
3.783674699437296951e+00
1.621321041671070384e+00
2.091796926099926068e+00
2.091796926099926068e+00
2.091796926099926068e+00
-2.984246096408604831e-01
9.560806628201199420e-01
1.707541189218954258e+00
1.038498029839992842e+00
1.038498029839992842e+00
7.641607126133974637e-01
2.135728961881042665e+00
2.360390032594907428e+00
2.425418883526431646e+00
3.404435151729860998e-01
3.447207310568050964e+00
7.294304886808250510e-01
2.146493602115935762e+00
2.146493602115936206e+00
2.146493602115936206e+00
2.146493602115935762e+00
1.846563586586214445e+00
1.846563586586214667e+00
2.095711586723422837e+00
2.355321439266409467e+00
1.639981203370336926e+00
1.729502555114921458e+00
-8.110452138844423953e-01
1.319712939427621912e-01
1.745353441300503849e+00
1.745353441300503849e+00
1.745353441300503183e+00
1.745353441300503183e+00
1.745353441300503627e+00
2.077767949661255997e+00
2.077767949661255997e+00
3.036218903113863998e+00
1.853907769923104354e+00
1.853907769923104354e+00
3.398636032739128510e-01
3.342383770003425347e+00
2.188859360763209416e+00
2.188859360763209416e+00
-1.093924063359380083e+00
8.852429838457998024e-02
4.340336871021413856e+00
3.029490180347390371e+00
2.186372084169722285e+00
1.714977542100377672e+00
1.714977542100377672e+00
9.751217735882951043e-01
4.581245305484138441e-02
7.401692983691816607e-01
2.185953796617066125e-01
-4.539772139912181537e-01
7.529817121492289322e-01
9.375285448015179268e-01
9.859613618613802810e-01
2.185953796617066125e-01
2.180688733629566833e+00
1.600283822675233614e+00
9.968266040673319228e-01
3.082130585838728454e+00
-4.546892898271974737e-01
-1.520175293596439881e+00
-1.309566226775880304e+00
2.411640034816832756e+00
1.135044452943446025e+00
2.434049118869197947e+00
4.060690269643632000e+00
2.306909365545426915e+00
6.963464444524619656e-01
2.894509688453152041e+00
2.026820539502871998e+00
2.026820539502871998e+00
2.026820539479010197e+00
1.778890781219564232e+00
3.547713229702774029e+00
2.429901403108509328e+00
1.032339654166479104e+00
1.032339654166479104e+00
3.407111386225823324e+00
8.471640363077179714e-01
1.983345560061608781e+00
9.214069197486174367e-01
3.991463331204604614e+00
3.524999182369029427e+00
3.423406094122086962e+00
-3.702148637909936646e-01
-1.196673229878304490e-01
4.660115106198848167e+00
3.072344588995815862e+00
5.780818570768889719e-01
1.482128946666243507e+00
1.482128946666243730e+00
1.482128946666243730e+00
1.601124082180501063e+00
1.601124082180501063e+00
9.105115430887524841e-01
9.105115430574159952e-01
9.105115430574159952e-01
9.105115430574159952e-01
8.138030140325576145e-01
8.138030140325576145e-01
1.097468471537813350e+00
1.221974606337359770e+00
1.221974606337359770e+00
2.709124277529704194e+00
2.709124277529704194e+00
1.768723131583775698e+00
1.616508989104975758e+00
1.616508989104975758e+00
2.422352697298606472e-01
2.422352697298606472e-01
1.217635549337090728e+00
1.217635549337090728e+00
2.656586456043563693e+00
2.656586456043563693e+00
3.798974496560229674e+00
5.142031607416002181e+00
8.852429838457998024e-02
4.363434512926731124e+00
3.614963345862594934e+00
3.391243638892610157e+00
1.131268339341013451e+00
7.638471668747210952e-01
9.745770832306617226e-01
1.768723131583775698e+00
9.144246525798358505e-01
3.162240140833914026e-01
3.124577866514202551e+00
3.080441334200309633e+00
2.358038738563467351e+00
1.891052801479594869e+00
1.891052801479594425e+00
1.476711139012012897e+00
1.476711139012013119e+00
1.476711139012012897e+00
1.545014671880527768e+00
1.545014671880527768e+00
3.683535176745069251e+00
3.683535176745069251e+00
1.429275141856672704e+00
1.429275141856672260e+00
1.523063133716862749e+00
3.225200709988866876e+00
2.990941686713220804e+00
1.415315317626302249e+00
1.415315317626302249e+00
1.541050469777752063e+00
4.298243201929442314e+00
1.091743307911271055e+00
-4.746539310107069642e-01
2.328717374034602550e+00
1.881880786134941141e+00
4.922162706176242963e+00
8.676481459685021491e-01
3.956072354156159321e-01
-2.685252413661254334e-01
-1.246396518608638759e+00
1.722970504342990816e+00
1.722970504342990816e+00
1.722970504342990816e+00
2.056295669033815887e+00
1.249780338897663157e+00
2.380737093208622035e+00
-9.278881585766647344e-01
1.562549787217509589e+00
3.302282176556097681e+00
2.936599214437550120e+00
2.263942587894603342e+00
1.430086583754710983e+00
3.858951135120423093e-01
-2.171204942017062045e+00
3.377098198020963338e+00
2.412593942508526101e+00
3.492077735732389776e+00
4.384328164436620767e+00
3.773327189407512883e+00
2.282024196227507851e+00
1.524162134476110486e+00
8.635460011987601270e-01
-1.384018652666329396e+00
-1.409261826609523593e+00
-9.527166039082668458e-01
-1.644505527456759930e+00
2.141684647299774813e+00
2.240348389333063128e+00
1.111983050672703532e+00
1.305524231377454436e+00
7.316432852091740990e-01
4.076246615803412965e+00
4.825385283704659578e+00
2.892920187117725028e+00
-1.813961726986865974e+00
-1.555648072167960860e+00
3.676937670864930396e+00
3.900579169101933807e+00
5.078224453875637145e+00
5.014868495547217364e+00
4.305470049480196515e+00
9.471757622424834544e-01
2.220390752565127634e+00
3.565587963585604037e+00
2.262643913276485730e+00
2.262643913276484842e+00
1.395841483989684662e+00
2.324555837473923248e+00
4.670807613091016108e+00
3.624186533127290666e+00
1.374789577538589436e+00
3.839121020071870838e+00
2.727844752950967511e+00
4.372721471296394213e+00
2.638953257022983223e+00
6.531061428986933981e-01
8.203740712510622091e-01
8.333483879036718278e-02
1.436420325068261450e+00
4.201831318471524135e+00
3.043382510494970994e+00
2.690753129307223546e+00
3.217520987548691203e+00
3.200317141168511625e+00
2.031193163316302286e+00
4.056315726779502473e-01
6.464156274383209277e-01
2.661237236959430597e-01
2.661237236959452801e-01
8.511075169960833353e-01
5.494953343027498827e-01
3.801250271378729728e+00
1.717636505072510866e+00
6.371847097506638802e-01
2.076813630166418179e+00
4.629782283294727740e+00
9.736020753831344798e-01
3.430661029763525161e+00
1.338915595960256999e+00
1.447965345139366145e+00
2.387308968192217051e+00
1.815446092616491702e+00
-1.276801110764652636e+00
-1.932885542153775615e+00
7.230446036514237562e-03
-9.943046655370268994e-02
1.624597217310939534e+00
4.020907622998529440e+00
2.131347543205275308e+00
9.656797348402899051e-01
4.135367131383263839e+00
5.116542729861863315e+00
3.056101713483741822e+00
3.027403419881864899e+00
3.537083532479213588e+00
2.237093749268383558e+00
-1.777797925815765234e+00
3.118785982866784767e+00
2.959918291024962400e+00
1.602710316892206110e+00
4.210009079236752605e+00
2.965026663371332027e+00
2.307576146994383404e+00
8.227936681129888186e-02
3.190297369281640982e+00
-4.533450588313245877e-01
-1.007132457370245815e+00
-2.952419652408435624e-01
-8.555280644435117043e-01
-5.913259420873238081e-01
1.008548668554463124e-01
4.277249720276285139e+00
3.475908629351904811e-01
-1.585369922914785512e-01
-1.585369922914785512e-01
-1.585369922914785512e-01
5.091807262001113443e-01
5.091807262001113443e-01
5.091807262001113443e-01
-1.628599869933968769e-01
-1.628599869933968769e-01
-1.628599869933968769e-01
1.744031850178187071e-01
1.744031850178187071e-01
1.744031850178187071e-01
1.744031850178187071e-01
1.744031850178187071e-01
1.744031850178187071e-01
1.685100710285709624e-01
1.612796687231219384e-01
5.315586937550023094e-01
2.185666713556670970e-01
2.031704166357162222e+00
-8.466949486262154156e-01
-2.272102962108137891e-01
-7.876033544865304048e-01
5.115383932744398399e-01
5.115383932744398399e-01
-3.899406820479736080e-01
3.036101090527553836e+00
1.614088490416893729e+00
1.614088490416893729e+00
1.614088490416893729e+00
1.614088035435218504e+00
1.614088035435218949e+00
1.486744042498094442e+00
1.486744042498094442e+00
1.089797370327669324e+00
2.053724021539730771e+00
1.089797370327669324e+00
2.053724021539730771e+00
2.053724021539730771e+00
4.325667279988702596e+00
4.819300185971080452e-01
1.342259068315473147e+00
3.311941722088996620e+00
2.130123266193872933e+00
5.395398688469798643e+00
4.447368934155988995e+00
1.499437031747742122e+00
1.815903722300715284e+00
2.734529154718028376e+00
1.599355833912890823e+00
2.966506731065131852e+00
3.543671972519382152e+00
2.539963343768706139e+00
4.384629859839913379e+00
3.603786779163751675e+00
4.564441021463963466e+00
2.355431270152768874e+00
-1.630882615596246810e+00
1.952620861310416789e-01
3.428766975147132356e+00
3.622654787475749316e+00
4.428113593174614060e+00
3.829899113315366144e+00
1.580966920955469757e+00
-9.340670748856776395e-01
-5.611212580696196550e-01
4.204497255066033112e-01
-1.997861656735017144e+00
6.871858820146914404e-02
3.498257481572638383e+00
-6.160029326823741602e-01
2.770660915849973982e+00
2.435956767867555328e+00
-9.510490444941808175e-01
1.489674689395935170e+00
-6.128948139157477382e-01
4.472693329724288347e+00
-7.567292637748759265e-01
-1.404485920737061244e+00
-4.253861728658563379e-01
-7.633326563715987501e-01
2.435241677951085926e+00
5.304094200965895567e+00
1.199810830402397333e+00
4.308989513963957130e+00
1.996761972978354116e+00
2.924080669766895291e+00
2.317399012772181521e+00
2.362992833762440625e+00
2.362992833762441514e+00
2.844182312426376313e+00
5.113810166204091345e+00
5.207744430743548314e+00
-5.165689982186658646e-01
2.644475590069307991e+00
9.308730292342671797e-01
8.701255775171149454e-01
7.496807165973080611e-01
2.832217945680687521e+00
-1.617385651521301426e-01
6.313837103767138137e-01
1.055947880183180754e+00
3.392245219902663145e-01
2.438638986864653191e+00
2.204920579553326654e-02
9.307966862496251936e-01
2.995217831500674777e+00
5.067197793290055152e+00
4.985322881764522762e+00
2.283218336044376517e+00
-9.955839486247419767e-01
2.251461338758866226e+00
1.603226514210926101e+00
2.636886339502853005e+00
2.403563977094403725e+00
-5.533087353895982385e-01
6.304811113742644357e-01
-9.553722954744190421e-01
-1.373319035260939236e+00
7.028608419088100412e-02
-2.112636918049565438e+00
4.357429648708454728e+00
1.803654731280337264e+00
2.519710486483984102e+00
2.519710486483984102e+00
3.100421602742156058e+00
2.056096049473337128e+00
-1.122326435340776252e+00
1.508618848211994212e+00
-1.997887688594660593e+00
1.097531409806579816e+00
8.511075169960834463e-01
1.954314997233802753e+00
2.063321016549663156e+00
2.997066718174401956e+00
3.292256147855190385e-01
-7.346459502067104186e-01
-7.636697450170439883e-01
3.250612136446162648e-01
-2.286886651598867282e-01
9.023674850620044818e-01
1.172173723706618986e+00
2.701146555032341912e+00
1.841869156327812229e+00
1.981511386296376243e+00
1.920587109835525164e+00
1.474594248149945885e+00
8.004522385384423844e-01
9.023674850620042598e-01
7.501457857182614042e-02
-4.590687429082449533e-01
1.432960680672966669e+00
1.920587109835525164e+00
1.474594248149945885e+00
6.246195389904563022e-01
4.420602169831049366e-01
1.402745360150944975e+00
2.186714952591295447e+00
1.398201111236089034e+00
5.701404664179353654e-01
1.044678282296550798e+00
-2.225160961451611019e-01
2.344284397885967319e-01
4.301731681250142714e-01
-3.972259828958735195e-01
1.577283879674881817e+00
2.186714952591295447e+00
2.186714952591295447e+00
1.102885078443919031e+00
1.883225991589223991e+00
2.955537300612334217e-01
2.344284397885967319e-01
-2.399176923551558094e-01
4.301731681250142714e-01
3.455970000068620429e+00
2.063512263010513603e+00
1.056289579373397958e+00
1.706442878371110528e+00
1.202831531157251943e+00
2.144160537066054140e+00
8.454674374040166418e-01
9.999978619462994711e-01
1.703791915593172224e+00
-8.875718101218676992e-03
3.783674699437296951e+00
2.283659691086963761e+00
1.791645619141494894e+00
2.478584918496293810e+00
1.582778767449045221e+00
1.106300681640198569e+00
2.373806051758480251e+00
1.177027383395278681e+00
1.177027383395278681e+00
3.163091232777412998e+00
1.941945548774095087e+00
2.216112642327064730e+00
2.643176102449588782e+00
2.709637298983153642e+00
1.635177411361918853e+00
9.455742468018930591e-01
2.842697479117497927e+00
2.181180179438833466e+00
8.004522385384423844e-01
1.505907996163964313e+00
1.791645619141494894e+00
1.728284747260788734e+00
1.589150794379202036e+00
4.128986602476210521e+00
1.582778767449045221e+00
2.521715065502854625e+00
3.105742831709534801e-01
1.704718273007885365e+00
1.577283879674881817e+00
9.370177613848598153e-01
2.994025559405512737e+00
9.873865936467445259e-01
1.851826568905454273e+00
4.117141529549033230e-01
2.697997347324604611e+00
1.107657008403458487e+00
1.941945548774095087e+00
2.235869074734092354e+00
9.907874128383230561e-01
4.712152781307805682e-01
1.403090409465150401e+00
-1.061944178777127989e+00
-7.634296198906433961e-01
-2.531598530404566283e-01
-2.531598530404566283e-01
-1.578058140737865767e-01
-1.267892036763256236e-01
-7.548041988195641760e-01
-2.632722227058146292e-01
-1.877069950797771947e+00
1.066729967312498362e+00
-1.301892082464295219e+00
-1.404485920737061244e+00
-1.578058140737865767e-01
-2.300013418711384094e-01
2.692642699738494461e-01
1.017808690343226852e+00
2.500004964754047876e-01
2.569186687725351081e-01
9.023161143774859339e-01
4.692395397652062705e-01
-4.371793159187997713e-01
1.398201111236089034e+00
-1.303876988600072506e+00
-1.578058140737865767e-01
-7.464882506709364929e-01
2.386718033879269285e+00
1.890363646405856635e+00
2.026820539479010197e+00
2.026820539479010197e+00
-4.642416147461516651e-01
2.231542290515247107e-01
3.403405382944681978e-01
2.026820539479010197e+00
6.645371616930101366e-01
2.019110166980973897e+00
2.782554604151518340e+00
2.085797126556755643e+00
1.905518417437294776e+00
-1.011152022528616579e+00
3.145089838895484213e+00
2.818809219202191407e+00
-2.165538121606583211e+00
-2.131375623811666564e-01
9.655643021970772288e-01
6.235100083941733651e-01
7.676571505374726323e-01
5.909944210278353927e-01
-1.068435835198660255e+00
1.073751095368653541e+00
4.385230056004869592e-01
-8.456369763924416194e-01
-2.898768656093837492e-01
6.445724045332064112e-01
8.780657484821517977e-01
1.378630680673786246e+00
1.902164100381558365e+00
8.066410566128499049e-01
1.511442953540188761e+00
1.063460715630911713e+00
5.134792322916876817e-01
5.049892417585900573e-01
1.099021872286052970e+00
1.099021872286052970e+00
7.970881051327763922e-01
5.116672916793624237e-01
-8.664456276815244440e-01
1.750642794991694728e-01
-8.544230954289042668e-01
1.614088490416894173e+00
5.690033829515109831e-01
-1.407133330749212874e-01
-4.129304762750847235e-01
-7.619312656343211199e-01
-1.463440583578387910e+00
1.797551310435918648e-01
1.509942431525557183e-01
-2.975530978154414807e-01
9.308976798448026502e-01
-5.657931159168956281e-01
1.104881701236499536e+00
4.301731681249973960e-01
2.869678382935449967e-01
3.737608426088618874e-01
2.241170100465557091e+00
-6.431569652225992417e-01
-2.275783814935716798e-01
2.928216714893789430e+00
1.316366200561909672e+00
-1.287680269906177122e+00
7.642511918100347579e-02
1.089797370327669768e+00
2.195813165661994137e+00
-1.442792808498970958e+00
-1.688020810696476248e+00
4.276230073160958156e-02
1.474870013909267641e+00
1.858858045937041847e+00
1.108322098305822401e+00
2.041450980149950301e+00
2.091796926099926068e+00
2.224427305885133599e+00
7.175144283893444275e-01
3.555363289953943351e-01
2.362992833762441514e+00
1.570935766492774333e+00
3.552256399793187747e-01
8.828039324429459711e-02
3.105742831709534801e-01
1.338711411011584751e+00
3.163868061201031701e+00
7.658745563753805996e-01
5.298761991322507026e-01
1.957769925292357494e+00
1.562570384115083089e+00
1.098995187032000720e+00
1.707511581459044026e+00
2.256703262497499196e+00
6.130205543000901702e-01
5.891635004113676688e-01
2.012712798808946602e-01
1.328516700913227044e-01
9.252799638329654019e-01
1.031510947845779569e-01
1.066729967312498140e+00
1.020785194150906960e+00
5.674753380635020328e-01
8.380369334541410975e-01
4.692395397652064926e-01
1.402745360150944975e+00
4.146225110371084988e+00
4.036273799119065586e-01
2.128406771111117646e-01
2.355321439266409467e+00
-8.319141387843258517e-01
9.347971742316592003e-01
1.738457715427547345e+00
1.795024477055200851e+00
1.735007396353521081e+00
3.121094241385849788e+00
4.218722491796796703e+00
3.658606367169312534e+00
4.218722491796795815e+00
7.641607126133974637e-01
2.827352245343888626e+00
1.398026830028624046e+00
1.398201111236089034e+00
2.026820539479010197e+00
2.073023797417140379e+00
2.314524134609543982e+00
3.324508891027691426e+00
2.314524134609543982e+00
8.699586999856319114e-01
5.484749938920404633e-01
5.938050500436734547e-01
5.001766163197846060e-01
2.827352245343888626e+00
1.497482359845597299e+00
2.073023797417140379e+00
3.536991783185924554e+00
-1.628599869933966549e-01
2.827352245343888626e+00
2.612039438714837125e-01
1.294474566734779231e+00
-1.383921895810533931e+00
2.073023797417140379e+00
2.827352245343888626e+00
9.047595789342054440e-01
2.671223795975308235e+00
3.243050621815699586e+00
1.375983441337242708e+00
1.761551676063408678e+00
2.693553561839646449e+00
-4.902184452941082959e-01
-1.628599869933968769e-01
2.073023797417140379e+00
2.091778764038210170e+00
2.071682281180573515e-01
-7.012850213236054842e-02
-1.252206404744366841e+00
-1.055923237544895477e+00
-5.899953638202621864e-01
-2.449802616837191138e-01
2.550776815348012594e-01
-1.253256002652931356e+00
-8.835085576860104428e-01
-1.765965507056918016e+00
-5.899953638202621864e-01
1.943952306230204874e+00
1.302829670690356156e+00
5.526140730166703152e-01
1.163588862219223641e+00
1.764923673016987493e+00
-7.612065919806092484e-01
8.689812053812132620e-01
9.105115430887520400e-01
1.302829670690356156e+00
-1.298058608025584038e+00
-3.768470259152412183e-01
1.570864714155675523e+00
2.305231986518341714e+00
2.818809219202191407e+00
1.112801527414043257e+00
2.652480964139697139e+00
3.565587963585602260e+00
-1.420601880640512960e-01
5.156208268571610409e-01
1.164849058099865386e+00
8.229231834737030793e-01
1.621321041671070384e+00
1.234075034594583453e+00
1.518596126877908237e+00
-3.848403617740072669e-01
7.875536731611575414e-01
-1.098028869756699777e-01
-2.171204942017062045e+00
3.019608019019401901e-01
-1.011152022528616579e+00
-2.272102962108137891e-01
3.475908629351904811e-01
-2.272102962108137891e-01
1.614088490416894173e+00
8.226982451158582066e-01
8.073420177650565410e-01
4.299283604700081529e-01
1.188318658587803611e+00
2.143049654699342277e+00
4.163387217115865901e-02
-1.341299096917181410e+00
2.232267632474995711e+00
1.170798531075179838e+00
4.505544574366475707e+00
4.505544574366475707e+00
3.997251945355597691e-01
5.303036039936512847e-01
2.232267632474995711e+00
1.387357332791867792e+00
-4.807494836158936469e-01
1.633910245568833242e+00
1.898221144499257385e+00
1.242153296197324064e+00
-7.033218138085817195e-02
9.992635952449742121e-01
2.912917916686892372e-01
3.739137968295087600e-01
7.137074738264661544e-01
3.934508350352745598e-01
-9.544351726092432653e-01
1.360536793825767976e+00
9.699236236159141100e-01
1.225219445864822454e-02
1.787423108110516079e+00
1.901289479427639595e+00
6.242640429752401854e-01
4.385230056004869592e-01
-8.871767768415319555e-01
1.506520199707609864e+00
7.595212368233426048e-01
4.385230056004869592e-01
-3.669394320849532765e-01
4.895099155634373700e-01
9.672304678243862641e-01
7.159969641307242227e-01
9.702128522881037220e-02
8.286888655987733054e-01
7.501457857182614042e-02
5.049892417585900573e-01
1.403090409465150401e+00
4.184343570590665085e-01
-1.121024126726209547e+00
2.168591724398077680e+00
-1.407133330749212874e-01
2.424579042411736829e+00
2.242713327066617968e+00
-4.129304762750851676e-01
-1.407133330749212874e-01
-4.748732888254303397e-02
1.374579170822957996e+00
-4.534420436218977724e-01
8.921980538109435255e-01
-2.061104587241255892e-01
7.641607126133974637e-01
7.641607126133974637e-01
4.581245305484138441e-02
2.231913888542136348e-02
2.232267632474995711e+00
1.003656969273301502e+00
2.232267632474995711e+00
1.745353441300503627e+00
5.755015700501685538e-01
9.375285448015179268e-01
1.402745360150944975e+00
1.381580741964586023e+00
1.303018099926206430e+00
9.994655312185041218e-01
-9.828787690253193432e-03
2.241170100465557091e+00
5.780818570768888609e-01
1.508618848211994212e+00
3.683535176745069251e+00
1.745353441300503627e+00
-1.860304539900058396e+00
-2.275783814935716798e-01
1.002292918618427287e+00
3.925112529810217410e-01
1.356953358286566713e+00
2.661237236959457242e-01
-2.732401708508185312e-01
9.784442101516499513e-02
-6.601051101435213564e-01
-4.104541379664115031e-01
-4.631201911998534815e-01
-2.676898232166879943e-02
4.204497255066037553e-01
5.431389602597053168e-01
1.566553163990471287e+00
1.038498029839992842e+00
4.276230073161002565e-02
3.707328236928415066e+00
2.283745493897676226e+00
1.627870977432815058e+00
1.627131361267280418e+00
1.745118235978725618e+00
1.878993975810018036e+00
2.632787530856151470e+00
-4.149818351958773910e-01
1.337165644155274391e+00
2.362992833762441514e+00
2.605973401387433608e+00
2.633330197184862165e+00
1.693530342360635377e+00
2.246780804173027057e+00
8.024086494001566594e-01
1.498345163944419411e+00
2.421957015281674952e+00
2.192478042422254969e+00
3.581505888186012676e+00
8.990329053306035378e-01
8.380369334541410975e-01
1.398201111236089034e+00
1.402745360150944975e+00
-7.035136497831693259e-01
-1.307010211779121578e+00
5.938050500436734547e-01
7.641607126133974637e-01
2.827352245343888626e+00
-1.628599869933966549e-01
2.073023797417140379e+00
5.938050500436734547e-01
7.641607126133974637e-01
3.019585680808920536e+00
2.827352245343888626e+00
1.551474191210533649e+00
7.813458030887565631e-01
2.073023797417140379e+00
9.519237785901299986e-01
3.755932656934561908e-01
4.151821206141379506e-01
-1.011266222737532638e+00
-7.321267719763369097e-01
-3.383957376104032022e-01
-1.420601880640508519e-01
1.164849058099865386e+00
8.229231834737030793e-01
2.008098874228184449e+00
1.234075034594583453e+00
1.508618848211994212e+00
8.689812053812132620e-01
3.019608019019401901e-01
3.475908629351904811e-01
2.143049654699342277e+00
1.558127233249990473e+00
1.093735964599610533e+00
2.085737564787879528e+00
1.930411782701336065e+00
1.915463625660936975e+00
1.242153296197324064e+00
1.898221144499257385e+00
2.232267632474995711e+00
5.005505864707544550e-01
4.467346822927057426e-01
8.286897141219095042e-01
1.378159365776147283e+00
5.192764312409716698e-01
8.259115065007364143e-01
7.498512512283794784e-02
-1.145498216278627579e+00
1.403090409465150401e+00
3.055565959255464925e+00
5.653129775602258045e-01
1.150915003525543767e+00
8.078159090675632870e-01
9.558605136793887347e-01
7.529817121492289322e-01
2.438004095775653468e+00
1.170265555831240256e+00
1.381580741964585801e+00
1.038498029839992842e+00
1.303018099926206430e+00
4.036273799119065586e-01
1.398201111236089034e+00
3.363800770883119906e+00
1.320286854725716275e+00
-1.539100235320062682e+00
1.745353441300503627e+00
5.780818570768888609e-01
9.105115430887520400e-01
1.745353441300503627e+00
1.390207206018748254e+00
1.002292918618427287e+00
2.995912495542278897e+00
1.785009309325990889e+00
5.091807262001113443e-01
-2.732401708508185312e-01
1.614088490416894173e+00
3.363636746771596631e+00
-1.052585445173076062e+00
1.072117616939861628e+00
1.401148123717002036e+00
-2.732401708508185312e-01
1.082356430751368670e+00
1.536371953968829862e+00
1.149327972033859391e+00
1.811085107342592426e+00
7.175144283893444275e-01
1.278143224715603266e+00
1.577283879674881817e+00
1.432960680672966447e+00
1.177027383607030186e+00
1.176853338001687677e+00
1.654396247278818066e+00
1.635177289287411684e+00
1.132750147410960917e+00
8.990329053306038709e-01
1.501208247778169635e+00
-1.860469970850269217e-01
3.325974485463625285e+00
-8.336852760476654023e-01
-1.131411825028750817e+00
1.707541189218954258e+00
1.300285971880636104e+00
-1.252687313127949453e+00
8.689812053812132620e-01
1.302829670690356156e+00
2.217646424885595824e+00
1.261271833478480708e+00
-1.786369880455935810e-01
1.112801527414043257e+00
-1.420601880640512960e-01
8.996683198669734871e-01
1.211122423687157168e+00
1.164849058099865386e+00
8.229231834737030793e-01
1.570864714155675523e+00
-1.098028869756699777e-01
3.019608019019401901e-01
5.116672916793624237e-01
-9.460642224347910467e-01
-2.272102962108137891e-01
1.614088490416894173e+00
1.150915003525543989e+00
2.313392917906720747e+00
2.143049654699342277e+00
3.140814005782558649e+00
1.767066281805492967e+00
2.924899616793370960e+00
2.760658402362788699e+00
1.402702917694222950e+00
4.593575158765447197e-01
1.930411782701336065e+00
2.270841351239555550e+00
1.898221144499257385e+00
1.242153296197324064e+00
7.137074738264661544e-01
1.234075034594583453e+00
1.858858045937041847e+00
1.008985772591920682e+00
1.360536793825767976e+00
1.901289479427639595e+00
4.356318998370722895e-01
1.420911013736006145e+00
8.714293646927164794e-01
1.535750317703004297e+00
4.385230056004871813e-01
1.158724270715529414e+00
7.159969641307242227e-01
8.780657484821517977e-01
8.259115079308797513e-01
6.575944629228193117e-01
2.168591724398077680e+00
3.535445050655874333e+00
1.374579170822957774e+00
1.170431590190407656e+00
8.454674374040166418e-01
4.192463484638897064e+00
7.641607126133974637e-01
7.529817121492289322e-01
2.185953796617066125e-01
9.968266040673319228e-01
1.208310218897892696e+00
2.091796926099926068e+00
1.381580741964585801e+00
1.038498029839992842e+00
1.605880640987722208e+00
1.303018099926206430e+00
-3.768470259152412183e-01
1.402745360150944975e+00
-1.070056032381818012e+00
-6.529176412226391779e-01
1.726955676663687989e+00
1.745353441300503627e+00
1.476711139012012897e+00
5.780818570768888609e-01
3.536991783185925442e+00
4.833381685148887108e+00
3.683535176745069251e+00
-3.569814016187971006e-01
2.355258052379170852e+00
-2.272102962108137891e-01
3.475908629351904811e-01
-1.585369922914789953e-01
2.769993568464229838e+00
1.803654731280337264e+00
7.175144283893444275e-01
1.577283878098709069e+00
2.522364973537081667e+00
9.606618037121603670e-01
-1.484561092978523122e+00
1.150915003525543989e+00
-5.657931159168956281e-01
8.000582513345290137e-01
-2.498560303989301179e-01
-2.173654944652830601e+00
1.112721783578881407e+00
2.232267632474995711e+00
2.022452143670489644e+00
8.237964698906604655e-01
2.036696771404928441e+00
-4.322235560028131474e-01
1.614088490416894173e+00
1.319712939427621912e-01
8.676481459685022601e-01
7.655344324685026125e-01
1.745353441300503627e+00
1.614088490416894173e+00
3.560726941200376139e-02
-1.872100507207785647e-01
7.529817121492289322e-01
1.230328560154680506e+00
4.958232318117461901e+00
-1.112033880266890984e+00
1.468572639837624205e-01
-1.634632360966789877e+00
1.518596126877908237e+00
7.529817121492289322e-01
2.185953796617066125e-01
2.185953796617066125e-01
1.614088490416894173e+00
-4.631201911998530374e-01
1.639928424966418552e+00
1.614088490416894173e+00
3.660119095637494269e+00
-2.129415321352223778e-02
-8.555739138885007922e-01
-1.045165031035402148e-01
1.690275113604424950e+00
-7.361847812882309494e-01
3.458011382962472346e+00
7.003342589241419169e-01
3.758860373718746484e-01
1.113844463114271877e+00
-3.755727618213866581e-01
2.954172671124383864e+00
-1.073248078496291447e+00
-9.759592821046398914e-01
2.902721711355169099e+00
1.220680789734618354e-01
-4.265443859323925224e-01
-1.282543775922597051e+00
-1.333799079517096642e+00
-9.340670748856776395e-01
9.076440299340227114e-02
-4.253861728658563379e-01
9.235383415671363228e-01
4.358906322439544567e+00
-1.577809238666938230e+00
-2.331371410233190389e+00
2.209701731656521506e-01
2.470398392271746069e+00
1.822380453512638443e+00
-8.831754430639697784e-01
6.174800238790998375e-01
5.235320126057306789e-01
1.370304491632317045e+00
1.846394773023196878e+00
1.481847532735218520e+00
2.008098874228184449e+00
1.338915595960256999e+00
3.681315709438310879e-01
5.156160995987987272e-01
7.153454944654622505e-01
1.112801527414043257e+00
1.729502555114921458e+00
1.777110956754473836e+00
3.747977246753426694e-01
-8.804617556234715092e-01
-1.352769227001695551e-01
-1.701963281077340850e+00
3.199857724406690362e+00
3.165325772248678060e+00
5.199946504295237304e+00
3.829899113315366144e+00
-2.078290105352508021e+00
-4.534272932036889081e-01
3.224169528685472130e+00
-1.414582549522309662e-01
-2.799072005181626466e-01
2.031193163316302286e+00
3.272019974618555871e+00
3.779195118518963170e-02
2.635144659657264743e+00
6.264741827180750899e-01
2.020694714752233612e-01
2.410969698467003486e+00
1.531975284335191478e+00
2.038284073156909848e+00
6.931598585106065746e-01
4.767877610111289632e-01
5.158670118463843934e+00
3.481590455709124399e+00
1.358308596406681446e+00
2.043302676192105594e+00
4.581245305484138441e-02
8.795078359156121017e-01
-8.775366572596234871e-01
-3.590425782097821372e-01
2.155223475329929084e+00
5.526140730166703152e-01
-1.753026122354897076e-01
2.465009860721119050e-01
1.612383016976302041e+00
1.104881701236499536e+00
1.358042320543003445e+00
6.309750315917799224e-01
9.297721753461574146e-02
-4.829499235122707290e-01
-1.556696356968620742e+00
1.441624390177847381e+00
-2.368617278986191454e-01
-1.298058608025584482e+00
-8.504502531546178634e-01
5.307719634342198844e+00
4.691241532818534843e+00
1.783905860986774616e+00
-1.317880167518720169e+00
-1.532104410805059658e-01
1.567006587351844393e+00
1.568314334239373276e+00
3.026022587105023476e+00
9.897671092147014571e-01
-1.410897102711833329e+00
-2.259586356518239469e-01
1.925196190561695886e+00
9.148470102084210742e-01
7.936688023199791608e-01
2.666819717548736257e+00
1.418885492090322442e+00
6.955203728630420246e-01
7.459364356537208085e-01
-7.750009858697979315e-01
3.434975832412159313e+00
1.127375879391978586e+00
2.121043627100929196e+00
2.011177290967511411e+00
1.920587109835525164e+00
1.920587109835525164e+00
4.972275831347228170e-02
4.814260342241186708e-01
8.026120665105046514e-01
-5.899953642727451264e-01
1.985431192494336416e+00
5.212398028014963991e-01
1.390540566583184701e+00
1.390540566583184479e+00
3.831282240836475950e+00
4.649404491880414270e+00
3.489032907917005488e+00
-7.627709912543492177e-01
-1.695541272012078382e+00
8.362326634130845537e-01
5.005621132847161370e+00
-1.644505527456759930e+00
-1.288797918374729123e+00
1.295171126730414235e+00
1.098806931553759192e+00
7.640503540079922606e-01
2.817155761111339807e+00
7.046994228461800347e-02
1.829995357432573133e+00
1.985431192494336416e+00
2.292581711015567070e+00
4.244160967420302910e+00
4.919239552537504778e+00
5.113810166204093122e+00
9.939365255453311843e-01
-2.318275141080037294e-01
-1.679264337902977244e+00
2.524145120347198734e-02
2.524145120347198734e-02
-5.536176269910488834e-01
4.214121117474274314e-01
-1.520579420859191844e+00
-1.352608503486275149e+00
1.820833252215623421e+00
1.097407341445475026e+00
1.251262880267929312e+00
-6.555257020377325272e-01
2.914995021686005217e+00
-1.135648993379049676e+00
-1.737568524260179492e+00
3.854960026325945144e+00
-7.997477458540263040e-01
4.660316086957839055e+00
7.831491749584081896e-01
3.071880088242803453e+00
7.921159467077490968e-01
-1.539100235320062682e+00
-1.267892036763256236e-01
5.397770910325597526e+00
6.128812786343718066e-01
3.022620162444859648e+00
-1.539100235320062682e+00
2.322504053012487191e+00
-1.333799079517096642e+00
2.992028108919996487e+00
-9.969833534053520463e-01
5.133776034530631804e+00
4.891374756075159702e+00
1.294597670304595827e+00
6.380128556625820346e-01
-1.546061555328913206e+00
-2.348000357314690145e-01
1.318004671730873767e+00
8.743217251789259237e-02
2.885821712017657248e+00
-1.671658605076585813e+00
1.098806931553759192e+00
1.501120598176072907e+00
4.347559845930037969e-01
1.901289479427639595e+00
5.587120832278709148e-01
-8.195893822268238704e-01
1.801990424236222799e+00
1.621321041671070384e+00
1.474594248149945885e+00
1.492116228883198836e+00
1.224043494206404459e+00
6.575944629228193117e-01
-1.284755815749961227e+00
2.501893715364987614e+00
2.290948731534452332e+00
4.534388808337870280e+00
-2.021701956555985724e+00
1.603858944096329786e+00
1.341356481328629835e+00
8.780659389048448560e-01
1.208310218897892696e+00
-8.300724788974693791e-01
2.543828341016348471e+00
2.138376207900344550e+00
5.060745920243253870e+00
4.547738279743025913e+00
3.783607922473923857e+00
5.037060290114261818e+00
5.373413209871647389e+00
1.885948802367685362e+00
2.842697479117497927e+00
1.909640407222048530e+00
9.907874128383230561e-01
1.840020280592683966e+00
1.458135481809852418e+00
1.185567490650540901e+00
1.488908277753375753e-01
-1.083446867097499711e+00
5.909944210278398335e-01
5.163730819153719009e-01
-6.866337863423292998e-01
4.557134578424696159e+00
2.800323958395787294e+00
4.752194711827092632e+00
1.373266047742274454e+00
1.829559405473001332e+00
1.505986544301424424e+00
1.841869156327812229e+00
1.505986544301424424e+00
1.052272886054922196e+00
2.164647576749172408e+00
1.021471420769057170e+00
1.505986544301424424e+00
2.164647576749172408e+00
1.727310499247319164e+00
5.606117315864276307e-01
2.164647576749172408e+00
2.467008347135532631e+00
2.673431138428248310e+00
2.077228641432730782e+00
2.716462848595146973e-01
4.282714400781272523e+00
1.985431192494336416e+00
6.401973816920956128e-01
1.655391404281106205e+00
2.812269224557889746e+00
1.655391404281106205e+00
2.301370747526459759e+00
1.031634030748069364e+00
3.331364718771946620e+00
2.301370747526459759e+00
-2.177031165070910657e-01
-1.805520530854185512e-01
-2.456817966011790588e+00
-6.012283461307732502e-02
3.998870578069205095e+00
4.019763746908561863e+00
3.827970641914955507e+00
1.436722957130498690e+00
4.126242411912668828e+00
3.778262044599698832e+00
2.978926436744484985e+00
4.674858180761336968e+00
4.359834239934768263e+00
3.382886171298570499e+00
3.813062090052683928e+00
2.189187121273018288e+00
1.851772832344499298e+00
1.565093485404803086e+00
2.066500819846654124e+00
3.487279801819183511e+00
1.172173900813524128e+00
1.346354333233962475e+00
3.487279801819183511e+00
2.951034865905856286e+00
1.342771705680893657e+00
3.150362540789614307e+00
4.017900755348895458e-01
9.869111126872046613e-01
2.692347190128060230e+00
1.462231615652531680e+00
3.125550770604061945e+00
1.915083634094883802e+00
3.631683537162825992e+00
1.036779036266047616e+00
1.815554683851990481e+00
-1.574276219521997255e-01
1.537953912521460964e+00
-2.477535779026469598e-01
1.537953912521460964e+00
-2.495172437464698856e-01
2.960439168513005370e+00
2.464246678544524727e+00
1.109555382029012716e+00
2.118137065727385249e+00
-6.428880645717554021e-01
1.337165644155274391e+00
1.186020760977743560e+00
2.118137065727385249e+00
2.906085396523450992e+00
8.921980538109435255e-01
8.712467280575466599e-01
2.118137065727385249e+00
-6.982621188202611240e-01
1.403321084401826679e+00
7.076296713862687549e-01
2.227621801067178442e+00
7.229366342299312631e-01
2.063090991268940577e+00
3.870059384640070377e+00
4.105902769960576570e+00
2.145697034368418965e+00
1.482276350719305302e+00
-6.087726731278186865e-01
2.812269224557889746e+00
1.985431192494336416e+00
3.431777726683473251e+00
2.887624539151436132e+00
2.812269224557889746e+00
1.662335612534086904e+00
9.869110853003026929e-01
1.092702902370896956e+00
1.537953912521460964e+00
2.875424139969893211e-01
5.170809968437631632e+00
4.676813028736150457e+00
3.617840833630500796e+00
5.015196947052153575e+00
2.751908335240734527e+00
4.019628491821034544e+00
1.119121697693459705e+00
1.482276350719305302e+00
4.144565097291473599e+00
2.987831937004925997e+00
3.737653258614527907e+00
-8.831475930503751570e-02
-1.149005258847877853e+00
-1.751471866925844223e+00
-1.434422517087709847e+00
3.212790960271831864e-01
1.159955474221030514e-01
-5.726264263790563636e-01
-4.328575893835571176e-01
1.074472897773319557e+00
6.963464444524617436e-01
2.477129224218471037e+00
3.407111386225823324e+00
2.720332904107311656e+00
1.019972071994524665e+00
2.273716005904237392e+00
2.802440897650097185e+00
9.240542015370852846e-01
1.249649046020375742e-01
3.370425367124100902e+00
4.077743177708597955e+00
5.163730819153726781e-01
1.693530342360635377e+00
1.890580928892161339e+00
8.380369334541410975e-01
9.011843656158400329e-01
1.474594248149945885e+00
5.192764312409716698e-01
9.697833484369099422e-01
1.225219226720430932e-02
1.377093592581000614e+00
2.721828488757905617e+00
1.505986544301424424e+00
1.474594248149945885e+00
2.066500819846654124e+00
1.654396247278818066e+00
1.340619512670095048e+00
8.771615067194228343e-01
2.721828488757905617e+00
2.721828488757905617e+00
2.335853992267536761e+00
-2.752600580375386130e-02
2.184414697704692543e+00
-6.442224483800227386e-01
1.920587109835525164e+00
3.918100162115576435e-01
3.056939890767189638e-01
3.056939890767189638e-01
5.110329805170018558e-01
2.705970156136655369e+00
-1.584798620771448174e-01
-1.983812696415996335e-01
1.801490085170970090e+00
1.738603345966933666e+00
4.786522707727509651e-01
4.786522707727509651e-01
1.702534521454766692e+00
4.786522707727509651e-01
-1.942336522255889708e-01
-1.585369922914785512e-01
3.991463331204604614e+00
4.226436787406656848e+00
1.207130079038519099e+00
-9.278881585766647344e-01
-7.340621737673032055e-01
1.456439379232767006e+00
2.908108845330351411e+00
5.353935220794979744e-01
-1.037852642730980657e+00
1.142899426864711465e+00
1.685103471916644002e+00
9.083453934573847421e-01
1.820406289654819432e+00
1.021482073976073046e+00
4.387161322936419250e-01
3.674635241965338750e+00
3.939306285119442919e+00
1.689817850885459771e+00
1.443412934456517638e+00
-9.979089775034191145e-01
2.063159513601088513e+00
3.275463109339575407e+00
4.759127319297373759e-02
2.360533715600401816e+00
2.875424139969893211e-01
1.772603541653190895e+00
2.077767949661255997e+00
4.503943546016864197e-02
5.491056933119892847e+00
1.487284779349486108e+00
1.474594248149945885e+00
9.588992879113080736e-01
1.266414277633705066e+00
9.375285448015179268e-01
4.922059175063554726e+00
4.427874915882045848e+00
3.417422141663855939e+00
1.968813026509159680e+00
-2.147422056538828006e-01
5.304426272694193756e-01
2.787287681735279854e+00
2.402988833555014914e+00
4.397641702240089323e+00
3.778316307404077534e+00
2.676796100706429371e+00
4.629782283294728629e+00
4.629782283294728629e+00
3.481158155860977210e+00
2.690753331839392803e+00
3.483238246457859510e+00
3.125457779043125051e+00
6.464156274383213718e-01
2.661237236959457242e-01
-2.275783814935716798e-01
2.500136522864426780e+00
-2.799072005181626466e-01
1.731652940554476938e+00
2.123873277419387584e+00
1.865428958643019053e+00
2.008098874228184449e+00
9.558605136793887347e-01
1.483922483086104416e+00
2.806200913262022478e+00
2.304402487834113611e+00
1.224043494206404459e+00
6.575944629228193117e-01
8.078159090675632870e-01
1.170431590190407656e+00
1.097430876340288020e+00
-3.971430858516886708e-01
-9.527166039082681781e-01
-1.503397344342774611e+00
-9.010893491452853787e-02
-1.434167343862626787e-01
7.787463152526291621e-01
2.597054463060255447e-01
8.540009950364739755e-01
9.558605136793887347e-01
3.396760419337902182e+00
1.915463625660936975e+00
2.103150294513095542e+00
1.337165644155274391e+00
-1.689961929549171460e+00
5.078224453875637145e+00
4.880250100615277198e+00
5.103504353918142833e+00
1.098995187032000720e+00
1.586175484793739043e+00
6.819092454769725142e-01
1.224043494206404459e+00
7.595212368233426048e-01
1.623895396368743915e+00
4.149493027895553077e+00
7.529031537674316654e-01
-1.178635263923236254e+00
4.837812385817233718e+00
1.465244585844885927e+00
8.485683621364010776e-01
8.078159090675632870e-01
1.225114964275877405e+00
-1.585369922914789953e-01
6.313837103767131476e-01
2.195813165661995026e+00
4.870627338846050813e-01
2.077767949661255997e+00
1.888044804163418799e+00
5.116542729861863315e+00
4.463025280311011755e+00
3.027403419881864899e+00
3.537083532479213588e+00
2.237093749268383558e+00
-6.608064632464507593e-01
-1.777797925815765234e+00
3.118785982866784767e+00
2.959918291024962400e+00
4.210009079236752605e+00
2.965026663371332027e+00
3.418836293541410498e+00
2.362992833762441514e+00
-5.913259420873242522e-01
8.996813010598896376e-01
-8.073566282525048710e-01
5.606117315864276307e-01
3.033994632357668308e+00
-1.780715040550737926e+00
2.130123266193872933e+00
-1.984163040449115067e+00
2.966506731065131852e+00
3.543671972519382152e+00
-1.267892036763256236e-01
2.745399339505175007e+00
-1.736968686617203383e+00
4.564441021463963466e+00
-2.714180228003681972e-01
2.672700705402057952e-01
5.370788060269017228e-01
5.030638238243871463e+00
4.581245305484138441e-02
2.499954919811369969e+00
-1.390154557742923958e+00
5.047471618783671232e+00
4.732289455977825909e+00
9.681822174556407035e-01
1.338965801636401443e+00
4.049768822076933894e+00
8.004522385384423844e-01
1.094424825527304801e+00
4.811964709302363197e-01
5.217405818721063682e+00
5.207744430743548314e+00
9.308730292342674018e-01
1.504289597669978606e+00
2.845475220538555394e+00
3.735991793035361219e+00
-7.630758097038314869e-01
2.998042877569723874e+00
-2.123834823624283885e+00
-1.191136838672352427e+00
-1.373319035260939236e+00
-1.820938947431740562e-01
-2.112636918049565438e+00
