6.515846591623263295e-01
5.790641741785551577e-01
6.515846591623263295e-01
6.515721851438887047e-01
5.057669096328269998e-01
6.515846591623263295e-01
6.515840120881272179e-01
5.790668068276941804e-01
5.007298750218213135e-01
6.515842452585551836e-01
5.474061051478759099e-01
5.474061051478759099e-01
5.474061051478759099e-01
5.057669096328269998e-01
5.790710054656915684e-01
5.288952259764562180e-01
5.963510117564602142e-01
5.659229877844561551e-01
6.107921308131375460e-01
6.515846591623263295e-01
5.336589709721450969e-01
5.790710054656915684e-01
6.515846481311264871e-01
5.790641741785551577e-01
5.790641741785551577e-01
6.515801836174424100e-01
6.515846591623263295e-01
6.515846591623263295e-01
6.515829037045464123e-01
5.503301122126460498e-01
6.515843866691888309e-01
5.790710054654466532e-01
6.330570039701012286e-01
6.515846591615224170e-01
5.780233236842760025e-01
6.515843866691889419e-01
6.347346253535266491e-01
5.497128340777853728e-01
5.790710054656891259e-01
6.515843507110702371e-01
6.515846588278561002e-01
5.777275837202149322e-01
6.515846591623263295e-01
5.803170234010580630e-01
6.515846591623263295e-01
5.236909770484274862e-01
5.237163282102265116e-01
6.515846591623263295e-01
5.790710054656915684e-01
6.375754891473583985e-01
6.515846591623263295e-01
6.492442058439924502e-01
5.790710054656913464e-01
5.497126969988895828e-01
5.790710048126871401e-01
6.375920285385291431e-01
6.515810737957797860e-01
5.337562915566625987e-01
5.237180478068124145e-01
5.337562157581721145e-01
6.515846591623263295e-01
5.237160544831401809e-01
6.515512432429619860e-01
5.337543875405718063e-01
5.239618624320029339e-01
5.239618624320029339e-01
5.803159927378860328e-01
6.515522637939612505e-01
5.337541548679209935e-01
5.790710054656915684e-01
6.515842121244890262e-01
6.515846591623256634e-01
5.497126969988895828e-01
6.515846591623263295e-01
6.515846591623263295e-01
5.790710054656915684e-01
5.790710054656913464e-01
5.967041483379534883e-01
6.480657779285764475e-01
5.779049018436872576e-01
6.515846588303021436e-01
6.515846248883447878e-01
5.496839833479096882e-01
5.496839833479096882e-01
5.496839833296479627e-01
5.790710054656915684e-01
6.515846588547317131e-01
6.515846591623263295e-01
5.337562915566625987e-01
6.515845789329899329e-01
6.515846591623263295e-01
5.790710054656915684e-01
5.790710054656915684e-01
5.790710054656913464e-01
5.790710054656913464e-01
6.515846591623263295e-01
6.515846591623263295e-01
6.515846591623263295e-01
6.515846591623263295e-01
6.515840120881275510e-01
5.675170879083414333e-01
6.515746330087023308e-01
6.512300633492399404e-01
5.789858942541212805e-01
6.515846591623263295e-01
5.353167880140113910e-01
6.515161996528695543e-01
6.515846591623263295e-01
5.718078653291679414e-01
6.515846591623263295e-01
6.515846591623263295e-01
5.337562915566628208e-01
6.515846591623263295e-01
6.515846591623263295e-01
6.515846591623263295e-01
6.515846591623263295e-01
5.497128341265007379e-01
5.497128341265007379e-01
6.515846591623263295e-01
6.515846591623263295e-01
5.790702254215894795e-01
5.049187975192678257e-01
5.049187975192678257e-01
5.049187975192678257e-01
5.790710027746518440e-01
5.790710027746518440e-01
5.790710054656913464e-01
5.790710054656913464e-01
6.515846591623263295e-01
6.515846591623263295e-01
5.337562915566625987e-01
6.515846591623263295e-01
5.790710054656913464e-01
5.790710054656913464e-01
5.790710054656913464e-01
5.790710054656913464e-01
6.515846591623263295e-01
5.790710054656915684e-01
6.515846591623263295e-01
6.515846591623263295e-01
6.515846591623263295e-01
6.515846591623263295e-01
6.515846591535998655e-01
6.477735731202747260e-01
6.515733644220107479e-01
5.790675639644236039e-01
5.733793302247722767e-01
5.803228862960411183e-01
5.790710054656915684e-01
6.515846591623263295e-01
6.156028900891103994e-01
6.514338009876461388e-01
6.515846591623263295e-01
5.049188447523332846e-01
5.049188447523332846e-01
6.515846591623263295e-01
6.515846591623263295e-01
5.497128341265007379e-01
5.497128341265007379e-01
6.515846591623263295e-01
5.790710054656915684e-01
5.790710054656915684e-01
5.761825442080704684e-01
5.790710053719670958e-01
5.790710054656915684e-01
5.790692542767440498e-01
5.790710054580971988e-01
5.790710054656915684e-01
6.515846591623263295e-01
6.515846583974289619e-01
5.760524110980763668e-01
5.479707317028064129e-01
6.515846591623263295e-01
5.491915952019824632e-01
6.512483598899526660e-01
6.515846591623263295e-01
6.481402750293503434e-01
6.507366675568073688e-01
6.515456791135219028e-01
6.515296137599657644e-01
6.515846591623263295e-01
5.777731460750069603e-01
6.515846591623263295e-01
6.515846591623263295e-01
5.761809912779194409e-01
5.497095929085865640e-01
5.491677020154869249e-01
5.491677020154869249e-01
5.048440584103287554e-01
5.048440584103287554e-01
5.048440584103287554e-01
5.170006760026623072e-01
5.170006760026623072e-01
5.337555168639646075e-01
5.776216730486918305e-01
6.515846591623263295e-01
5.761825442080704684e-01
5.790710054656915684e-01
5.790312968380958436e-01
5.780233236842760025e-01
6.479167698039557388e-01
6.515843105578924543e-01
5.836776344174752218e-01
6.515846591623262185e-01
6.515846591623263295e-01
6.515846591622556083e-01
5.168171378268466842e-01
5.493767396239103151e-01
5.493767396239103151e-01
5.493767396239103151e-01
5.613751036666055905e-01
6.411633326358595619e-01
5.802676727901826537e-01
5.475442017009255480e-01
5.475442017009255480e-01
6.409494979336483045e-01
5.475442017009255480e-01
6.515846591623263295e-01
6.409864844642197967e-01
6.515846591623263295e-01
6.512494296666531124e-01
6.515846591623263295e-01
5.790710054656915684e-01
6.515846591623263295e-01
6.515846591619668393e-01
6.515724556283901681e-01
6.515846591623263295e-01
6.515846591623263295e-01
6.515846591623263295e-01
6.515840923545566099e-01
5.337209136516765096e-01
5.337209136516765096e-01
6.515846591623263295e-01
6.515846591623263295e-01
5.464252255250230395e-01
5.437826154149235647e-01
5.112244980853882792e-01
5.112244980853882792e-01
5.235273574223697768e-01
5.235273574223697768e-01
6.515846591623263295e-01
5.790710054656915684e-01
6.515846591623263295e-01
6.430676792521821117e-01
6.495429332819503410e-01
5.497128341264991835e-01
6.515846591623263295e-01
6.196734068347925506e-01
5.790710054656882377e-01
5.788072517456938071e-01
5.571171436663691079e-01
5.328147254424449031e-01
5.507609360834411216e-01
5.779794852043933506e-01
6.515846591622557193e-01
6.492906420738031592e-01
6.515834961592534835e-01
5.562518985137295813e-01
5.779794852043933506e-01
6.513353710123752638e-01
5.778904787060382686e-01
5.778904787060382686e-01
6.191667874735844457e-01
6.515846591623263295e-01
5.237180478068124145e-01
5.237180478068124145e-01
6.515846591623263295e-01
6.515846591623263295e-01
5.790710054656915684e-01
6.515846591623263295e-01
6.515846591623263295e-01
5.790710054656915684e-01
5.790699926087633509e-01
5.803223438437602466e-01
6.515846591623263295e-01
6.515811957996567871e-01
6.515846557799859218e-01
6.515846591623263295e-01
6.515611077440295329e-01
6.515846591483354100e-01
5.790710054656913464e-01
5.790710054656913464e-01
6.430155363493993415e-01
5.784729986728850415e-01
5.481896944210353784e-01
6.515846591623263295e-01
6.510615403526440748e-01
5.790710054656915684e-01
6.515728405416276736e-01
5.123978974959846333e-01
5.123978974959846333e-01
6.515845575707852610e-01
5.495194953759291456e-01
6.515846591599789850e-01
6.490866294090525956e-01
6.515841689566046480e-01
5.496506653888993954e-01
5.519890398777144158e-01
5.790603002312403325e-01
5.790603002312403325e-01
5.790672744072590250e-01
5.337549189208277145e-01
5.778398361548853224e-01
6.515832978206179682e-01
5.032456848615379785e-01
5.032456848615379785e-01
5.779456285644795077e-01
5.237180477431537806e-01
5.237180477431537806e-01
5.776216730486918305e-01
6.515522637820105878e-01
6.515846248883451208e-01
6.515846591623263295e-01
5.414597194274358705e-01
5.337549226241513622e-01
5.790710054656915684e-01
5.790710054656915684e-01
6.515846591623263295e-01
5.236909770484274862e-01
5.237180478068124145e-01
6.515723798292714086e-01
5.790710054656915684e-01
5.363978475508819344e-01
6.513833869220766459e-01
5.790710054656915684e-01
5.790707268783312767e-01
5.790707268783312767e-01
5.237163282102265116e-01
5.497128341265007379e-01
5.786224999719143947e-01
6.515846591623263295e-01
4.987725199333020165e-01
5.790710054656915684e-01
5.497128341265007379e-01
5.497128341265007379e-01
6.515811957973797197e-01
5.496847811679489437e-01
5.790709736674303221e-01
6.515846591623261075e-01
6.515810015027080349e-01
6.514667538893534893e-01
5.437829870521272424e-01
6.329713037807048748e-01
6.515846591623263295e-01
5.790710054656915684e-01
5.497092729411419132e-01
5.168150558131977546e-01
5.324856981327099614e-01
5.497092729411419132e-01
5.497092729411419132e-01
6.515829037045468564e-01
5.237163282057630820e-01
5.237163282057630820e-01
5.237163282057630820e-01
6.515570415636748880e-01
5.790710054656915684e-01
6.515846591623263295e-01
6.515846591623263295e-01
5.497092725404103541e-01
6.515846591623263295e-01
5.337529395290013801e-01
5.448968486003701317e-01
5.448968486003701317e-01
6.515846591623263295e-01
5.497128341264878593e-01
5.497128341265007379e-01
5.790710054173004995e-01
6.515846591623263295e-01
6.515846591623263295e-01
6.511454031145075261e-01
6.515846591591010206e-01
6.515846591535999766e-01
6.515846591602802995e-01
6.515846591623263295e-01
6.515846591623263295e-01
6.515846591623262185e-01
6.515846591623263295e-01
6.515846591500685792e-01
6.515843866688770802e-01
6.515846591623263295e-01
6.515846591623263295e-01
6.515846591623263295e-01
6.515846591623263295e-01
5.337549226241513622e-01
6.515846591623255524e-01
6.515846591623262185e-01
6.515846591623263295e-01
5.497126969988895828e-01
5.497128341265010709e-01
5.788981733427103205e-01
6.510172787270153139e-01
5.790587079166858997e-01
6.479991203338204553e-01
6.515846591623263295e-01
5.967041483379532663e-01
6.515793684795657681e-01
6.515846591623263295e-01
6.107921308131377680e-01
5.502315880146565474e-01
6.515846590774089231e-01
6.515846591623263295e-01
6.515846591623263295e-01
6.515786268291698935e-01
6.515846591623263295e-01
5.497128341265010709e-01
6.515846591623263295e-01
6.515826673875342312e-01
5.790672776159387913e-01
6.515846481311264871e-01
5.797391730090923900e-01
5.502999755494440981e-01
5.803221028189824438e-01
5.790710054656915684e-01
5.219694896942678186e-01
5.790710054656915684e-01
5.790710054654466532e-01
5.237166707382329145e-01
6.515846591623263295e-01
5.117795655088654971e-01
5.237180478063405697e-01
5.237180478063405697e-01
6.512734797772024020e-01
6.515846591621107242e-01
5.790710054656893480e-01
5.790710054656893480e-01
5.168171378275846495e-01
6.196865059821560218e-01
6.515846591615273020e-01
4.940717079707058201e-01
5.237179663829709675e-01
6.515846591623263295e-01
6.515846591623263295e-01
5.790710054656915684e-01
6.515846591623263295e-01
6.515846591623263295e-01
6.515846591623263295e-01
5.790710054656525996e-01
5.733507521479997981e-01
6.515846591623265516e-01
6.515846569756436057e-01
6.515841253756672335e-01
5.497128341228439963e-01
5.803244638995788129e-01
6.514338013229878932e-01
6.515846591623263295e-01
6.515846591621932138e-01
6.495435269015524815e-01
6.515846591623263295e-01
6.515846591623263295e-01
6.515846591623263295e-01
6.515846591623263295e-01
6.515846591623263295e-01
6.515846591623263295e-01
6.515846591615275241e-01
5.790710054656915684e-01
6.515846591623263295e-01
5.790710054656915684e-01
6.515846591623263295e-01
6.515846591623263295e-01
6.515846591623263295e-01
5.790710054656915684e-01
5.168171378275921990e-01
6.515846591623261075e-01
5.468896314834067462e-01
6.515846588799021344e-01
6.515846591623263295e-01
6.515846591623263295e-01
6.515846591623263295e-01
6.515843866688773023e-01
6.515846591623263295e-01
6.515846591623263295e-01
6.511559185645480197e-01
6.515846591224701001e-01
6.515846591623263295e-01
5.790710054656915684e-01
6.515846591623263295e-01
5.790710054656915684e-01
6.515846591623263295e-01
5.790710054656915684e-01
6.515846591623263295e-01
6.515846591623263295e-01
6.515846591623263295e-01
6.515846591623263295e-01
6.515846591623263295e-01
6.515846591623263295e-01
5.790710054656915684e-01
6.515846591623263295e-01
6.515846591623263295e-01
5.790710054656915684e-01
6.515846591623263295e-01
5.497128341265007379e-01
5.790432291312000990e-01
6.513854229776484539e-01
5.237180478068124145e-01
6.515846591623263295e-01
5.497128340777853728e-01
6.515846591623263295e-01
6.515846591623263295e-01
6.515846591623263295e-01
6.515836536667751755e-01
6.515846591623263295e-01
6.515846591623263295e-01
6.515846591623263295e-01
6.515846591623263295e-01
6.515846591623263295e-01
6.515445872775341707e-01
5.789987548274361240e-01
5.790679505001484761e-01
6.515846591623263295e-01
5.337561731101072571e-01
6.515846586114190098e-01
6.515824486022366857e-01
6.515841335401905132e-01
5.164574159725699998e-01
5.790668067452624523e-01
6.515846591623263295e-01
5.790710049560022776e-01
5.790706641465477311e-01
5.237180478068126366e-01
5.237180478068126366e-01
5.790710054656915684e-01
5.237160544831401809e-01
6.515846591623263295e-01
5.790127152775778052e-01
5.768125468449672999e-01
6.515846591623263295e-01
5.790710054656915684e-01
6.515846591623263295e-01
6.515846591623263295e-01
6.515846548396551086e-01
6.515836289385606994e-01
5.237179698608187550e-01
5.237179698608187550e-01
5.497128335098081520e-01
6.515846591623263295e-01
5.790710054656915684e-01
6.515846591623263295e-01
6.515826673858979845e-01
6.515846591623263295e-01
6.515846591623263295e-01
6.515846591623263295e-01
6.515846591623263295e-01
6.515846591623263295e-01
5.337562915566625987e-01
5.497127287254514050e-01
6.515846591623263295e-01
6.511025112352851751e-01
5.497128341265007379e-01
6.515846591623263295e-01
6.515846591623263295e-01
6.515846591623263295e-01
6.515846591623263295e-01
6.515846579707019748e-01
6.515846591623263295e-01
6.515846591623263295e-01
6.515846591623263295e-01
6.507365512363608717e-01
6.515846591623263295e-01
6.515837245575254455e-01
6.488762224141176871e-01
6.515846591623263295e-01
6.515846591623263295e-01
6.515846591623263295e-01
6.515846591623263295e-01
6.515846591623263295e-01
6.515846591623263295e-01
6.515846591623263295e-01
6.515846591623263295e-01
5.790710054656913464e-01
5.790710054656913464e-01
6.515846591623263295e-01
6.515846591623263295e-01
6.515846591623263295e-01
6.515846591623263295e-01
6.515846591623263295e-01
6.515845789329900439e-01
6.515846591623263295e-01
6.515846591623263295e-01
6.515846591623263295e-01
6.515846591623263295e-01
6.515846591623263295e-01
5.351058881439435533e-01
5.790710054656915684e-01
6.415156950788272194e-01
6.515811956712617148e-01
6.515736959039145626e-01
5.797490460183408745e-01
6.515846591623263295e-01
6.515846591623263295e-01
6.307594811594530171e-01
5.797482200479932013e-01
5.785076022784561012e-01
5.790710054656902361e-01
6.515846591607113991e-01
6.515846591623263295e-01
6.515846591623261075e-01
6.515846591623263295e-01
6.515846591623263295e-01
6.515846591623263295e-01
6.515846591623263295e-01
6.515846591623263295e-01
6.515846591623263295e-01
5.497128341265007379e-01
5.497128341265007379e-01
6.515846591623263295e-01
6.515846591623263295e-01
6.515846591623263295e-01
6.515846591623263295e-01
6.515846591623263295e-01
6.515846591623263295e-01
6.515846591623263295e-01
6.515846591623263295e-01
6.515846591623263295e-01
5.497128341265007379e-01
5.790710027746520661e-01
5.790710027746520661e-01
5.497128341265007379e-01
5.497128341265007379e-01
6.515846591623263295e-01
5.790710054656913464e-01
5.790710054656913464e-01
6.515846591623263295e-01
6.515846591623263295e-01
5.337562915566625987e-01
6.515846591623263295e-01
5.790710054656915684e-01
5.790710054656915684e-01
6.515846591623263295e-01
6.515846591623263295e-01
6.515846591623263295e-01
6.515846591623263295e-01
6.515846591623263295e-01
6.515846591623263295e-01
6.515846591623263295e-01
6.515846581798531156e-01
6.515846591623263295e-01
6.515846591623263295e-01
6.515846591623263295e-01
6.515846591623263295e-01
6.515846591623263295e-01
6.515846591623263295e-01
6.515846591623263295e-01
5.790710054656915684e-01
6.515846591622783679e-01
6.515846591623261075e-01
6.515846591623263295e-01
6.515846591623263295e-01
6.515846591623263295e-01
6.515846591623263295e-01
5.790708900269447845e-01
6.515846591623263295e-01
6.515846591623263295e-01
6.515846591623263295e-01
6.515846591623263295e-01
5.790710054656915684e-01
6.515846591623263295e-01
6.515846591623263295e-01
6.515846591623263295e-01
6.512610381523995517e-01
6.515846591623263295e-01
6.515846591623263295e-01
5.497136030082681035e-01
5.497136030082681035e-01
6.515846591623263295e-01
6.515846591623263295e-01
6.515846591623263295e-01
6.515846591623263295e-01
6.515846591623263295e-01
6.515846591623263295e-01
5.779804665440869682e-01
6.515846591623263295e-01
6.515846591623263295e-01
5.497128341265007379e-01
5.497128341265007379e-01
6.515846591623263295e-01
5.790710054656915684e-01
6.515846591623263295e-01
6.515846591623263295e-01
5.790710054656915684e-01
6.515846591623263295e-01
6.515846591623263295e-01
6.515846591623263295e-01
5.049188447523332846e-01
5.790710054656915684e-01
5.790710054656913464e-01
5.790710054656913464e-01
5.497128341265007379e-01
5.497128341265007379e-01
6.515846591623263295e-01
6.515846591623263295e-01
5.497128341265007379e-01
5.790710054656915684e-01
6.515846591623263295e-01
6.515846591623263295e-01
6.515846591623263295e-01
6.515846591623263295e-01
6.515846591623263295e-01
5.497128341265007379e-01
5.497128341265007379e-01
5.497128341265007379e-01
6.515846591623263295e-01
6.515846591623263295e-01
6.515846591623263295e-01
5.790707074298109269e-01
6.515846591623263295e-01
5.790710054656915684e-01
6.515846591623263295e-01
6.515846591623263295e-01
6.515846591623263295e-01
6.515846591623263295e-01
6.515846409516067306e-01
6.415156950788275525e-01
6.515846591623263295e-01
5.790710054656915684e-01
6.515811957991851644e-01
6.515846591623263295e-01
6.515846591623263295e-01
5.790710054656915684e-01
6.515815903173681756e-01
6.475474827485846463e-01
6.515846591623263295e-01
6.515846591623263295e-01
6.515846591623263295e-01
6.503813588287529202e-01
6.515808959214598461e-01
6.515846591623263295e-01
5.790710054656915684e-01
6.515846392017086153e-01
6.515845575707721604e-01
6.504120268117822290e-01
5.790710054656915684e-01
5.497126626393529225e-01
6.515846591623263295e-01
6.515846591623263295e-01
6.515846591623263295e-01
6.515846591623263295e-01
6.515846591623263295e-01
6.515846591623263295e-01
6.515846591623263295e-01
6.515846328144121458e-01
6.515846591623263295e-01
6.515846591622556083e-01
6.515846591623263295e-01
5.790710054656915684e-01
6.515846591623263295e-01
6.515846591623263295e-01
6.515846591623263295e-01
5.790710054656913464e-01
5.790710054656913464e-01
5.790372478784738819e-01
5.110198659545425182e-01
5.110198659545425182e-01
5.110198659545425182e-01
6.515846591623263295e-01
6.515846591620109152e-01
6.515846591623263295e-01
6.026218307719050093e-01
5.497095929085865640e-01
5.790709781877034779e-01
5.756951843003901281e-01
6.515846591623263295e-01
6.515755417002073724e-01
6.495435449661767224e-01
6.515846591623263295e-01
6.503543114175297513e-01
6.515846591623263295e-01
6.515846591623263295e-01
6.515846591623263295e-01
6.515846591623263295e-01
5.168171378268466842e-01
5.168171378268466842e-01
6.515846591623263295e-01
6.515846591623263295e-01
6.515846579707019748e-01
5.790707057423705173e-01
6.515846591623263295e-01
5.166724509874991433e-01
5.337553752380288508e-01
5.337553752380288508e-01
6.515655456531538325e-01
6.515846591623263295e-01
6.480720322981506909e-01
6.515846591623263295e-01
6.515846591623263295e-01
5.168171299418079512e-01
5.168171299418079512e-01
5.168171299418079512e-01
5.168171299418079512e-01
5.168171299418079512e-01
5.790710054656913464e-01
5.790710054656913464e-01
5.790710054656911243e-01
6.515846591623263295e-01
6.515846591623263295e-01
5.497128341265007379e-01
5.497128341265007379e-01
5.497128341265007379e-01
6.515846591623263295e-01
5.790710054656915684e-01
6.515846591623263295e-01
5.337562915566625987e-01
6.515846591623263295e-01
6.515846591623263295e-01
6.515846591623263295e-01
5.790710054656913464e-01
5.790710054656913464e-01
6.515846591623263295e-01
5.237180668460948985e-01
5.237183173508882517e-01
5.237180668460948985e-01
5.237180668460948985e-01
5.237180668460948985e-01
6.515846591623263295e-01
5.790710054656915684e-01
5.337562915566625987e-01
6.515846591623263295e-01
6.515846591619670614e-01
6.515846591623263295e-01
5.790710054656913464e-01
5.790710054656913464e-01
6.515846591623263295e-01
6.515846591623263295e-01
6.515846591623263295e-01
5.785742516375054212e-01
5.790710054656915684e-01
5.790710054656915684e-01
6.515846591623263295e-01
6.510982676258870727e-01
6.503540895567754276e-01
5.790587081678867376e-01
6.515846591039615721e-01
6.515846591623263295e-01
6.515846591623263295e-01
6.515744773222471586e-01
6.515846591434031332e-01
6.515846591623263295e-01
6.515846591623263295e-01
6.515845682304247655e-01
6.515846591623263295e-01
6.515846591623263295e-01
6.515846591623263295e-01
6.515846591623263295e-01
5.790674648849526429e-01
6.515846591623263295e-01
6.515846591623263295e-01
6.515846591623263295e-01
6.515843501256525228e-01
6.515846591623263295e-01
6.515846591623263295e-01
6.515846591623263295e-01
6.515846591623263295e-01
5.790710054656915684e-01
6.515846591623263295e-01
6.515846591623263295e-01
6.515846591623263295e-01
6.515846591622557193e-01
6.515846581798533377e-01
5.731446675045451800e-01
6.515846591623263295e-01
6.515846591623263295e-01
6.515846591623263295e-01
5.464252255250230395e-01
6.515846591619514072e-01
5.790710054656915684e-01
5.790710054656913464e-01
6.484148759242540638e-01
5.754395136446874837e-01
6.495434504574467693e-01
4.986272267400179703e-01
6.515846591623263295e-01
6.515846591623224437e-01
6.515846591623263295e-01
5.790703915458864648e-01
5.497128341264991835e-01
5.497128341264991835e-01
6.515846591623263295e-01
6.515846591623263295e-01
6.514677403020335822e-01
5.790710054656915684e-01
6.515846591623263295e-01
6.513222245473598848e-01
6.515846591623263295e-01
5.790710053796364054e-01
6.515846591623263295e-01
6.484277399536413355e-01
6.515846591616774042e-01
6.515846591623144501e-01
6.515846476594816528e-01
6.515846591623263295e-01
5.790710054656915684e-01
6.515846591623263295e-01
6.515846591623263295e-01
5.790710054656915684e-01
6.515846591623263295e-01
6.515846591623263295e-01
5.503310041517200935e-01
6.515846591623263295e-01
5.790710054656913464e-01
6.515846591623263295e-01
5.790710054656915684e-01
6.515846591623263295e-01
6.515846591623263295e-01
6.515846328144123678e-01
6.515846591623263295e-01
6.515846591623263295e-01
6.515846591623263295e-01
6.515846591575935598e-01
6.515846591623263295e-01
6.515744773033211867e-01
6.515846591623263295e-01
6.515846591623263295e-01
6.515846591623263295e-01
6.515846591623263295e-01
6.515846591623263295e-01
6.515846591623263295e-01
6.515846591623263295e-01
6.515846591623263295e-01
6.515846591623263295e-01
5.790710054656915684e-01
6.515846591623263295e-01
5.790708978244917260e-01
5.790717820803558125e-01
6.515846591623263295e-01
5.337562915562014121e-01
6.503819649910813627e-01
6.515846591623174477e-01
5.497128341265007379e-01
5.497128341265007379e-01
5.497128341265007379e-01
6.515846588783489324e-01
6.515846591623152273e-01
6.515846591623263295e-01
6.515844879330194850e-01
6.515846591623263295e-01
6.513833869220768680e-01
6.515846446094715194e-01
5.790710054656911243e-01
6.515846591623263295e-01
6.515846591623262185e-01
6.515846591623263295e-01
6.515846591623263295e-01
5.790709456355350726e-01
5.790709456355350726e-01
5.167522414731512415e-01
5.167522414731512415e-01
5.167522414731512415e-01
6.511703983072244517e-01
6.511703983072220092e-01
6.513120279362358822e-01
6.515846591623263295e-01
6.515846591623263295e-01
6.515172211710474892e-01
5.790688063435119881e-01
6.513222245473601069e-01
6.515846591623263295e-01
6.515846591623263295e-01
6.515846591623263295e-01
6.515846591623261075e-01
6.515846591623263295e-01
6.515846591623263295e-01
5.750200838779591095e-01
6.515846591623262185e-01
6.515846591623263295e-01
5.790646990900180091e-01
6.515846591438336777e-01
6.513879998046933073e-01
6.515846591623263295e-01
5.790710052035037414e-01
6.515846591623263295e-01
6.515846591623263295e-01
6.515846591623263295e-01
6.515846591444822700e-01
6.515846573200463343e-01
6.515846591623263295e-01
6.515846591623263295e-01
6.515846591623263295e-01
5.237180478068124145e-01
5.237180478068124145e-01
5.237180478068124145e-01
6.515846591623263295e-01
6.515846591623263295e-01
6.515835309504238726e-01
6.515791807285531423e-01
5.790710054656915684e-01
6.515846583018518601e-01
6.515846591623263295e-01
6.515846591623263295e-01
6.515846591623263295e-01
6.484527503333195053e-01
6.497316375700504798e-01
6.515846591623263295e-01
6.274364449571522284e-01
6.513166898887072787e-01
4.940717079707058201e-01
4.940717079707058201e-01
5.237179663829709675e-01
5.341236709129231208e-01
6.515846591623263295e-01
6.515846591623263295e-01
6.515846591623263295e-01
5.790710054656915684e-01
6.515846591623263295e-01
5.337559259615652918e-01
6.515846591623263295e-01
6.515846591623263295e-01
6.515846591623263295e-01
6.515846591623263295e-01
6.515846591623263295e-01
6.515846591623263295e-01
6.515846591623263295e-01
6.515846591623263295e-01
6.515846591623263295e-01
5.777731462569055676e-01
6.515840030490670509e-01
6.515836289369455470e-01
5.790710054656915684e-01
6.515846591623263295e-01
6.515846591623263295e-01
5.497128341265005158e-01
5.497128341265005158e-01
6.515846591623263295e-01
5.448968997114056467e-01
5.448968997114056467e-01
6.515808957626370024e-01
6.515846591623263295e-01
6.515846591623263295e-01
6.515846591623263295e-01
5.497128341265007379e-01
5.497128341265007379e-01
5.497128341265007379e-01
6.515846591623263295e-01
5.337557320785151216e-01
5.337557320785151216e-01
6.515846591623263295e-01
6.515846591623265516e-01
6.515562145763280633e-01
6.515846591623263295e-01
5.790703319061418775e-01
5.337549189208277145e-01
5.236563213483429458e-01
5.236563213483429458e-01
5.236563213483429458e-01
6.515815757638149242e-01
6.515846591622702633e-01
5.769419688692828396e-01
5.234889957357128365e-01
5.234889957357128365e-01
5.032456848615379785e-01
6.515639620282138722e-01
6.515846591623263295e-01
6.515846591623262185e-01
6.515846591623263295e-01
6.515846591623263295e-01
6.515846591623263295e-01
5.237180478068124145e-01
5.237180478068124145e-01
5.237180478068124145e-01
5.237180478068124145e-01
5.448968997114056467e-01
5.448968997114056467e-01
6.515846591623263295e-01
5.790710054656915684e-01
6.515846591623263295e-01
5.702958212130718740e-01
6.515846591623263295e-01
5.790710054656915684e-01
4.987725199333020165e-01
4.987725199333020165e-01
4.987725199333020165e-01
4.987725199333020165e-01
4.987725199333020165e-01
5.337560600883599626e-01
5.337560600883599626e-01
6.515846591623263295e-01
5.790687508179396259e-01
5.790687508179396259e-01
6.515846579945234751e-01
6.515846591623263295e-01
5.448968486003703537e-01
5.448968486003703537e-01
6.515846591623263295e-01
5.790710054656915684e-01
6.515846591623263295e-01
6.505410189281080058e-01
5.742229136474339413e-01
5.790710054656913464e-01
5.790710054656913464e-01
6.515846591623263295e-01
5.337560866333727061e-01
6.515846591623263295e-01
5.168160375886349245e-01
6.515846591623263295e-01
5.168150558131977546e-01
5.324856981327099614e-01
6.492211111287101710e-01
5.168160375886349245e-01
6.515435259644297705e-01
6.515846591623263295e-01
5.790710054656915684e-01
6.515846591623263295e-01
6.515655523120277293e-01
6.515846591623263295e-01
6.515846591224702111e-01
6.515846591623263295e-01
6.515846591623263295e-01
6.515846591623263295e-01
6.515846591623263295e-01
6.515846591623263295e-01
5.790710054656915684e-01
6.515846591623263295e-01
5.117796622426624698e-01
5.117796622426624698e-01
5.117796622430327291e-01
6.515846588230171932e-01
6.515846591623263295e-01
6.515846589927968280e-01
5.497128341265010709e-01
5.497128341265010709e-01
5.790710054656915684e-01
6.515846591623263295e-01
6.515846363581744294e-01
6.515846591623263295e-01
5.790772052172344919e-01
6.515846591623263295e-01
6.515846591592359127e-01
6.515846591623263295e-01
6.515846591623263295e-01
6.515846591623263295e-01
6.515846591623263295e-01
5.337562915566628208e-01
5.497126411440190763e-01
5.497126411440190763e-01
5.497126411440190763e-01
5.790710019607610004e-01
5.790710019607610004e-01
5.168171295994798964e-01
5.168171295994770098e-01
5.168171295994770098e-01
5.168171295994770098e-01
5.790710054656913464e-01
5.790710054656913464e-01
6.515846591622705963e-01
5.497128341264878593e-01
5.497128341264878593e-01
5.790710054656913464e-01
5.790710054656913464e-01
5.790710054656915684e-01
5.790710054656913464e-01
5.790710054656913464e-01
5.790710054656913464e-01
5.790710054656913464e-01
5.790710054656915684e-01
5.790710054656915684e-01
5.497128341265007379e-01
5.497128341265007379e-01
5.790710054173004995e-01
6.515846591623263295e-01
5.790710054656915684e-01
6.515846591623263295e-01
6.515846591623263295e-01
6.515846099519401191e-01
6.515846591623263295e-01
6.515846591623245532e-01
6.515846591623263295e-01
5.790710054656915684e-01
6.515846591623263295e-01
6.515846481295460846e-01
6.515846591623263295e-01
6.515846591623263295e-01
6.515846099519400081e-01
5.790710054656913464e-01
5.790710054656913464e-01
5.337562915566625987e-01
5.337562915566625987e-01
5.337562915566625987e-01
5.790691456874403897e-01
5.790691456874403897e-01
5.337562915566625987e-01
5.337562915566625987e-01
5.790710054656913464e-01
5.790710054656913464e-01
6.515846591623261075e-01
6.515846591623263295e-01
6.515846591623263295e-01
5.790706510974735766e-01
5.790706510974735766e-01
6.515846591623263295e-01
6.515846591623263295e-01
6.515846396787356998e-01
6.515846591623263295e-01
6.515846591623263295e-01
6.515846591623263295e-01
6.515846591623263295e-01
5.790710054656915684e-01
6.515846591623263295e-01
6.515846591623263295e-01
6.515846591623263295e-01
5.497128341265007379e-01
5.497128341265007379e-01
5.497128341265007379e-01
6.515846591623263295e-01
6.515846591623263295e-01
6.515846591623263295e-01
5.790717820803558125e-01
6.515846591623263295e-01
6.515846591623263295e-01
6.515846591623263295e-01
6.515846591623263295e-01
6.515846591623263295e-01
6.515846591623263295e-01
5.341236709129231208e-01
6.515846591623263295e-01
6.515846591623263295e-01
6.515846591623263295e-01
6.515846591623263295e-01
6.515846591623263295e-01
6.515836810367642284e-01
5.770319314512031283e-01
6.515846591221455819e-01
6.515846591623263295e-01
6.515846591623263295e-01
5.790710054656915684e-01
5.790710054656915684e-01
6.515840030490672730e-01
6.515846591623263295e-01
6.515832233676253082e-01
6.515846591623263295e-01
6.515846591623263295e-01
6.515846591623263295e-01
6.515846591623263295e-01
6.515846591623263295e-01
6.515846591623263295e-01
6.515846591623263295e-01
6.515846591623263295e-01
6.515846591623263295e-01
5.790710054656915684e-01
6.515846527298040369e-01
6.515846591623263295e-01
6.515846591623263295e-01
6.515846591623263295e-01
5.497128335098081520e-01
5.497128341265010709e-01
5.497128341265010709e-01
6.515846591623263295e-01
6.515846591623263295e-01
6.515846591623263295e-01
6.512610381523995517e-01
6.515846591623263295e-01
6.515846591623263295e-01
5.788981733427103205e-01
6.515846591623263295e-01
6.515846591623263295e-01
6.515846591623263295e-01
6.515846591623263295e-01
6.515846591623263295e-01
6.515846591623263295e-01
6.515846591623237760e-01
6.515846591623263295e-01
5.601581688540384629e-01
6.515846554063772222e-01
6.515846587609351870e-01
5.790707199316443843e-01
6.515846591623263295e-01
5.788901760605730251e-01
5.337562753342960375e-01
5.337562753342960375e-01
5.790710054656897920e-01
6.477175530339237541e-01
6.515846587151566949e-01
6.515172211710478223e-01
6.515846591623263295e-01
6.515846591623263295e-01
5.497128341265007379e-01
6.515846591623263295e-01
6.515846591623263295e-01
5.790710054656915684e-01
6.515846591623262185e-01
6.515846591623263295e-01
6.515846591623263295e-01
6.515846591623263295e-01
6.515738305311382650e-01
6.515807512734175244e-01
6.515807512734175244e-01
6.515846364165204241e-01
6.515846591623263295e-01
6.515846591623263295e-01
6.515846591623263295e-01
6.515846591623263295e-01
5.790710054656915684e-01
6.515846591623263295e-01
5.351058881439435533e-01
5.351051388773386819e-01
5.790710054656915684e-01
5.749609580041361578e-01
5.790710054656915684e-01
5.351051388773386819e-01
6.515846591623265516e-01
5.790710054656915684e-01
5.790710054656915684e-01
6.515845084419559230e-01
6.515846591623263295e-01
6.515846591623263295e-01
6.515846587628674191e-01
6.515846591623263295e-01
6.515846591623263295e-01
6.485387007389092906e-01
5.790710054656915684e-01
6.515846591623263295e-01
6.515846591623263295e-01
5.237166707382329145e-01
5.168171378275921990e-01
5.168171378275921990e-01
5.168171378275921990e-01
5.337562915566625987e-01
5.337562915566625987e-01
5.337562915566625987e-01
5.117795655088654971e-01
5.117795655088654971e-01
5.117795655088654971e-01
5.168171378275919770e-01
5.168171378275919770e-01
5.168171378275919770e-01
5.168171378275919770e-01
5.168171378275919770e-01
5.168171378275919770e-01
6.515803951163615659e-01
6.515842463173389110e-01
6.515846591622229678e-01
5.168159911261962502e-01
6.515846591575935598e-01
6.515846591623263295e-01
5.168171378275846495e-01
6.515846591623263295e-01
5.790710054653588346e-01
5.790710054653588346e-01
6.515846591623263295e-01
6.515846591623263295e-01
4.940717079707058201e-01
4.940717079707058201e-01
4.940717079707058201e-01
4.940723880624313669e-01
4.940723880624313669e-01
5.790710054656913464e-01
5.790710054656913464e-01
5.497128340298508276e-01
5.237179663829709675e-01
5.497128340298508276e-01
5.237179663829709675e-01
5.237179663829709675e-01
6.515846591623263295e-01
6.515846591623263295e-01
6.515846591595018111e-01
6.515846591623263295e-01
5.790710054656915684e-01
6.515846591623263295e-01
6.515846591623263295e-01
5.790710054656915684e-01
6.515846591623263295e-01
6.515846591623263295e-01
6.515846591623263295e-01
5.351051388773386819e-01
5.351051388773386819e-01
6.515846591623263295e-01
5.790710054656915684e-01
6.515846591623263295e-01
5.790674648858643581e-01
6.515846591623263295e-01
6.515846591623263295e-01
6.515846591603992044e-01
6.515846591623263295e-01
6.515846589221570007e-01
6.515846589221571117e-01
5.790710054656915684e-01
6.515846591221134965e-01
5.790710054656893480e-01
6.515846591623263295e-01
5.790710054656915684e-01
6.515846591623263295e-01
6.515846591623263295e-01
6.515846591623263295e-01
6.515839335586616210e-01
6.515846591623263295e-01
6.510982676258872948e-01
6.515846591623263295e-01
6.515756728430384115e-01
6.515846591623263295e-01
6.515846591623263295e-01
6.515846591623263295e-01
5.790710054656915684e-01
5.790707282574605319e-01
6.515843523453677122e-01
6.515846591623263295e-01
6.515846591623263295e-01
6.515846591623263295e-01
6.515846591623263295e-01
6.515846591623263295e-01
6.515846591623263295e-01
6.515846591623263295e-01
5.168171378275921990e-01
5.168171378275921990e-01
6.515846591623263295e-01
5.790710054656915684e-01
5.790710054656915684e-01
6.515846591623263295e-01
6.515846591623263295e-01
5.790710054656915684e-01
6.515846591623263295e-01
6.513166898887077227e-01
6.515846591623263295e-01
6.515846591623263295e-01
5.790709532919217084e-01
6.515846591623263295e-01
6.515846591623263295e-01
6.515846591623263295e-01
6.515846591623263295e-01
6.515846591623263295e-01
6.515846591623263295e-01
6.515846591623263295e-01
6.515846591623263295e-01
6.515846591623263295e-01
6.515846591623263295e-01
6.515846591623263295e-01
6.515846591623263295e-01
6.515846591623263295e-01
6.515846591623263295e-01
6.515846591623263295e-01
6.515846548399248928e-01
5.790710054656915684e-01
5.790710054656915684e-01
6.515815435423354396e-01
5.790697320114855939e-01
6.515846591623263295e-01
5.790709705835880294e-01
5.790710054619565561e-01
5.790710054619565561e-01
6.515846591623263295e-01
6.292248886534298480e-01
6.515846591623263295e-01
5.337529395290013801e-01
6.515846591623263295e-01
5.790710054656913464e-01
5.790710054656897920e-01
6.515846591622211914e-01
6.515846591623263295e-01
6.515846591623263295e-01
6.515729152288889381e-01
5.785089540120784690e-01
6.515846486336716037e-01
6.515846591623263295e-01
6.515846591623263295e-01
5.351013700795571593e-01
6.393480391479006153e-01
6.462226726178675884e-01
5.776700585407794630e-01
5.271611644968650090e-01
5.114941440743071555e-01
5.007762584900338210e-01
5.341223297494154254e-01
5.351013700795571593e-01
5.503277183695030050e-01
6.515846591623263295e-01
5.557910438808297826e-01
5.114941440743071555e-01
5.007762584900338210e-01
5.803177528353102854e-01
5.220052096028512389e-01
4.986272267400179703e-01
5.408332043242171094e-01
5.012087315716503566e-01
6.515842453470064299e-01
5.790710054656915684e-01
6.515801836170699302e-01
5.790710054656913464e-01
5.497128341264442275e-01
6.515742231511653104e-01
5.337548417002460077e-01
5.408332043242171094e-01
5.408332043242171094e-01
5.506901079987898129e-01
6.515846591623263295e-01
6.515846591623265516e-01
5.790710054656913464e-01
6.515846591623263295e-01
5.497128341264442275e-01
5.790709781877034779e-01
6.515846591623263295e-01
6.515846591623263295e-01
6.515846591623262185e-01
6.515846591623263295e-01
6.515846591623263295e-01
5.495194953759291456e-01
6.515846591623263295e-01
5.790127152775778052e-01
5.491677020154869249e-01
5.790703319061418775e-01
6.515739316641768752e-01
5.790710054656915684e-01
6.515846591623263295e-01
5.790710054656915684e-01
6.515724667114010105e-01
6.484207359076264998e-01
5.341219950331708155e-01
5.341219950331708155e-01
5.803244638997173688e-01
5.790708688598278364e-01
6.514516653523959588e-01
6.484361047974108727e-01
6.484361047974112058e-01
5.268017289461821573e-01
6.515846472137091228e-01
5.503312343657823513e-01
6.087926563243829525e-01
5.341223297494154254e-01
5.797491056941308507e-01
5.790710054656915684e-01
6.515725788437998212e-01
6.515843866688770802e-01
6.515846591623263295e-01
5.790710054656915684e-01
6.482896512436070457e-01
5.790710018249335400e-01
5.514990059874461670e-01
5.337548417002460077e-01
5.803246389585090537e-01
5.497128340777853728e-01
5.790710054656915684e-01
6.087959212517267682e-01
6.515729152266660495e-01
6.515846591623263295e-01
6.515846591623254414e-01
5.790708688598278364e-01
6.515846591623111195e-01
5.780233174641298266e-01
5.519896580415267762e-01
5.497101921187449447e-01
6.515725011413782131e-01
5.777731460750069603e-01
5.749978381300072661e-01
5.749978381300072661e-01
5.337541548679209935e-01
5.337562915566625987e-01
5.794483260908290800e-01
5.790708900269447845e-01
6.515846481286090564e-01
5.761807833848143767e-01
5.519871066870137843e-01
5.790710054656915684e-01
5.337541548679209935e-01
5.790710054656915684e-01
6.515846591623263295e-01
6.515846591623263295e-01
6.515846579945236972e-01
6.515723677719650331e-01
5.973832171225724741e-01
5.503308053567732561e-01
6.515846591623263295e-01
5.012087315716503566e-01
5.503301122126460498e-01
5.337541548679209935e-01
5.777293026216957506e-01
5.497156735071498934e-01
6.515846591623263295e-01
5.117796622430327291e-01
5.117796622430327291e-01
6.454432984260393136e-01
5.959968653782905523e-01
5.790699926111259055e-01
5.117796622430327291e-01
5.836776344176823894e-01
6.515846591623263295e-01
6.461472036930712148e-01
5.790372478784738819e-01
6.223476169361489285e-01
5.239618624320029339e-01
6.515846591623263295e-01
5.497128341265007379e-01
6.515742319037411967e-01
6.515846591623263295e-01
6.515846591619837147e-01
5.803230568418964452e-01
6.480700727416423002e-01
5.758458055057474878e-01
6.515846591620109152e-01
6.431574301151524731e-01
5.168975320238424764e-01
6.515846591620113593e-01
6.515846591623263295e-01
6.515729055048039564e-01
5.335901987497518872e-01
5.803052174305199928e-01
6.393440129085657953e-01
6.515846591623263295e-01
5.785110204036794102e-01
6.431609733903738135e-01
5.412868919284756775e-01
5.790710054655680006e-01
5.497127287254514050e-01
5.497127287254514050e-01
5.790710052035037414e-01
5.787139143970677635e-01
6.485387007389091796e-01
6.515846402748948218e-01
6.515846591623197792e-01
4.940717079707058201e-01
5.991221286454929684e-01
5.497106748980529201e-01
5.502928381856421192e-01
6.515846481310136884e-01
6.515846591623263295e-01
6.479162367022669455e-01
5.785105164743803430e-01
6.515846591623265516e-01
6.515839746290474910e-01
5.790709119782119219e-01
5.733522321736094218e-01
5.497128341264442275e-01
5.497758814792583770e-01
6.471505744092503898e-01
5.497092725404103541e-01
5.785091079008302106e-01
5.437826091123408867e-01
6.515846591623263295e-01
6.477321113957037468e-01
6.515846591623263295e-01
6.514673605467306006e-01
5.497128340298508276e-01
5.481896944210353784e-01
6.515846588918452476e-01
5.790710054656891259e-01
5.790699130600391875e-01
6.378920528004079493e-01
5.110198659545425182e-01
6.515841335401906242e-01
5.944101570664754863e-01
5.236563213483429458e-01
5.786224999666975677e-01
5.497025997345351689e-01
5.803246401322258441e-01
5.168171378275921990e-01
6.515846591623263295e-01
5.803246401322258441e-01
5.790710054656915684e-01
5.790710018249335400e-01
6.515729051061492916e-01
6.515846591623263295e-01
6.515842453470069850e-01
6.515715749051201877e-01
6.484357277913889162e-01
6.515729152267374369e-01
5.790710054656915684e-01
6.515846591623263295e-01
6.515729152237889066e-01
6.515846591623263295e-01
5.790710054656915684e-01
6.515846591623263295e-01
6.515846591623263295e-01
6.515846591623201123e-01
6.515846494423136459e-01
5.761807833848143767e-01
6.515843506918768124e-01
6.515723798206146666e-01
5.437820194102055416e-01
5.503308053567732561e-01
4.986272267400179703e-01
6.515846591623263295e-01
5.414597194274358705e-01
6.421850791665223435e-01
5.790710054656915684e-01
6.515720786958638655e-01
5.803246344263489620e-01
6.515846591623263295e-01
5.422241775528747754e-01
6.515846591623263295e-01
6.396201877437935890e-01
5.790710054647498772e-01
5.790710054656915684e-01
5.790710054647498772e-01
5.032456848615379785e-01
5.049188447523332846e-01
5.941578894160234325e-01
5.012087315716503566e-01
5.117796622430327291e-01
5.048440584103287554e-01
5.468896314834067462e-01
5.790710054656915684e-01
5.468896314834067462e-01
6.515846591623263295e-01
5.497128341265005158e-01
5.497126697712523269e-01
6.515562145763281743e-01
5.049188447523332846e-01
6.515846591623263295e-01
5.048440584103287554e-01
5.337562915566625987e-01
5.117795655088654971e-01
5.049188447523332846e-01
6.515846591623263295e-01
5.790710054656915684e-01
6.515846590891605228e-01
5.048440584103287554e-01
5.049188447523332846e-01
5.790710054656915684e-01
5.790692542767440498e-01
6.515846591623263295e-01
5.790707057423705173e-01
6.515846591623263295e-01
6.515846591623263295e-01
6.515846591541063493e-01
5.117795655088654971e-01
5.048440584103287554e-01
6.515846591623263295e-01
5.790710053719670958e-01
6.515846587628674191e-01
6.515846591622784789e-01
6.515846591623263295e-01
5.337562157581721145e-01
5.801097294231696289e-01
6.515833086992872669e-01
6.515843507110703481e-01
5.519922179814450436e-01
5.790668067452622303e-01
5.337562157581721145e-01
6.515846591623263295e-01
5.237180478068126366e-01
5.337553752380288508e-01
6.515846591623263295e-01
6.515846591623263295e-01
6.515846591623263295e-01
5.164574159725699998e-01
5.168171295994798964e-01
5.237180478068126366e-01
5.790710054656915684e-01
5.790710054656915684e-01
5.463736542938701923e-01
6.156028900891105105e-01
5.497128341265007379e-01
5.337543875405718063e-01
6.515846587609351870e-01
5.497128335098081520e-01
5.495477943303967994e-01
5.790702420522330085e-01
5.337562915566625987e-01
5.237179698608187550e-01
5.337549189208277145e-01
5.237180478068124145e-01
5.497128341265007379e-01
5.790710054656915684e-01
6.515846591623263295e-01
5.790706641465527271e-01
5.341236709129231208e-01
5.237160544831401809e-01
5.239618624320029339e-01
5.168171378275846495e-01
5.237166707382329145e-01
5.168171378275846495e-01
4.940717079707058201e-01
6.500175445402097685e-01
6.515846591623263295e-01
6.307594811594531281e-01
5.790710054656915684e-01
5.337562915566625987e-01
6.515846591623263295e-01
6.515846591623263295e-01
5.049187975192678257e-01
6.515846591623263295e-01
5.790710054656913464e-01
5.790710054656913464e-01
6.515846591623263295e-01
6.515846591623263295e-01
5.049187975192678257e-01
6.515846591623263295e-01
6.515846591623263295e-01
6.515846591623264406e-01
5.337562915566628208e-01
5.497128341265007379e-01
6.515846591623263295e-01
6.515846591623263295e-01
6.515846591623263295e-01
6.480834373845251184e-01
5.790706990901508533e-01
6.515729152288890491e-01
6.515837493911713629e-01
5.337209136516765096e-01
5.731446677043477989e-01
5.790643500192630411e-01
5.363978475508819344e-01
5.235273574223697768e-01
6.515846591623263295e-01
5.168975320238424764e-01
5.503310041517200935e-01
6.515845536904097957e-01
5.790710054656915684e-01
5.168975320238424764e-01
6.515846591623263295e-01
6.515729151072542358e-01
6.480838595481871467e-01
5.790710054656915684e-01
6.515718987056682288e-01
5.269583218231354005e-01
5.503277183695030050e-01
5.790710054655680006e-01
5.497101921187449447e-01
6.506646775482594069e-01
6.515846591623263295e-01
5.237180478068124145e-01
5.497106748980529201e-01
6.515846570019442341e-01
6.515846591623263295e-01
5.502928381856421192e-01
5.497106748980529201e-01
6.515720786892743588e-01
5.496506653888993954e-01
6.515846591623263295e-01
5.790710054656915684e-01
5.966036470794385815e-01
5.032456848615379785e-01
5.032456848615379785e-01
5.337560866333727061e-01
5.790710054656915684e-01
5.049187975192678257e-01
6.515846591623263295e-01
5.049187975192678257e-01
4.987725199333020165e-01
6.515819057501512912e-01
5.324856981327099614e-01
4.986272267400179703e-01
5.336589709721450969e-01
5.237180477431537806e-01
5.910114786491017513e-01
5.973834278139399379e-01
5.497092725404103541e-01
5.337562915566628208e-01
5.337529395290013801e-01
5.337562915566625987e-01
4.987725199333020165e-01
6.515846481311265981e-01
5.437826091123408867e-01
5.337549226241513622e-01
6.515826673875343422e-01
6.515846588849677490e-01
5.337562753342960375e-01
5.237180478063405697e-01
6.327432018104155453e-01
6.515826640034551032e-01
5.790710054656915684e-01
5.790710054656915684e-01
6.515846402666750636e-01
5.790710054656915684e-01
6.515846591623263295e-01
6.515846591623263295e-01
5.234889957357128365e-01
5.790699130600391875e-01
6.515846591623263295e-01
6.515846591623263295e-01
6.515846591620109152e-01
6.515846591623263295e-01
5.497095929085865640e-01
6.515831226597521564e-01
6.374803646466272733e-01
6.515456791135221248e-01
5.166724509874991433e-01
5.168171378275921990e-01
6.515846591623263295e-01
6.515846591623263295e-01
5.478653471452544776e-01
6.514504261726319356e-01
5.367218808948649444e-01
6.515729152267374369e-01
6.515846591623263295e-01
6.515729152237891286e-01
5.497128341265007379e-01
5.351048763250747520e-01
5.437820194102055416e-01
5.012087315716503566e-01
4.986272267400179703e-01
5.750200838779591095e-01
6.515846591623263295e-01
5.497126697712523269e-01
5.032456848615379785e-01
5.049188447523332846e-01
5.117795655088654971e-01
5.048440584103287554e-01
5.497126697712523269e-01
5.032456848615379785e-01
5.497128341265007379e-01
5.049188447523332846e-01
5.168171299418079512e-01
5.790710054656911243e-01
5.048440584103287554e-01
6.515846591623263295e-01
6.515846591623263295e-01
6.515846591623263295e-01
5.271592933273834269e-01
6.307409258751547343e-01
6.515846591623263295e-01
5.495477943303967994e-01
5.337562915566625987e-01
5.237179698608187550e-01
5.112244980853882792e-01
5.237180478068124145e-01
5.337529395290013801e-01
5.164574159725699998e-01
5.237160544831401809e-01
5.237166707382329145e-01
5.337562915566625987e-01
6.515846591623263295e-01
6.515846591623263295e-01
6.515846591623263295e-01
5.497128341265007379e-01
5.337562915566625987e-01
5.497128341265007379e-01
5.337562915566628208e-01
5.049187975192678257e-01
6.515846591623263295e-01
6.080112672403555907e-01
5.269588323978579014e-01
5.802484719847222916e-01
5.459265602647558335e-01
5.241039330914508687e-01
5.519920140031513434e-01
6.515846591623263295e-01
5.497101921187449447e-01
6.515846591623263295e-01
6.515846591623263295e-01
5.337561731100559648e-01
5.337562915562014121e-01
5.123978974959846333e-01
5.168150558131977546e-01
5.790710054656915684e-01
6.477175725511830073e-01
5.336589709721450969e-01
5.234889957357128365e-01
5.237180477431537806e-01
5.414597194274358705e-01
5.012087315716503566e-01
6.515845696385914598e-01
6.515846585673458202e-01
5.337559259615652918e-01
4.987725199333020165e-01
5.337562915566628208e-01
5.168171295994798964e-01
4.987725199333020165e-01
6.270683824615256308e-01
5.337549226241513622e-01
6.515846591623263295e-01
5.519838028605720259e-01
5.337562915566625987e-01
5.237180478063405697e-01
4.940717079707058201e-01
5.790710054656915684e-01
6.515846591623263295e-01
5.789987547047883432e-01
5.768125468449672999e-01
5.237180478063405697e-01
6.515846591623263295e-01
6.443734738197419709e-01
6.515846591623263295e-01
5.790710054656915684e-01
5.497025997345351689e-01
6.515846591623263295e-01
5.337548417002460077e-01
5.557910438808297826e-01
5.341219950416511431e-01
5.367212420530523831e-01
5.325322338691969026e-01
5.268017998099864263e-01
6.515839124951198214e-01
5.351048763250747520e-01
5.790710054656915684e-01
5.790710054656915684e-01
6.515846591623263295e-01
6.515846591623263295e-01
6.515846591623263295e-01
5.769419688692828396e-01
5.790710054656915684e-01
6.515846591623263295e-01
5.164574159725699998e-01
5.237180478068126366e-01
6.515846591623263295e-01
5.790706641465477311e-01
6.515846591623263295e-01
5.337543875405718063e-01
5.495477943303967994e-01
5.790432291312000990e-01
6.515846591623252193e-01
5.337562915566625987e-01
5.237179698608187550e-01
5.463736542938701923e-01
5.790706641465527271e-01
5.237160544831401809e-01
5.787139143970677635e-01
6.515846591623263295e-01
5.168171378275846495e-01
4.940717079707058201e-01
5.337561731100559648e-01
6.515846591623263295e-01
5.337562915566625987e-01
5.790710054656915684e-01
6.515846591623263295e-01
6.474690368315940692e-01
5.790702254215894795e-01
5.497128341265007379e-01
6.515846591623263295e-01
5.497128341265007379e-01
5.497128341265007379e-01
5.337562915566628208e-01
5.497128341265007379e-01
5.790706990901508533e-01
5.237180478068124145e-01
5.110198659545425182e-01
6.484527503333197274e-01
5.337209136516765096e-01
5.235273574223697768e-01
5.220144555286810872e-01
5.790710054656913464e-01
6.515846591623263295e-01
6.515845536904096846e-01
5.168975320238424764e-01
6.515846591623263295e-01
5.790710054656915684e-01
5.335901987497518872e-01
5.241039330935380880e-01
5.167522414731512415e-01
5.237180478068124145e-01
6.515810841926870101e-01
5.496506653888993954e-01
5.337557320785151216e-01
5.495194953759291456e-01
6.515846591623263295e-01
5.032456848615379785e-01
5.168150558131977546e-01
5.168160375886349245e-01
5.790710054656915684e-01
5.496847811679489437e-01
5.236563213483429458e-01
5.336589709721450969e-01
5.234889957357128365e-01
6.479606856955753003e-01
5.237180477431537806e-01
5.790710054656915684e-01
4.986272267400179703e-01
6.515445872775341707e-01
6.515846591623263295e-01
6.515846591623263295e-01
4.987725199333020165e-01
5.337562915566625987e-01
5.337562915566628208e-01
5.337562915566625987e-01
6.515846591623263295e-01
5.337562915566625987e-01
6.514677402033615117e-01
6.362761823693395824e-01
5.168171378275846495e-01
5.237166707382329145e-01
5.168171378275921990e-01
6.387779113182938673e-01
5.790709705835880294e-01
5.497025997345351689e-01
5.337548416967092813e-01
6.515846591623263295e-01
6.515841253764765861e-01
6.515655523120279513e-01
5.337561731100559648e-01
5.790709119782119219e-01
6.515846591623263295e-01
6.515658029647986016e-01
5.367220743738023714e-01
5.790710054656915684e-01
5.049187975192678257e-01
5.790710054656915684e-01
5.308222221195295631e-01
6.515700963575113969e-01
6.515846591623263295e-01
4.940717079707058201e-01
5.790710054656915684e-01
5.790710054656915684e-01
6.515846591623263295e-01
4.987725199333020165e-01
4.940717079707058201e-01
5.790679505001484761e-01
6.485387003493940927e-01
5.168150558131977546e-01
6.515815435423355506e-01
6.515846591623263295e-01
6.515846591623263295e-01
6.515843865031741844e-01
6.515839330115714700e-01
5.497128341265007379e-01
5.168150558131977546e-01
5.168160375886349245e-01
5.168160375886349245e-01
4.940717079707058201e-01
5.790710054656915684e-01
5.790710049560022776e-01
4.940717079707058201e-01
6.515846591623263295e-01
6.485387003493943148e-01
6.515846591623263295e-01
6.515846591623263295e-01
5.754395136446874837e-01
6.515846591623263295e-01
5.790710054656915684e-01
6.350899383936231546e-01
6.350853367740481037e-01
6.327344276691765357e-01
6.515846591623263295e-01
6.515846591623263295e-01
6.344765881061712465e-01
6.515846591623263295e-01
5.790710054656915684e-01
6.515846591623263295e-01
6.515846588783490434e-01
6.515846591623263295e-01
5.790697135928506434e-01
5.790710054656893480e-01
6.515846591623263295e-01
5.790707282574605319e-01
5.790641741785551577e-01
6.515846591623263295e-01
6.515846591623263295e-01
6.515846591623263295e-01
5.790710054656915684e-01
6.515846591623263295e-01
6.515846591623263295e-01
6.515191671756919156e-01
6.515833086992871559e-01
6.515512557984978192e-01
6.515846591615169769e-01
6.515840990644166109e-01
6.515844415977779525e-01
5.112244980853882792e-01
5.790710054656915684e-01
6.515836008428498305e-01
5.790702420521178784e-01
6.515846591384478748e-01
5.337543875405718063e-01
5.702958212130718740e-01
6.515846590152856166e-01
6.515846591623263295e-01
6.515846591623263295e-01
6.515846591623263295e-01
6.515846591623185580e-01
6.497316375700507018e-01
5.803244638997175908e-01
6.515846591623263295e-01
5.790710054656915684e-01
5.790717820803560345e-01
6.515846591623263295e-01
5.790710054656915684e-01
6.515715145025194888e-01
5.790666656333316453e-01
5.790707199316443843e-01
6.515739317899257310e-01
5.718078653291679414e-01
6.515846591623263295e-01
6.196891338967670526e-01
6.515846591623263295e-01
5.790710054656902361e-01
6.515846591623263295e-01
6.515846591623263295e-01
6.515846591623263295e-01
6.515846591623263295e-01
6.515846591623263295e-01
5.790710054656915684e-01
6.515839746290342793e-01
6.515846591623263295e-01
5.337560866333727061e-01
6.515747085008218864e-01
6.515846591623263295e-01
6.515846591623263295e-01
5.790710054656915684e-01
5.337553752380288508e-01
6.515846591623263295e-01
6.350013207278855099e-01
6.064344311948375310e-01
5.733522321736094218e-01
5.790675639644236039e-01
6.350729288609930911e-01
5.733793302247722767e-01
6.196899384768459473e-01
6.380021828903079673e-01
6.515846591623263295e-01
6.515846591623263295e-01
5.790710054656915684e-01
6.515846591623263295e-01
6.515846591623263295e-01
6.515846591623263295e-01
5.502315875706255133e-01
5.790710054656913464e-01
6.393484960023450014e-01
5.569592149925992608e-01
6.515846591623263295e-01
6.515846591623263295e-01
6.515846591623263295e-01
5.790668068276941804e-01
6.515846591623263295e-01
5.146198634113359205e-01
6.004508799771740568e-01
6.515496920867120956e-01
6.515846590931222426e-01
5.790710054656915684e-01
5.790710054656915684e-01
6.515846591623263295e-01
6.515846591623263295e-01
6.515846591623263295e-01
6.481396931271279360e-01
6.515846591623263295e-01
6.515846591623263295e-01
5.114941440743071555e-01
5.114941440743071555e-01
6.514322972116448618e-01
6.515846591623263295e-01
5.790710054656915684e-01
5.337562157588864320e-01
5.235732743025479641e-01
5.790710054656915684e-01
5.750147604825783798e-01
5.750147604825783798e-01
5.790710054656915684e-01
6.515846591623263295e-01
5.790674648849526429e-01
6.515846591623263295e-01
6.515846591623263295e-01
6.515846591623263295e-01
5.790710054656915684e-01
5.790710054656915684e-01
5.790710054656915684e-01
6.515846591623263295e-01
5.500445156444201400e-01
6.515846591620113593e-01
5.790703915458864648e-01
5.790710054656913464e-01
6.514674306154494277e-01
5.235732743025479641e-01
5.790710053796364054e-01
5.790710054656915684e-01
5.790710054656915684e-01
5.790710054656915684e-01
6.515810048855329439e-01
6.515846591623263295e-01
6.515846590891605228e-01
5.790710054653588346e-01
5.790710054653588346e-01
6.515846591623264406e-01
5.790710054656915684e-01
6.515843058942044630e-01
5.790710054656915684e-01
6.515738930673473650e-01
6.515846591623263295e-01
6.515721406561979512e-01
5.790710054656915684e-01
5.790587081634446243e-01
6.515846591623263295e-01
5.790688063435119881e-01
6.515846591623263295e-01
6.515846591623263295e-01
6.515846591623263295e-01
5.790646990900180091e-01
6.515846591623263295e-01
6.515846591623263295e-01
5.337559259615652918e-01
5.337562915566625987e-01
6.515846591623263295e-01
5.659229752016226023e-01
5.790710054656915684e-01
5.337559259615652918e-01
5.790707074298109269e-01
5.790697135928506434e-01
6.515846591623262185e-01
5.790710054656915684e-01
6.515846591623263295e-01
6.515846591623263295e-01
6.515846591623263295e-01
6.515846591623263295e-01
6.515846481311265981e-01
6.515846591623263295e-01
6.515846591623263295e-01
6.515846591623263295e-01
5.790710054656915684e-01
6.473160010312359880e-01
5.500445156444201400e-01
5.205798048626700814e-01
6.515846591623263295e-01
5.235273574223697768e-01
6.515846591623263295e-01
6.515774307946368138e-01
6.515846591325414883e-01
5.337549189208277145e-01
5.007762584900338210e-01
6.515846591623263295e-01
5.237180478068124145e-01
5.167522414731512415e-01
6.515846392017089483e-01
5.518135243600315043e-01
5.779049018436872576e-01
6.515846591623263295e-01
6.515846591623263295e-01
6.515846591623263295e-01
5.802491303487797847e-01
5.335894485069843096e-01
5.496847811679489437e-01
6.515846591623263295e-01
6.515846591623263295e-01
6.515846591623263295e-01
6.515846591623263295e-01
6.515846591623263295e-01
6.515846591623263295e-01
6.515846591623263295e-01
6.515846591623263295e-01
6.515846591623263295e-01
5.503312343657823513e-01
6.195041867041101158e-01
5.780233174641298266e-01
6.430522211669668087e-01
6.515846476329167913e-01
6.515846591623263295e-01
5.797436085184843879e-01
6.515846591623263295e-01
5.758458055057474878e-01
5.675245407165818712e-01
6.515846591623263295e-01
6.515846591623263295e-01
5.873630750764090580e-01
6.515846591623263295e-01
6.479172932566770182e-01
6.515846475981241781e-01
5.221379032472915904e-01
5.776700585407794630e-01
5.221379032472915904e-01
6.514409144890001002e-01
5.170001207209838912e-01
5.288952259764562180e-01
5.221379032472915904e-01
5.170001207209838912e-01
5.661250152534951230e-01
5.497126626393529225e-01
5.170001207209838912e-01
6.515846591546706756e-01
6.515846591546706756e-01
6.468167054773878988e-01
6.515499649098547286e-01
6.515846591623263295e-01
5.235732743025479641e-01
6.393432617817733643e-01
5.754395134316868665e-01
5.236909770528906938e-01
5.754395134316868665e-01
5.497128341228439963e-01
5.803244638996909455e-01
6.515846591623263295e-01
5.497128341228439963e-01
6.479038079692559515e-01
6.426916564380507069e-01
5.790710054656915684e-01
6.473160004316728111e-01
6.515846591623263295e-01
6.515846591623263295e-01
6.515846591623263295e-01
6.515842090341855686e-01
6.515846591623263295e-01
6.515846591623263295e-01
6.515846591623263295e-01
6.515846591623263295e-01
6.515846591623263295e-01
6.486574007576580980e-01
6.515846591623263295e-01
5.790710054580971988e-01
6.515809742477012279e-01
6.515846591623263295e-01
5.474413447787840337e-01
5.479707317028064129e-01
6.515846591623263295e-01
6.515846591623263295e-01
5.479707317028064129e-01
5.790710054656915684e-01
6.515846579276632911e-01
6.432029014340558959e-01
5.790710054656915684e-01
5.491915909826581288e-01
6.515818581147563293e-01
5.579762145013384966e-01
6.515845916101888902e-01
5.169227197964999521e-01
6.515846591623263295e-01
5.786750731168296413e-01
6.515843866688773023e-01
5.783084526694286520e-01
5.337555168639646075e-01
5.784441214419109301e-01
5.337555168639646075e-01
5.795277003697714147e-01
6.515846591623263295e-01
6.515846591623263295e-01
6.515846591623263295e-01
5.168171378268466842e-01
6.515846591623263295e-01
5.166724509874991433e-01
6.515846591623263295e-01
5.168171378268466842e-01
6.515846591623263295e-01
5.790710054656915684e-01
6.515846591623263295e-01
5.168171378268466842e-01
5.761809938943632803e-01
6.376437476027603246e-01
6.515846591623153383e-01
5.777275837202149322e-01
6.473735585753891408e-01
5.784009796987983343e-01
6.484357406545310232e-01
6.484357430965109748e-01
6.484357683441357434e-01
5.508636019198721590e-01
6.479162171129122516e-01
5.236909770528906938e-01
5.235732743025479641e-01
6.484327035030273967e-01
6.484323092942978484e-01
5.236909770528906938e-01
6.515846591623263295e-01
5.491915952019824632e-01
6.515806428724004729e-01
5.337555168639646075e-01
5.760835304092843945e-01
6.484361108148690711e-01
6.484357743472953794e-01
6.484357678355483490e-01
5.790710054656915684e-01
5.785742516375054212e-01
6.515846591623263295e-01
6.515846590982707909e-01
5.508636019198721590e-01
6.515846591623263295e-01
6.515846591623263295e-01
6.515846591623263295e-01
6.515846591623263295e-01
6.515846591623263295e-01
6.515742319737881649e-01
6.515846591623263295e-01
5.790710054656915684e-01
5.790710054656915684e-01
6.515846591623263295e-01
6.515846591623263295e-01
6.270683824615257418e-01
5.790710054656915684e-01
5.790710048126871401e-01
5.790710054656915684e-01
5.779804665440869682e-01
6.506025385907596714e-01
6.477376327099235720e-01
5.789858942541212805e-01
6.515846591623263295e-01
6.515846591623263295e-01
6.515846591623263295e-01
6.515846591623263295e-01
5.675245407165818712e-01
5.478653471452544776e-01
6.484229049568175363e-01
5.437820194102055416e-01
6.480838595306893657e-01
5.007762584900338210e-01
5.459265602647558335e-01
6.476208548097117657e-01
5.790643499959270413e-01
5.788072517456938071e-01
5.328147254424449031e-01
5.221379032472915904e-01
5.007762584900338210e-01
5.474413447787840337e-01
5.325322338691969026e-01
5.803057054172205964e-01
5.366983492145267487e-01
5.328147254424449031e-01
5.328147254424449031e-01
6.515846591622455053e-01
5.437826154149235647e-01
6.511827583740897873e-01
5.797421962377813376e-01
5.114941440743071555e-01
5.959968643234374586e-01
5.488637982466458842e-01
5.488637982466458842e-01
5.790710054656882377e-01
5.507609360834411216e-01
5.755267125813881002e-01
6.479127535190134513e-01
5.562518985137295813e-01
6.515846591623263295e-01
5.497126697712484411e-01
5.497126697712484411e-01
5.790710054656911243e-01
5.497126697712484411e-01
6.515841799879963370e-01
5.168171378275921990e-01
5.790772052172347140e-01
6.486574007576583201e-01
6.515846591623263295e-01
5.790717820803560345e-01
5.797416083523170283e-01
6.409843090974217672e-01
6.409864844642202408e-01
5.790710054656915684e-01
5.790672744073005473e-01
5.790709736674166663e-01
6.389919041043773396e-01
5.778398361548853224e-01
6.483882743588204045e-01
5.288948963583121055e-01
6.090651139646543477e-01
6.484242897381655713e-01
6.484243811865693097e-01
6.481284266555281670e-01
6.480168370908481190e-01
6.515729040916530268e-01
5.513430825148831760e-01
6.515846591623263295e-01
6.509471430368835021e-01
6.484242779562844339e-01
5.760835304092843945e-01
6.484243816922633519e-01
5.337560600883599626e-01
6.515846591623263295e-01
6.484361108148692932e-01
5.057669096328269998e-01
5.007762584900338210e-01
5.675170879083414333e-01
6.506761763441397672e-01
5.324856981327099614e-01
6.484243877057948025e-01
6.484234090484938262e-01
6.484234066028093935e-01
6.515457841392393590e-01
6.515846591623263295e-01
6.515846591623263295e-01
6.515739317937143671e-01
6.515846591623263295e-01
6.515846591623263295e-01
5.803177348847595729e-01
5.790587079122442304e-01
5.497128341265007379e-01
5.497128341265007379e-01
6.515846591623263295e-01
5.601580486703451323e-01
6.515846591623262185e-01
6.515846591623258854e-01
5.788901760605730251e-01
5.337562753342960375e-01
5.437826091123408867e-01
5.502999755494440981e-01
5.790666656333316453e-01
5.550752410162643757e-01
6.515814956666560187e-01
6.515846591623263295e-01
5.112244980853882792e-01
5.123978974959846333e-01
5.744969493091284241e-01
5.497128341265007379e-01
6.515739029209962618e-01
5.237180478068124145e-01
5.167522414731512415e-01
5.337562915562014121e-01
5.337557320785151216e-01
6.515843436410442280e-01
6.515846591623263295e-01
5.790710054656915684e-01
6.515846591623263295e-01
6.515842578603522339e-01
6.515846591623263295e-01
6.515846591623261075e-01
6.511559181372017502e-01
6.491116318556280351e-01
5.123978974959846333e-01
6.515810841926873431e-01
5.337562915566625987e-01
6.515846591551073264e-01
5.166724509874991433e-01
5.777731462569055676e-01
5.790710054656915684e-01
6.515846527298043700e-01
6.515739318023564541e-01
5.790710054656915684e-01
6.515846591623263295e-01
6.515735026480353742e-01
5.237180478068124145e-01
5.790710054656915684e-01
5.464252255250230395e-01
6.515846591623263295e-01
6.515846232455594356e-01
6.515846591623262185e-01
6.515846591623263295e-01
6.515846579279782613e-01
6.515846591623263295e-01
5.337562915562014121e-01
6.515846591438462232e-01
5.168171378275921990e-01
5.790709532919217084e-01
5.481896944210353784e-01
6.343615240442589398e-01
5.337560600883599626e-01
5.790710054656915684e-01
5.790710054656915684e-01
6.515846591623263295e-01
5.351058881439435533e-01
5.351051388773386819e-01
5.790710054656915684e-01
5.790672776159387913e-01
5.749609580041361578e-01
5.790710054656915684e-01
5.351051388773386819e-01
5.790710054656915684e-01
5.790710054656915684e-01
5.790312968384789816e-01
5.168171378275921990e-01
5.790710054656915684e-01
6.515846591623263295e-01
6.515846591623263295e-01
5.497126626393529225e-01
5.351058881439435533e-01
5.790708978244917260e-01
5.790710054656915684e-01
6.515742319737882760e-01
5.351051388773386819e-01
5.351051388773386819e-01
5.337562915566625987e-01
5.785097547714536104e-01
6.515846591623263295e-01
5.790674648858643581e-01
5.790710054656525996e-01
6.515813350616604938e-01
6.515846587599726236e-01
6.515846591623263295e-01
5.337560866333727061e-01
6.515811957993181691e-01
6.515846591623263295e-01
6.515846591623263295e-01
6.515846591623263295e-01
6.515846591623263295e-01
6.515846591623263295e-01
6.515739317965377753e-01
5.341223297494154254e-01
6.478553607015833382e-01
6.515846591623263295e-01
6.515846591623263295e-01
5.790710054656915684e-01
5.790710054656915684e-01
6.515846591623263295e-01
5.519930655747247172e-01
6.515846591623263295e-01
6.515846591623263295e-01
6.515739317903700423e-01
5.790710054656915684e-01
6.515846591623263295e-01
5.790710054656915684e-01
5.790710054656915684e-01
5.790697320114855939e-01
