8.387187667177830264e+00
8.340635528391864284e+00
8.287589227528680880e+00
8.341166908648739664e+00
8.278406609446401276e+00
8.298743593707017752e+00
8.364318277485482511e+00
8.353484336159807455e+00
8.267578602060998705e+00
8.354302331300793583e+00
8.350780171209526870e+00
8.368914154910143566e+00
8.277411587261688908e+00
8.277411587261688908e+00
8.277411587261688908e+00
8.277411587261688908e+00
8.422185902389646373e+00
8.340049313925376850e+00
8.456586500000703666e+00
8.388354923150743048e+00
8.391201349932373432e+00
8.343623760943010836e+00
8.339373886284956683e+00
8.360965647697774727e+00
8.334565150550391266e+00
8.342604936055444398e+00
8.335720267925500693e+00
8.368335170223108577e+00
8.262829446775304731e+00
8.262829446775304731e+00
8.262829446775304731e+00
8.265272922554016688e+00
8.368874911767909097e+00
8.289062782685100217e+00
8.289062782685100217e+00
8.289062782685100217e+00
8.391486421135629925e+00
8.391486421135629925e+00
8.383324544043592397e+00
8.388389283029415111e+00
8.366890277314613655e+00
8.346323147568043055e+00
8.424240640947658676e+00
8.405422882641788718e+00
8.331755670001243175e+00
8.397716034514735028e+00
8.317729444184688958e+00
8.341860361801590074e+00
8.380037727894070088e+00
8.336239244794379388e+00
8.412923628547527954e+00
8.359953288426932971e+00
8.350268017731245607e+00
8.368335170223108577e+00
8.343593291860853967e+00
8.293504189875193333e+00
8.355708878465241796e+00
