4.914979952893591530e+01
5.121344095473143909e+01
4.588457240997043840e+01
5.095162789230063538e+01
4.551477262763073384e+01
4.470159015211439879e+01
4.148002864588878680e+01
4.253670563134106430e+01
4.207350238495283179e+01
2.694393227579852379e+01
2.741495584095122950e+01
5.210845344955178149e+01
4.047553742694679357e+01
4.047553742694679357e+01
4.047553742694679357e+01
4.047553742694679357e+01
3.395975863142739826e+01
3.266419867793807441e+01
1.932866649125787362e+01
6.140771846430956771e+01
5.596304238394698416e+01
3.172250675129581055e+01
3.694512692679289501e+01
3.112178070037915489e+01
3.423026012652239558e+01
3.534181005013201116e+01
4.844279791544389013e+01
4.488593059032493215e+01
4.308012457099496118e+01
4.308012457099496118e+01
4.308012457099496118e+01
4.164389510629926150e+01
3.339617680139326694e+01
4.646261817710875164e+01
4.646261817710875164e+01
4.646261817710875164e+01
3.942570942593974337e+01
3.942570942593974337e+01
6.082543940728988474e+01
2.932126071785285504e+01
2.590794034983250071e+01
2.826026118609120985e+01
6.809089075581994166e+01
3.400082975403256569e+01
4.547881993355137809e+01
5.917562428956131981e+01
4.869923800704640371e+01
5.247161893227841745e+01
4.254092345585885226e+01
4.783062744110592490e+01
6.520563614581261902e+01
5.600997495024382999e+01
5.497718463745595585e+01
4.488593059032493215e+01
3.213311727019907948e+01
4.106705222160232438e+01
4.380789352181311358e+01
