1.157815432231954276e+02
1.140087842428387859e+02
1.139997141269616918e+02
1.142801602289343350e+02
1.170545043432987740e+02
1.139901180452948779e+02
1.140569036753041559e+02
1.141295964733546242e+02
1.139982710543057891e+02
1.140443194489759833e+02
1.140575146506945572e+02
1.140293561153677331e+02
1.156907978056926538e+02
1.142930059232763682e+02
1.144562783974937759e+02
1.142466180616774096e+02
1.154506111403656803e+02
1.139946332881650477e+02
1.140919036276887510e+02
1.157271841135058850e+02
1.148408179855452005e+02
1.163501523109098486e+02
1.140226123631574069e+02
1.140593610212395248e+02
1.144892590428688095e+02
1.144020342348391068e+02
1.142197498235227897e+02
1.140384141825956590e+02
1.139966195027880076e+02
1.139924268216878858e+02
1.139959917877434492e+02
1.139959917877434492e+02
1.151883180847295023e+02
1.139873393430188599e+02
1.139873393430188599e+02
1.140940163904010234e+02
1.141003819698582049e+02
1.141826850336876760e+02
1.141442127117051655e+02
1.140616751233539645e+02
1.141590332396744003e+02
1.140454411143517888e+02
1.141324466888120384e+02
1.140195716794866598e+02
1.154775673334830373e+02
1.145647343788686072e+02
1.140481397652270488e+02
1.139833380634067055e+02
1.139976619441905115e+02
1.146656603025217009e+02
1.144742169494052604e+02
1.141147325049717125e+02
1.153334839632014734e+02
1.142848505444851099e+02
1.139824736311277320e+02
1.140311384696704238e+02
1.140451004040288296e+02
1.140940163904010234e+02
1.139826954285223479e+02
1.140587366318089124e+02
1.140329946424928380e+02
1.144241092242751705e+02
1.142740562245485592e+02
1.142740562245485592e+02
1.141523035467180875e+02
1.140500775494495969e+02
1.140740121543298784e+02
1.139710841269979653e+02
1.141071648727823060e+02
1.139680373404180784e+02
1.139970529786343434e+02
1.142641356086811868e+02
1.140133152780821746e+02
1.139763455654332063e+02
1.143166100207329947e+02
1.140556291486998077e+02
1.147971136160039833e+02
1.141653598378219954e+02
1.141435308443647898e+02
1.141086009333767919e+02
1.140671150378122718e+02
1.143525967035024280e+02
1.140556980344732665e+02
1.143046309213840317e+02
1.144949501559937772e+02
1.143327457229926267e+02
1.140616020887061097e+02
1.147142405197906356e+02
1.147934498719857004e+02
1.145313413652570063e+02
1.151168875279781929e+02
1.141252960855661627e+02
1.139870750602037930e+02
1.139662962424178687e+02
1.140514184069932497e+02
1.140514184069932497e+02
1.140550231446878655e+02
1.140830550642671000e+02
1.140311470054826515e+02
1.140718380934277008e+02
1.142010641199884304e+02
1.139712693230308247e+02
1.140849214621188281e+02
1.139946332881650477e+02
1.140858256750787945e+02
1.139749864826766981e+02
1.141894173996845865e+02
1.143186446413597253e+02
1.139743085054306277e+02
1.140508876626980310e+02
1.141981281806950648e+02
1.146514950534200352e+02
1.140130615103349498e+02
1.141220273744228990e+02
1.143290941729083272e+02
1.144850498179771705e+02
1.146924201306370605e+02
1.140115784661637406e+02
1.140145134141075545e+02
1.139662962424178687e+02
1.148635662939870059e+02
1.146924202496570189e+02
1.140311470054826515e+02
1.140889914738012720e+02
1.139683413250284048e+02
1.139683413250284048e+02
1.143154883798959531e+02
1.152530672039114563e+02
1.140749969086870692e+02
1.142468872412528924e+02
1.141027440618743327e+02
1.147370087389978863e+02
1.149697877207578358e+02
1.144045474349979514e+02
1.145921216106130345e+02
1.139648332352396665e+02
1.140354062671796953e+02
1.146509310813134732e+02
1.146509310813134732e+02
1.151581960657968438e+02
1.141616267572575225e+02
1.146163820130319806e+02
1.140461939752359797e+02
1.141775568830123433e+02
1.141265659378206152e+02
1.141265659378206152e+02
1.145259745132560454e+02
1.142547609367242245e+02
1.140970316008003778e+02
1.140514830501259667e+02
1.141775568830123433e+02
1.141142629231992771e+02
1.141173310176670412e+02
1.140639096951120735e+02
1.140495055791506189e+02
1.140187558853475025e+02
1.141069946388106615e+02
1.140970316008003778e+02
1.142478464529202142e+02
1.142194938876117050e+02
1.143743148415105964e+02
1.141441611202607049e+02
1.142762761570279793e+02
1.150021517068496451e+02
1.141259126276875122e+02
1.144618853085517713e+02
1.144339639448385668e+02
1.140858294830853481e+02
1.139996703999486698e+02
1.140924614299706690e+02
1.144825661300924935e+02
1.150777076380918373e+02
1.144424509313396356e+02
1.141918525502669581e+02
1.140584143054804542e+02
1.139955332646000699e+02
1.139954469381840880e+02
1.140049862795597306e+02
1.140695188797555204e+02
1.139770990664045343e+02
1.160559450894415932e+02
1.147139325709586899e+02
1.140980214600830749e+02
1.141779515685242359e+02
1.142553495645765338e+02
1.152555443910391801e+02
1.161945357243435240e+02
1.146331368373169255e+02
1.235021906422469300e+02
1.141567750782987503e+02
1.140969064193415363e+02
1.140860698719475579e+02
1.140009193223063875e+02
1.140009193223063875e+02
1.140371635176430658e+02
1.140371635176430658e+02
1.139779748158875634e+02
1.140287720612102902e+02
1.140287720612102902e+02
1.141074092584069462e+02
1.141629154470158198e+02
1.139672130498532709e+02
1.140322836094288022e+02
1.151159015647657640e+02
1.146574720101230582e+02
1.143680629251646224e+02
1.143058370999276718e+02
1.141155189167972708e+02
1.143450858160327783e+02
1.142249203086727221e+02
1.140001328631524871e+02
1.146349807655071231e+02
1.139798941722287822e+02
1.139800124720885179e+02
1.139800124720885179e+02
1.139800124720885179e+02
1.139875727760611426e+02
1.139830966226635667e+02
1.139830966226635667e+02
1.139830966226635667e+02
1.140190488009734651e+02
1.140190488009734651e+02
1.146440284826766458e+02
1.139712719063168578e+02
1.141918553523878757e+02
1.141574039643022331e+02
1.140400506805433167e+02
1.140400506805428620e+02
1.139845728215236278e+02
1.141930288137897662e+02
1.140124274751748601e+02
1.140124274751748601e+02
1.144739373519818031e+02
1.144312112029996200e+02
1.143010981827858501e+02
1.139776551433363494e+02
1.147827655885193252e+02
1.139832361628847224e+02
1.139832361628847224e+02
1.143180543632703490e+02
1.148816112523729487e+02
1.145509641966587822e+02
1.145208106013374163e+02
1.169386669490320969e+02
1.240294151316310405e+02
1.142263660228480262e+02
1.148872659440229995e+02
1.139818994342185476e+02
1.148369439805245520e+02
1.180463291251390956e+02
1.142033615247412826e+02
1.140735507846431318e+02
1.172999438122092926e+02
1.139768480287711299e+02
1.139868766522931764e+02
1.156717504400097880e+02
1.155827959559495923e+02
1.143232012710144119e+02
1.150056844686459243e+02
1.140157042267240826e+02
1.149494781520390490e+02
1.150938662436018376e+02
1.154507028032862479e+02
1.139699803239571168e+02
1.177857486949116321e+02
1.146870627233192863e+02
1.140009899518559990e+02
1.140480544034162165e+02
1.141728982359125837e+02
1.141922936986160266e+02
1.141809795972803983e+02
1.145676987006004595e+02
1.263189849122534127e+02
1.141683506230716034e+02
1.190910607977318136e+02
1.142463170544999258e+02
1.143012338032058750e+02
1.238145200757859641e+02
1.140074854481957516e+02
1.139978678120414912e+02
1.143800272871466746e+02
1.205442396221723982e+02
1.142318845648067906e+02
1.146155042090791767e+02
1.144296567813305785e+02
1.151801495229519929e+02
1.145441100440942108e+02
1.145441100440942108e+02
1.143701251663309364e+02
1.141389649576188674e+02
1.140630759406188872e+02
1.148527011469492436e+02
1.141842532160581669e+02
1.144418310356492725e+02
1.144418310356492725e+02
1.144054539775035693e+02
1.142339116136226238e+02
1.143780116155776483e+02
1.181635049615438930e+02
1.144067024115573759e+02
1.144061254992255527e+02
1.150870515325662637e+02
1.146191429479584798e+02
1.143282646996180034e+02
1.140448138832816625e+02
1.139917397453092320e+02
1.139917397453092320e+02
1.139917397453092320e+02
1.140050861529601036e+02
1.142793299269953593e+02
1.140327940597035621e+02
1.139723944428916127e+02
1.141032601760048664e+02
1.140239815530989205e+02
1.140239815530989205e+02
1.139643342410163172e+02
1.140321746348300991e+02
1.140444929493951634e+02
1.140551472055109770e+02
1.139737798762129870e+02
1.139737798762129870e+02
1.141664999512203309e+02
1.140329693832674138e+02
1.141660648089869596e+02
1.151742960421218243e+02
1.147634822121447513e+02
1.139803763216141448e+02
1.144108693105354320e+02
1.141992308329782588e+02
1.143451381453991758e+02
1.141905308125569292e+02
1.141293550474465803e+02
1.140315479447430818e+02
1.140193088927378824e+02
1.140169154712666995e+02
1.140183925995367673e+02
1.140149578650838009e+02
1.140379060404837475e+02
1.139841042306307344e+02
1.148115843785526238e+02
1.139697676869850937e+02
1.140090297735891767e+02
1.140526391068370202e+02
1.139797332872634001e+02
1.146521721465669543e+02
1.141855203641200660e+02
1.140484511851529703e+02
1.155383619489715841e+02
1.161160686644779645e+02
1.172413934101016935e+02
1.155659573374187516e+02
1.158381073849610061e+02
1.143354800070229658e+02
1.141025702796745378e+02
1.143887426647725931e+02
1.139716301484219798e+02
1.141940038367263952e+02
1.140026571108922582e+02
1.144401654432630266e+02
1.140527276331373372e+02
1.139808814565410415e+02
1.143478528120507747e+02
1.146652591989519863e+02
1.139803763216141448e+02
1.139678112067236100e+02
1.141287122937492882e+02
1.139959635031406435e+02
1.139959635031406435e+02
1.139959635031406435e+02
1.144023954443727149e+02
1.139949723890752011e+02
1.140369184883551981e+02
1.140136103388261688e+02
1.143693844366864028e+02
1.143180395550457575e+02
1.143072324340966617e+02
1.146376563567670672e+02
1.141789784921168831e+02
1.139688983553202632e+02
1.139898039309621680e+02
1.140740069231896570e+02
1.139753562441051429e+02
1.139651152023028970e+02
1.139651152023028970e+02
1.139651152023028970e+02
1.139651152023028970e+02
1.143446701561613281e+02
1.140073077775563917e+02
1.141169053162333569e+02
1.139893534812852067e+02
1.139958825752928533e+02
1.140260946879765385e+02
1.143630273873635161e+02
1.144895453827428042e+02
1.140261021155093033e+02
1.140261021155093033e+02
1.141789784921168831e+02
1.139973577677306764e+02
1.140169430895694092e+02
1.140169430895694092e+02
1.140603926259634022e+02
1.140603926259634022e+02
1.140603926259634022e+02
1.140603926259634022e+02
1.140603926259634022e+02
1.141143876542865456e+02
1.141143876542865456e+02
1.140261021155093033e+02
1.140850669887505688e+02
1.139710670234631920e+02
1.139710670234631920e+02
1.139843389656810047e+02
1.177358688794368362e+02
1.140928295471258593e+02
1.140063552160839322e+02
1.143198034282369520e+02
1.141320101561344558e+02
1.141270318741304806e+02
1.151713761460565166e+02
1.146303313183656343e+02
1.148917994194805914e+02
1.142717537627987241e+02
1.142717537627987241e+02
1.142717537627987241e+02
1.142717537627987241e+02
1.142717537627987241e+02
1.156618071923964948e+02
1.144028026560868909e+02
1.140465482879653791e+02
1.140465482879653791e+02
1.140465482879653791e+02
1.153884514157450383e+02
1.142160922009538098e+02
1.145882356643121369e+02
1.145882356643121369e+02
1.145882356643121369e+02
1.142384879215929487e+02
1.142800725096996786e+02
1.142800725096996786e+02
1.139853767484803200e+02
1.144163215136919405e+02
1.143686500479319506e+02
1.144526461119903757e+02
1.140420749060501180e+02
1.141290620874254813e+02
1.141984704614926898e+02
1.141984704614926898e+02
1.141984704614926898e+02
1.146046994738065905e+02
1.143377451709344825e+02
1.143377451709344825e+02
1.143377451709344825e+02
1.143377451709344825e+02
1.143377451709344825e+02
1.141947574283296376e+02
1.151240711383010904e+02
1.144163215136919405e+02
1.144337186411899268e+02
1.139846037388712716e+02
1.140011628365859053e+02
1.140044512057117458e+02
1.141882008719717447e+02
1.149814624160479468e+02
1.149814624160479468e+02
1.143577830982018781e+02
1.236967535246342891e+02
1.154156699764488963e+02
1.143132280722177683e+02
1.143473421871160554e+02
1.141371264910095391e+02
1.140591824577827111e+02
1.143009056657084130e+02
1.148359873246653109e+02
1.142293519371502981e+02
1.142315156016576339e+02
1.141981281806950648e+02
1.141022119227875038e+02
1.140100796391845535e+02
1.140173724841922365e+02
1.143215380139426429e+02
1.141177998434620804e+02
1.143386357956965611e+02
1.141502933092875480e+02
1.140863168327353634e+02
1.140849214621188281e+02
1.140821979368688801e+02
1.143221942270462534e+02
1.147022975372562001e+02
1.140167418590251600e+02
1.140473398530317297e+02
1.184282666377994815e+02
1.157931859075293630e+02
1.149638131570387429e+02
1.170689084137540874e+02
1.141773072564828766e+02
1.159872449042525773e+02
1.141374348372660990e+02
1.140660679190972786e+02
1.144971407932609395e+02
1.143309809283187377e+02
1.142299558834300228e+02
1.145001891398718641e+02
1.145588844306049765e+02
1.297279641073067751e+02
1.140744573382462335e+02
1.141095528260955234e+02
1.141095528260955234e+02
1.141095528260955234e+02
1.141438209575411520e+02
1.288765385816126354e+02
1.382898582192214860e+02
1.459543219649311538e+02
1.168268534262932121e+02
1.147858118632697426e+02
1.140735791429362394e+02
1.147268173342490343e+02
1.139823523470175246e+02
1.147308066735352838e+02
1.145823149722307477e+02
1.158759181406159939e+02
1.141722173370073534e+02
1.144541080419571841e+02
1.139862189929544343e+02
1.139862189929544343e+02
1.139755029050483444e+02
1.139798073274091905e+02
1.140358430390043623e+02
1.140408260510539549e+02
1.139784981217424331e+02
1.139784981217424331e+02
1.141540938674430379e+02
1.140207326012099003e+02
1.140207326012099003e+02
1.140770484343383941e+02
1.140032708160870243e+02
1.159382295651427484e+02
1.139945855310536302e+02
1.139945855310536302e+02
1.139702904282964937e+02
1.140115718293423015e+02
1.140115718293423015e+02
1.140115718293423015e+02
1.141824188548835508e+02
1.140131214500358681e+02
1.140009236356299880e+02
1.140142941476529614e+02
1.144034722145460847e+02
1.143300576916193450e+02
1.141656902246501630e+02
1.141846700959776655e+02
1.147452819388356602e+02
1.143097497928457926e+02
1.142490269630593502e+02
1.143303598600252258e+02
1.142540848307042154e+02
1.139811439443336241e+02
1.139768298699105316e+02
1.139768298699100910e+02
1.139768298699100910e+02
1.139768298699100910e+02
1.249960991215524615e+02
1.155539817478631051e+02
1.141846595574876204e+02
1.139979027524673825e+02
1.140391465519505232e+02
1.143072324340966617e+02
1.145602977718367015e+02
1.139831654049018113e+02
1.140974933137624987e+02
1.143787785412150555e+02
1.140127480511945635e+02
1.140344103718186091e+02
1.139682061785048148e+02
1.139682061785048148e+02
1.140321840546403109e+02
1.140321840546403109e+02
1.139773378254223530e+02
1.141021758841565514e+02
1.141080916461893224e+02
1.141487930506944792e+02
1.141605560965655997e+02
1.140968080839434293e+02
1.140968080839434293e+02
1.140968080839434293e+02
1.140184967732379278e+02
1.140184967732379278e+02
1.140184967732379278e+02
1.142808938253089650e+02
1.143613433642990600e+02
1.139661627330146558e+02
1.141564451484204881e+02
1.139922343308566042e+02
1.139765964253415262e+02
1.141434449693431361e+02
1.147844582543377498e+02
1.147509652803329914e+02
1.150775673132214649e+02
1.156842821713013052e+02
1.166401145881705474e+02
1.150324553496674582e+02
1.140052751502355619e+02
1.141241721127892959e+02
1.142426439896136827e+02
1.140568290141930561e+02
1.140568290141930561e+02
1.140889605240503641e+02
1.140957863970126311e+02
1.147431363387801326e+02
1.140636031295759096e+02
1.140090709543001282e+02
1.139710428815847223e+02
1.139734616346402731e+02
1.139734616346402731e+02
1.139734616346402731e+02
1.144065766371053030e+02
1.144047262224073762e+02
1.143007428924749433e+02
1.147275279954030509e+02
1.142527874488562816e+02
1.142101225782822098e+02
1.160319302331062090e+02
1.356930721024912998e+02
1.141489453474863609e+02
1.217504872956081812e+02
1.173260272554361592e+02
1.144479500179540423e+02
1.142168887074009831e+02
1.153220098730268148e+02
1.141830631867922961e+02
1.141043879689677993e+02
1.141826593460320538e+02
1.143536762893807008e+02
1.146421731716472578e+02
1.342492085540188498e+02
1.149065594359686173e+02
1.151480089934291726e+02
1.139758720513324732e+02
1.140177958755524230e+02
1.143772687484974853e+02
1.142072196100619550e+02
1.144825345089217166e+02
1.149642805382334956e+02
1.147373120527263524e+02
1.141263841748883721e+02
1.140249001371412589e+02
1.205950032929295190e+02
1.140331315112852479e+02
1.139932654145340791e+02
1.139970959199815184e+02
1.140438832467741577e+02
1.141375179861902325e+02
1.144202063568304908e+02
1.140550355128098801e+02
1.142325889269398829e+02
1.142600427692935767e+02
1.139863081585542517e+02
1.147076170913965711e+02
1.142055515297285524e+02
1.147988792259374264e+02
1.144620582533494826e+02
1.143650037986025012e+02
1.147141946066111728e+02
1.140400947973289902e+02
1.139926486034341906e+02
1.141106388224426667e+02
1.140051935497513540e+02
1.140051935497513540e+02
1.140051935497513540e+02
1.140467576132262195e+02
1.139842142358124022e+02
1.164195056424066195e+02
1.166176718144275952e+02
1.143016943505736975e+02
1.153937131564477880e+02
1.139844169880707199e+02
1.139890064016659466e+02
1.140397659321864552e+02
1.140526170273512747e+02
1.141783017413572594e+02
1.142605766014558526e+02
1.145258512775829161e+02
1.145258512775829161e+02
1.139809981167960018e+02
1.139809981167960018e+02
1.139809981167960018e+02
1.141128399631853512e+02
1.140895009029816407e+02
1.140046413184904424e+02
1.141249522566151313e+02
1.154791588241037061e+02
1.142176206747803064e+02
1.142176206747803064e+02
1.143546550485487359e+02
1.143188311453352810e+02
1.143614090364517608e+02
1.139700590394651840e+02
1.145720494082312371e+02
1.140070540258868164e+02
1.157090575673580730e+02
1.178219490456557992e+02
1.160139613057063741e+02
1.146565018532837286e+02
1.150941031627048687e+02
1.156320854275388967e+02
1.148131639635394379e+02
1.139810934554423341e+02
1.143694660074098550e+02
1.140954357503394903e+02
1.140718380934277008e+02
1.143487934516258946e+02
1.140715422940436099e+02
1.139949040035948684e+02
1.141743489391726172e+02
1.140034997793397906e+02
1.141773052263352781e+02
1.141038682863278382e+02
1.139950766394150321e+02
1.142589570604433789e+02
1.141677073413265475e+02
1.139904947028187365e+02
1.139857735963028915e+02
1.139982591522723254e+02
1.272600205143451575e+02
1.143769033332625042e+02
1.145078336900213571e+02
1.145078336900213571e+02
1.145078336900213571e+02
1.148263652258548007e+02
1.144245797936585234e+02
1.144245797936585234e+02
1.144245797936585234e+02
1.233220679611267769e+02
1.139682417557283998e+02
1.147161789255009126e+02
1.140852947603426628e+02
1.141793584496831642e+02
1.144666483202449001e+02
1.141038682863278382e+02
1.140426721984618155e+02
1.142536676340856729e+02
1.152913399493627935e+02
1.142086278711829550e+02
1.142020410498171117e+02
1.148817791378653936e+02
1.140089843233841123e+02
1.140105670172011685e+02
1.141649114281887165e+02
1.142515840649649590e+02
1.142764924884761797e+02
1.141544251540969839e+02
1.141523842005181706e+02
1.139866085885886662e+02
1.139866085885886662e+02
1.139858732266576169e+02
1.140038206927472402e+02
1.140453783768083014e+02
1.147704452878346757e+02
1.145951882547426379e+02
1.141889756318092850e+02
1.149463342309735481e+02
1.185625180300216499e+02
1.139739173575987934e+02
1.139739173575987934e+02
1.139739173575987934e+02
1.147907422932877211e+02
1.142515525200807076e+02
1.140856337591092284e+02
1.142338112266764369e+02
1.140711225176172974e+02
1.142172886010833253e+02
1.144268683269256570e+02
1.145331837750353401e+02
1.147661236548599959e+02
1.154808034889039448e+02
1.180105435357448727e+02
1.157308356887322560e+02
1.141045096934852268e+02
1.139773321424310097e+02
1.146200046733038107e+02
1.141185588206067365e+02
1.156298258961816998e+02
1.142837896117736705e+02
1.141710098017172328e+02
1.142020308432513929e+02
1.144341713488237389e+02
1.139963528847546712e+02
1.139963528847546712e+02
1.139963528847546712e+02
1.139651970060139377e+02
1.139886880475892212e+02
1.139886880475892212e+02
1.140119198233201132e+02
1.140119198233201132e+02
1.141200239655354522e+02
1.141166004431174343e+02
1.141166004431174343e+02
1.140543192904570446e+02
1.140858732177873662e+02
1.142020423227836119e+02
1.141712899379975141e+02
1.139743971381270740e+02
1.139743971381270740e+02
1.140241113298971527e+02
1.140241113298971527e+02
1.140241113298971527e+02
1.141255239816312894e+02
1.139954802112060719e+02
1.139954802112060719e+02
1.139954802112060719e+02
1.140686237657247517e+02
1.140980490465594102e+02
1.139900223121826599e+02
1.139741221127784883e+02
1.145797200409720773e+02
1.143808550789037213e+02
1.139907432349047554e+02
1.153723176202275198e+02
1.179032984492089469e+02
1.142278181232880030e+02
1.139800793096483034e+02
1.139800793096483034e+02
1.139919301419703288e+02
1.139919301419703288e+02
1.139919301419703288e+02
1.139960806632494155e+02
1.140671531702316912e+02
1.140079915674773474e+02
1.139779027256360280e+02
1.140403699018928165e+02
1.140403699018928165e+02
1.140403699018928165e+02
1.142010951346037473e+02
1.139680373404180784e+02
1.139680373404180784e+02
1.140087842428387859e+02
1.140363657072020942e+02
1.140105497853716514e+02
1.140105497853716514e+02
1.140105497853716514e+02
1.140105497853716514e+02
1.140105497853716514e+02
1.140115718293423015e+02
1.140115718293423015e+02
1.140913683249889630e+02
1.140431940842579479e+02
1.140495932501171126e+02
1.140495932501171126e+02
1.140495932501171126e+02
1.141007201227058232e+02
1.139742386355338510e+02
1.143000898704496393e+02
1.139690507995720168e+02
1.140893998829792650e+02
1.145857121630848781e+02
1.141022166751825466e+02
1.142702508065568878e+02
1.148216102692782101e+02
1.148895757305643599e+02
1.141719419967723468e+02
1.142890932264236739e+02
1.140200817291501778e+02
1.140967577012342957e+02
1.151476219909716718e+02
1.142123115778453979e+02
1.141863543147173914e+02
1.142446916323248161e+02
1.144837602270238079e+02
1.140789106445017183e+02
1.140789106445017183e+02
1.140789106445017183e+02
1.140789106445017183e+02
1.140789106445017183e+02
1.140789106445017183e+02
1.143621746644473660e+02
1.143621746644473660e+02
1.164552701587283678e+02
1.141966571787457951e+02
1.141448817721757791e+02
1.140630759406188872e+02
1.139853920403920711e+02
1.143016699465491683e+02
1.153212090485422863e+02
1.141161206422715253e+02
1.143535836840246986e+02
1.143535836840246986e+02
1.141656259699526430e+02
1.139736651860670094e+02
1.139736651860670094e+02
1.139736651860670094e+02
1.139736651860670094e+02
1.139712423323642838e+02
1.139712423323642838e+02
1.141341448003807670e+02
1.140766884830901944e+02
1.140574761853537922e+02
1.140527276331373372e+02
1.140727792625314834e+02
1.139996055213601238e+02
1.140093138210116308e+02
1.140093138210116308e+02
1.140093138210116308e+02
1.140093138210116308e+02
1.140093138210116308e+02
1.140093138210116308e+02
1.139700308178488228e+02
1.139700308178488228e+02
1.145095517996913088e+02
1.139989190772768808e+02
1.139989190772768808e+02
1.139989190772768808e+02
1.143828057093511603e+02
1.141150473746307625e+02
1.140166356015169811e+02
1.140338290516756246e+02
1.140338290516756246e+02
1.140619192927359506e+02
1.139887948745996340e+02
1.139887015949748985e+02
1.143719270242794011e+02
1.140779862606850656e+02
1.147157200130268677e+02
1.139907432349047554e+02
1.139907432349047554e+02
1.140778479383346706e+02
1.140586730404984337e+02
1.140889914738012720e+02
1.140260445573869532e+02
1.141072931136704653e+02
1.140239580191393003e+02
1.140239580191393003e+02
1.147171253038395662e+02
1.141245201004131502e+02
1.141589903601322220e+02
1.142281029047327934e+02
1.153140090810216236e+02
1.141696197187077786e+02
1.141066898129785159e+02
1.141758156393636057e+02
1.141021724114377491e+02
1.143535836840246986e+02
1.143497667118530785e+02
1.141021724114377491e+02
1.140360356859435882e+02
1.140360356859435882e+02
1.140360356859435882e+02
1.140360356859435882e+02
1.140234504549461008e+02
1.140234504549461008e+02
1.141368567299570316e+02
1.141368567299570316e+02
1.141368567299570316e+02
1.140118778626431180e+02
1.139720732220901311e+02
1.141758156393636057e+02
1.141021724114377491e+02
1.141021724114377491e+02
1.141021724114373086e+02
1.141973532929460475e+02
1.141973532929460475e+02
1.140754180012722259e+02
1.139953027891324098e+02
1.139712423323642838e+02
1.139712423323642838e+02
1.139712423323642838e+02
1.139712423323642838e+02
1.139712423323642838e+02
1.139712423323642838e+02
1.139712423323642838e+02
1.140143148108772948e+02
1.139764968161834133e+02
1.165057561359493548e+02
1.141298593717176573e+02
1.140077819048887449e+02
1.145523089862948041e+02
1.154507910640773076e+02
1.141308054392486611e+02
1.143704816227075298e+02
1.143478425632494719e+02
1.293741808451238455e+02
1.141398933530781648e+02
1.198273311176324967e+02
1.141022430642943704e+02
1.141344688460031023e+02
1.184953619847956929e+02
1.146228482256497188e+02
1.139929156687469742e+02
1.139776006720674530e+02
1.139776006720674530e+02
1.140095166181941835e+02
1.140095166181941835e+02
1.140095166181941835e+02
1.140100014782130131e+02
1.139660141751065936e+02
1.139660141751065936e+02
1.145900937318433250e+02
1.139689412325597573e+02
1.143527025683266913e+02
1.139818994342185476e+02
1.139818994342185476e+02
1.144994729598125787e+02
1.206978104625051316e+02
1.144971556679764007e+02
1.139727031820658851e+02
1.145885204951094067e+02
1.153074484029543356e+02
1.147430031221309861e+02
1.142173512192740787e+02
1.142622048616709520e+02
1.139762178908786154e+02
1.140419632688603429e+02
1.140067198298621634e+02
1.140067198298621634e+02
1.140067198298621634e+02
1.139663913357292842e+02
1.139663913357292842e+02
1.139663913357292842e+02
1.141418994152447794e+02
1.144008995679467091e+02
1.140504003350972368e+02
1.140504003350972368e+02
1.139850592318035751e+02
1.141094016549914869e+02
1.141094016549914869e+02
1.141094016549914869e+02
1.139823594311387183e+02
1.139823594311387183e+02
1.142039086495421003e+02
1.142039086495421003e+02
1.142039086495421003e+02
1.142039086495421003e+02
1.149413913758496903e+02
1.149413913758496903e+02
1.139820962059431082e+02
1.139820962059431082e+02
1.139738680840155496e+02
1.139738680840155496e+02
1.139738680840155496e+02
1.140197828228544665e+02
1.140197828228544665e+02
1.143467488640897187e+02
1.141102645553950907e+02
1.141102645553950907e+02
1.141102645553950907e+02
1.141417408989909461e+02
1.141417408989913866e+02
1.139801554333857752e+02
1.139801554333857752e+02
1.140096848978172943e+02
1.140096848978172943e+02
1.140096848978172943e+02
1.140431025603484869e+02
1.140431025603484869e+02
1.140431025603484869e+02
1.147837956247004598e+02
1.139917553616442802e+02
1.140035536981964981e+02
1.142554642530626410e+02
1.141338910432845068e+02
1.142852609365183554e+02
1.139753427064766953e+02
1.144559523651795843e+02
1.141052502032234344e+02
1.142009732929404748e+02
1.142102702726283070e+02
1.140042731796667397e+02
1.141759299385555693e+02
1.145131844183998737e+02
1.143467488640897187e+02
1.145382188194873265e+02
1.143227458230646079e+02
1.145651316638362687e+02
1.139860046415680870e+02
1.139860046415680870e+02
1.141155518308163010e+02
1.140369532348437787e+02
1.143210440337530827e+02
1.140305406168491515e+02
1.140305406168491515e+02
1.140305406168491515e+02
1.140963381136508019e+02
1.140227503000295570e+02
1.140227503000295570e+02
1.140227503000295570e+02
1.139989190772768808e+02
1.139989190772768808e+02
1.141047028694526944e+02
1.141047028694526944e+02
1.139765173185877103e+02
1.139765173185877103e+02
1.139765173185877103e+02
1.139742504374283101e+02
1.141476618577102471e+02
1.142576469487255793e+02
1.141230791675111789e+02
1.141230791675111789e+02
1.139909349904469025e+02
1.141570956013330829e+02
1.141417408989913866e+02
1.141252538373177714e+02
1.141551258641924704e+02
1.141263150330363629e+02
1.140691451324385497e+02
1.142048925523322680e+02
1.142814868632782179e+02
1.141599155390437659e+02
1.140044415623401619e+02
1.145336580379681664e+02
1.162789485421566980e+02
1.140348615565883392e+02
1.140348615565901440e+02
1.140348615565883392e+02
1.142768828200888152e+02
1.142894171003367205e+02
1.139814023625789616e+02
1.139921552098902708e+02
1.139676339622741352e+02
1.139676339622741352e+02
1.139676339622741352e+02
1.140959070151547081e+02
1.140959070151551487e+02
1.143450186642893271e+02
1.139770719492560431e+02
1.151236008443227803e+02
1.143577811336333241e+02
1.142007928768763634e+02
1.259459694903281246e+02
1.144513814491253072e+02
1.141441112663455471e+02
1.143954860683722927e+02
1.147911006858120686e+02
1.140172321183906661e+02
1.140172321183906661e+02
1.292431660308227208e+02
1.146436270804852313e+02
1.145892115285102193e+02
1.192942769035462618e+02
1.172417763554914387e+02
1.142779575083532961e+02
1.148242166119783576e+02
1.153803612126453828e+02
1.148278129172018538e+02
1.154330303298538070e+02
1.151553859003720106e+02
1.151229964081947088e+02
1.140628546626114570e+02
1.140146585254912139e+02
1.139714057523050457e+02
1.140083196952834186e+02
1.143583589616178955e+02
1.141960213183877215e+02
1.141371686953788611e+02
1.141195011971594937e+02
1.144620582533494826e+02
1.145869768011490351e+02
1.144077817835018180e+02
1.145655371865207712e+02
1.146879624633322834e+02
1.139866627796589000e+02
1.139847772069110476e+02
1.142772083324134371e+02
1.140651020902983959e+02
1.150679917862157424e+02
1.152554088151481437e+02
1.144460161657325443e+02
1.140437078448738504e+02
1.241616949416642939e+02
1.150872956097358610e+02
1.148323969811643792e+02
1.144910953834767469e+02
1.147243675112091807e+02
1.143458079006617965e+02
1.145487422796731920e+02
1.142886896691420020e+02
1.146042862825887738e+02
1.141329614491112494e+02
1.142667320590543625e+02
1.140682333276609199e+02
1.140456469817067244e+02
1.140937600620627705e+02
1.145317543532595579e+02
1.272750878394471528e+02
1.142919320590489463e+02
1.140708127896192394e+02
1.140732498243141180e+02
1.275229881619688115e+02
1.140318839182739339e+02
1.139946332881650477e+02
1.140302994663418303e+02
1.140302994663418303e+02
1.140302994663418303e+02
1.140302994663418303e+02
1.145693581720442751e+02
1.142349142666536892e+02
1.151400753462169462e+02
1.145966430291326503e+02
1.147261463858582999e+02
1.141009080157615045e+02
1.140218319771195041e+02
1.140115089071430390e+02
1.140115089071430390e+02
1.156215615256537035e+02
1.146686456382325616e+02
1.140651020902983959e+02
1.140105803384794143e+02
1.142695102173284027e+02
1.139784145745348525e+02
1.141250267797575617e+02
1.141218131898517925e+02
1.141807474415474672e+02
1.140133352667549502e+02
1.140133352667549502e+02
1.140533499249451239e+02
1.141264751967938480e+02
1.140058916615381293e+02
1.140058916615381293e+02
1.140515788462153637e+02
1.140918224017682121e+02
1.141003061656267192e+02
1.146150614546334339e+02
1.140310041557424228e+02
1.140089324701227866e+02
1.140447811450688533e+02
1.139801507145231341e+02
1.140203949629997027e+02
1.139935463771675188e+02
1.139935463771679593e+02
1.140292403097584781e+02
1.139927955776713446e+02
1.142967306641546799e+02
1.140346472243547566e+02
1.139773960748357382e+02
1.144657940718116436e+02
1.147906391343278614e+02
1.141207660632194063e+02
1.141207660632194063e+02
1.139893963145853064e+02
1.140131214500349728e+02
1.141005904497442600e+02
1.141005904497442600e+02
1.140824387688622892e+02
1.216980874152733776e+02
1.139948619093284634e+02
1.139948619093284634e+02
1.140049719701006694e+02
1.140049719701006694e+02
1.139647566777466068e+02
1.140617407799984306e+02
1.143282894351125094e+02
1.147184908915819932e+02
1.143758108814814705e+02
1.139712693230308247e+02
1.146180654459098633e+02
1.139818994342185476e+02
1.142432295813557914e+02
1.143327809370011323e+02
1.141525297472675078e+02
1.140099276483072970e+02
1.140579181255077259e+02
1.140579181255072712e+02
1.139738672547220091e+02
1.139738672547220091e+02
1.140082847911371857e+02
1.139980861922608852e+02
1.139980861922608852e+02
1.140761969281752641e+02
1.139749089601980927e+02
1.142014120974877471e+02
1.141307661546771328e+02
1.141757644270568335e+02
1.153673537037835644e+02
1.149441007868349658e+02
1.142059521716613375e+02
1.141991179226385640e+02
1.142564885617027244e+02
1.143949175886404106e+02
1.142852656058252165e+02
1.141853645993021189e+02
1.143399669226405564e+02
1.155633270620044897e+02
1.141321934883445408e+02
1.142049848075037914e+02
1.140496361654277848e+02
1.142322000190414570e+02
1.163952141690544124e+02
1.163952141690544124e+02
1.143496286802133994e+02
1.149150712486134438e+02
1.140196818892457031e+02
1.141170614508468049e+02
1.140374785541460909e+02
1.139694101030520699e+02
1.141484628515621722e+02
1.140755155199746014e+02
1.140481397652270488e+02
1.142753389295127988e+02
1.143423631551296324e+02
1.148847399093275499e+02
1.191516305975035266e+02
1.142330868795403944e+02
1.141662123388286574e+02
1.142937653139027390e+02
1.146565018532837286e+02
1.141364155083946486e+02
1.154567932028096351e+02
1.142330868795403944e+02
1.141172691933034571e+02
1.141172691933034571e+02
1.141172691933034571e+02
1.142917278956473837e+02
1.140375879981954341e+02
1.140375879981954341e+02
1.140375879981954341e+02
1.140133107818835185e+02
1.140133107818835185e+02
1.140133107818835185e+02
1.140595953017848956e+02
1.140595953017848956e+02
1.140595953017848956e+02
1.142291296010997712e+02
1.142291296010997712e+02
1.142291296010997712e+02
1.142291296011011212e+02
1.145637187487180171e+02
1.145637187487175765e+02
1.145637187487180171e+02
1.145637187487180171e+02
1.145637187487175765e+02
1.145637187487180171e+02
1.139850024694156616e+02
1.140256085127368522e+02
1.140256085127368522e+02
1.140175622716200081e+02
1.140175622716200081e+02
1.139731769782376460e+02
1.141151933941948897e+02
1.141356085783613565e+02
1.141151933941948897e+02
1.141151933941948897e+02
1.140766920284741133e+02
1.140938337032572178e+02
1.139943122091723637e+02
1.139943122091723637e+02
1.140034605590236794e+02
1.142773493038684904e+02
1.142950096608377351e+02
1.142950096608377351e+02
1.142330868795403944e+02
1.143098455699721825e+02
1.144056765531179281e+02
1.142941354565217722e+02
1.142941354565217722e+02
1.142799671888368778e+02
1.143183553616091501e+02
1.142297478399847108e+02
1.140226737670219705e+02
1.160436596000135125e+02
1.139818994342185476e+02
1.142743580843784343e+02
1.139866085885886662e+02
1.139866085885886662e+02
1.139866085885886662e+02
1.139866085885886662e+02
1.139866085885886662e+02
1.139866085885886662e+02
1.139858732266576169e+02
1.140842057142281334e+02
1.140842057142285739e+02
1.139904343139298390e+02
1.140038206927472402e+02
1.139904343139298390e+02
1.140038206927472402e+02
1.140038206927472402e+02
1.140038206927472402e+02
1.140038206927472402e+02
1.139818994342185476e+02
1.141109323708007537e+02
1.153810061228555810e+02
1.146471135504688306e+02
1.140980400435067565e+02
1.141777765266973717e+02
1.141885141631157126e+02
1.166925591475779811e+02
1.167905323135846487e+02
1.151516251095857655e+02
1.140720912841780716e+02
1.142392514200722076e+02
1.141954944912265262e+02
1.143743148415105964e+02
1.168819501344296441e+02
1.282988564428914060e+02
1.403533426168827987e+02
1.142497915753867659e+02
1.142488374978141792e+02
1.143010987012185495e+02
1.142173512192740787e+02
1.142376368548667074e+02
1.143010599664736304e+02
1.143010599664736304e+02
1.141314871746058799e+02
1.141063567527443752e+02
1.150549093215257841e+02
1.139885327275941620e+02
1.142695021804236717e+02
1.146921334358129769e+02
1.144967537134212847e+02
1.144573740545927336e+02
1.140256692044579836e+02
1.139917247409592704e+02
1.202571972036174941e+02
1.139688858457368639e+02
1.139724967853070297e+02
1.139682527722916063e+02
1.140118080187999254e+02
1.141669600990917672e+02
1.139688858457368639e+02
1.140731057029919100e+02
1.305373701741712864e+02
1.141538020622215868e+02
1.141350506908826503e+02
1.141350506908826503e+02
1.142384134456535918e+02
1.142681877944414595e+02
1.143782861957168677e+02
1.146366116825520578e+02
1.139822583602370543e+02
1.139695029907512804e+02
1.139752074100778287e+02
1.139743581167500679e+02
1.139992300980179607e+02
1.141458787218267759e+02
1.149239295789304975e+02
1.149441071728065680e+02
1.175917150780813074e+02
1.162615881500073414e+02
1.143283094970675364e+02
1.143283094970679912e+02
1.142195068470682884e+02
1.141699196897338595e+02
1.142777860019721459e+02
1.143292956867477983e+02
1.144713581492531489e+02
1.145849644792248938e+02
1.378757939159397097e+02
1.141216423335458643e+02
1.428909136746159163e+02
1.139964741806137596e+02
1.139755078553411352e+02
1.184999224091218508e+02
1.144398289851121575e+02
1.144398289851121575e+02
1.157045861016825796e+02
1.173911734948649297e+02
1.158692835455088925e+02
1.152028324433153585e+02
1.152028324433153585e+02
1.173319895251647722e+02
1.147995121319405172e+02
1.154029797493798242e+02
1.151983099915839830e+02
1.153867884472524850e+02
1.140145152448836825e+02
1.142564732751950203e+02
1.140477965111164735e+02
1.140477965111164735e+02
1.140477965111164735e+02
1.146889363607834298e+02
1.141022591058647180e+02
1.141382318079356537e+02
1.140227009961932652e+02
1.142475311740411001e+02
1.140031506558485574e+02
1.140414635010269677e+02
1.153636424439268779e+02
1.143140970583796872e+02
1.139715923382045304e+02
1.145862769487409878e+02
1.144068422167714800e+02
1.252604914307422916e+02
1.139646685848405951e+02
1.153646124311477053e+02
1.142141447686110922e+02
1.141845942292738272e+02
1.141845942292738272e+02
1.141845942292738272e+02
1.143623632820034430e+02
1.143623632820034430e+02
1.144348498499910392e+02
1.147934498719857004e+02
1.179237429909313732e+02
1.140805949250822380e+02
1.142487829612072261e+02
1.149841796636993507e+02
1.140033781339414958e+02
1.140832345165978552e+02
1.143102836369402837e+02
1.172824343741708617e+02
1.139731085471021856e+02
1.139731085471021856e+02
1.139742394180536991e+02
1.140103098949072518e+02
1.140092465866505194e+02
1.140857231977921202e+02
1.145162215528369103e+02
1.153627113658544943e+02
1.143898728163295857e+02
1.197182398031731196e+02
1.168541483726554731e+02
1.180804910383407389e+02
1.142104501990854146e+02
1.157094053814503241e+02
1.144719721318950718e+02
1.285462206039895534e+02
1.206933413932369490e+02
1.143470230004234764e+02
1.145565191684283093e+02
1.146918927831696635e+02
1.151646501353775847e+02
1.150131284655700910e+02
1.156400896382101564e+02
1.165796218083380751e+02
1.140428433387517799e+02
1.169403758128350432e+02
1.140248641768970259e+02
1.148226232670645857e+02
1.144752174685872177e+02
1.141281667863283218e+02
1.140793732998692462e+02
1.142695706761827523e+02
1.147240840888954949e+02
1.150458813400249056e+02
1.143632311995732067e+02
1.140020767991383366e+02
1.432234282514063182e+02
1.168478030755073860e+02
1.140147460520703078e+02
1.139674592648483156e+02
1.139674592648442371e+02
1.147289264999933494e+02
1.140535321869013927e+02
