4.596388976555559793e+02
3.092622839701319322e+02
3.514297392416280559e+02
2.888015775374644818e+02
2.012786769898488615e+02
3.836333448677275442e+02
4.211594845408728247e+02
3.903705667497413856e+02
3.941208462748253396e+02
3.057126578137999786e+02
3.962232354528002816e+02
3.886658076299224831e+02
4.795920952799636439e+02
3.475385293337977828e+02
4.540026231165471700e+02
3.917090833900855955e+02
4.445837972235755728e+02
3.704777868741728071e+02
4.193651671648486854e+02
2.099737412538090666e+02
3.134687163747711338e+02
5.162753867595283737e+02
3.029938562913698661e+02
3.255432696705314015e+02
3.822939496754196398e+02
4.433739655431736537e+02
4.320706401907708596e+02
4.259835270264736664e+02
3.699422511379190155e+02
3.167933847301179640e+02
3.545455866083884189e+02
3.545455866083884189e+02
4.800155563016004407e+02
3.486527311334062347e+02
3.486527311334062347e+02
3.690144667924817554e+02
3.513606472256296911e+02
3.800798877112308105e+02
4.346368167884182299e+02
4.281100782860677896e+02
3.861125296909457347e+02
4.145755642613651730e+02
4.228397331259122325e+02
4.041627544612185261e+02
4.964288945241444253e+02
2.578352526908071241e+02
3.266888928996083337e+02
3.860612005690457522e+02
3.899873770742358374e+02
4.660699830741636447e+02
4.860429884862844574e+02
4.209124234667132782e+02
5.227151113457942984e+02
4.355093398808615461e+02
3.934483757511972044e+02
3.966628449011463999e+02
3.465192801656723987e+02
3.690144667924817554e+02
3.612457571294453942e+02
4.261620709282772168e+02
4.232004986779463138e+02
4.702282344613113878e+02
4.706246456058744343e+02
4.706246456058810281e+02
4.230369118905269374e+02
2.985283066376758825e+02
3.815153202234047853e+02
3.805757253025843738e+02
4.208564474004278395e+02
3.441671812564035804e+02
3.542775943493447244e+02
2.812596630277454324e+02
3.289651443515316487e+02
3.674104331176182541e+02
4.754063945153862960e+02
3.874333143020246553e+02
3.713398508013489732e+02
4.296442486159228906e+02
4.073921684464374380e+02
2.793003931983897701e+02
4.300751723846254890e+02
4.144836454700102877e+02
3.777226285019825696e+02
4.717251992113349388e+02
4.895011190193762332e+02
3.957848866585774203e+02
3.491747662611335841e+02
2.633425707582648556e+02
4.162420684354102605e+02
4.742451891791246226e+02
3.639395575356849122e+02
3.786816279398545362e+02
3.282858502328119243e+02
3.704676025852870680e+02
3.658577622063860986e+02
3.658577622063860986e+02
4.295814970926953720e+02
2.895496815009523743e+02
4.033704174927980830e+02
4.045229881545789112e+02
4.440202921850157054e+02
3.686489025778295172e+02
3.766854251664776143e+02
3.704777868741866769e+02
4.407409536884398449e+02
3.732510361078470282e+02
4.573711387138336022e+02
4.610216727106489429e+02
3.720909925395242226e+02
4.020552390888322520e+02
3.953737753034499747e+02
4.068924752041634179e+02
3.519727436715294857e+02
4.165657030720227567e+02
3.262019673917486102e+02
4.377410006093514312e+02
4.211457510496642271e+02
3.406814061923804502e+02
3.325193406021873557e+02
3.704676025852870680e+02
4.109845116468280821e+02
4.181890194764018247e+02
4.033704174927980830e+02
3.624778055086536597e+02
3.720701424818566920e+02
3.720701424818566920e+02
4.196270295750886135e+02
3.864476706013653597e+02
3.591157980680777086e+02
4.059109808054820405e+02
3.995883435525660730e+02
3.142386047328094492e+02
3.712994036010736068e+02
3.721892474392781764e+02
3.677355239076925955e+02
3.651751627972438996e+02
3.616653244452211311e+02
4.408218952407633537e+02
4.408218952407633537e+02
3.860530026422446781e+02
2.836340933422030730e+02
4.526754236169942374e+02
3.256768225327018627e+02
3.264635540379696295e+02
3.206314703819545002e+02
3.206314703819545002e+02
3.087728379413505309e+02
4.131667681115521304e+02
3.521767871061480832e+02
3.383835122091277299e+02
3.264635540379696295e+02
3.592961153375933350e+02
3.991842471695424024e+02
3.561911696080229035e+02
3.845099810279182861e+02
3.553078568860801738e+02
3.036363883593010087e+02
3.521767871061480832e+02
4.332384302381458951e+02
4.303181519546470213e+02
4.529072222639225629e+02
3.113631318591985746e+02
3.780332828393983391e+02
2.175276792176956917e+02
3.760994711415395955e+02
2.374387198701382431e+02
2.394958440828398238e+02
2.829745859979072975e+02
3.206381136289101050e+02
2.817202965572068933e+02
2.763443082852867292e+02
4.735254649453514730e+02
4.603898813094481284e+02
3.211657985795351351e+02
2.960601520852123940e+02
3.330967591191190991e+02
3.353076068676908790e+02
3.403584286873254428e+02
3.519816835571709248e+02
3.572641704324570924e+02
1.979192441144266184e+02
4.388400372759691663e+02
3.710225120486232413e+02
3.952058646321397646e+02
4.591366134695184087e+02
4.795572949841034074e+02
4.026849158822093955e+02
3.888963042612517143e+02
4.528711659437225308e+02
3.572660758387372084e+02
2.866184164032972035e+02
3.666010358909251181e+02
3.109440116374238983e+02
3.109440116374238983e+02
3.107937842672351394e+02
3.107937842672351394e+02
3.859342336924153756e+02
3.040534447090885806e+02
3.040534447090885806e+02
4.328740862492161341e+02
4.564562438944757901e+02
3.523167589948578780e+02
3.491450386775937318e+02
2.701075707289836600e+02
4.258887845192944610e+02
3.903825976438685643e+02
4.485935160742886296e+02
4.204829449651526261e+02
4.349637633219853114e+02
4.444079777854675513e+02
3.179825467576889650e+02
3.915631940072738644e+02
3.393963348617291444e+02
3.269273554915145041e+02
3.269273554915145041e+02
3.269273554915145041e+02
3.529611061114487711e+02
3.613991831842062084e+02
3.613991831842062084e+02
3.613991831842062084e+02
4.094707840599876363e+02
4.094707840599876363e+02
4.561687272153044432e+02
3.498780879955271530e+02
4.475192062235934145e+02
4.333230579965504035e+02
4.188154806429513997e+02
4.188154806429503765e+02
3.949450807360353224e+02
3.514208896342826733e+02
3.337522674325168737e+02
3.337522674325168737e+02
4.548261182531574036e+02
2.385246316093039525e+02
3.297708839456342389e+02
3.626226492188385464e+02
3.866041133978151834e+02
3.439062729950268817e+02
3.439062729950269386e+02
4.175748844833451585e+02
5.053367369637149977e+02
4.601828295303637333e+02
3.873144009778103509e+02
4.550441791494376389e+02
4.785671925729885743e+02
4.073181167039166439e+02
3.447689392800323276e+02
3.730513399056474100e+02
4.617952617074164436e+02
3.434308115231200418e+02
4.204187463128038189e+02
4.154512282808869372e+02
4.592695421012045358e+02
3.302976332245845015e+02
3.832080030949193770e+02
2.656775086664299579e+02
2.447542725080759567e+02
3.607646668446694775e+02
2.526619276139482224e+02
4.152623249574509146e+02
2.588639513659388172e+02
2.181612947173903763e+02
2.507341431581680240e+02
3.601638581971840267e+02
5.462735448170074051e+02
4.669877029133557471e+02
3.292127297534150330e+02
3.142314916969593241e+02
2.629493806439206764e+02
3.082680572056763708e+02
2.753026441851150707e+02
4.625408691418011244e+02
4.790282130345339056e+02
3.293459624385525899e+02
3.633376932549821277e+02
4.346197782313388984e+02
2.494106949714736459e+02
4.703449604508649600e+02
4.107787386073914604e+02
3.446999220081190174e+02
2.794087302400540693e+02
3.995190028289021598e+02
4.527162274999807892e+02
3.843544984614642317e+02
4.591699837386505010e+02
2.440489942992232670e+02
4.609735334163294738e+02
4.609735334163294738e+02
4.795276402208526179e+02
4.022098339436361698e+02
4.010552544387193166e+02
4.715853152148342815e+02
3.452600405924022198e+02
4.196612487199004136e+02
4.196612487199004136e+02
4.325541265497578252e+02
3.626603272136867986e+02
3.530768122032329188e+02
4.300563273954508645e+02
3.889583886166437878e+02
3.396681184538770708e+02
4.490940387002514171e+02
2.528793805487313193e+02
3.791905435916720535e+02
2.956721916983873371e+02
3.357244468700503717e+02
3.357244468700503717e+02
3.357244468700503717e+02
3.946769313444635827e+02
4.108349173470128903e+02
3.292101525941266686e+02
3.700790383790659916e+02
4.096713851457353712e+02
3.657834513494418616e+02
3.657834513494418616e+02
3.586627031877571881e+02
4.212093364162785178e+02
3.609052399044506387e+02
3.934665641397859872e+02
3.440652158413716393e+02
3.440652158413716393e+02
3.556041905631959139e+02
3.151849948528075629e+02
2.802525146759343215e+02
2.120708183062927787e+02
2.792739543860367348e+02
3.495331179497358676e+02
2.749945405236675242e+02
2.592931796080354729e+02
3.838156745876516993e+02
3.857380773863319519e+02
3.900465885847958702e+02
4.049694806974900416e+02
3.182509562923265776e+02
4.110014474327641665e+02
4.131561308159645023e+02
3.061624534078418378e+02
2.978603208608390673e+02
3.376372632818524266e+02
2.889131848926959378e+02
3.415365890802434023e+02
4.005453691685557374e+02
3.246225572339219525e+02
3.872484053497410628e+02
4.875854458865971424e+02
3.972010602637205920e+02
4.297074320948547665e+02
4.856726498020846634e+02
3.752874244831285182e+02
4.240903436183260737e+02
2.522289355735832714e+02
2.098877045459237820e+02
3.866264663906900410e+02
3.553023720365720806e+02
3.804169945510208777e+02
3.433806398149754386e+02
2.626084112862816937e+02
3.734018220974060682e+02
2.373704856571503683e+02
3.165146459469445972e+02
3.853803438211701291e+02
3.824857470477570587e+02
2.610142191571014791e+02
3.495331179497358676e+02
3.421489185057176883e+02
3.147008606252169898e+02
3.164874780800769827e+02
3.164874780800769827e+02
3.164874780800769827e+02
2.566046774210394688e+02
3.948384197611464401e+02
4.243408695268839210e+02
3.892622227752727895e+02
2.469228489213031139e+02
2.534508605973245494e+02
2.463935233060158794e+02
2.458429431631404896e+02
3.727853704839808415e+02
3.751030065847398873e+02
3.817713254836697843e+02
3.192719305982554943e+02
3.645728531670093844e+02
3.563371036480091334e+02
3.563371036480091334e+02
3.563371036480091334e+02
3.563371036480091334e+02
3.926419075292895400e+02
3.935063355828872886e+02
4.143883942256528599e+02
3.386006635392375301e+02
3.357251970601030280e+02
3.706522105161618015e+02
2.472763707360471699e+02
2.340871380395711583e+02
3.427580472751803882e+02
3.427580472751803882e+02
3.727853704839808415e+02
3.707029173377191569e+02
3.033185654704101353e+02
3.033185654704101353e+02
2.885009947569827773e+02
2.885009947569827773e+02
2.885009947570347322e+02
2.885009947569827773e+02
2.885009947569827773e+02
4.278740045473554687e+02
4.278740045473554687e+02
3.427580472751803882e+02
3.126210503611321769e+02
3.496909590596210364e+02
3.496909590596210364e+02
3.948689950610731216e+02
3.056709528102999798e+02
4.031771355242731261e+02
3.441880127777180860e+02
3.424171467631995256e+02
2.998789481353990141e+02
2.902680551049842279e+02
4.286766033651084058e+02
4.246042567467769686e+02
4.523456599911120861e+02
4.589532055118088465e+02
4.589532055118088465e+02
4.589532055118088465e+02
4.589532055118088465e+02
4.589532055118088465e+02
4.826465863596000645e+02
4.583940129927206044e+02
4.248188978893742274e+02
4.248188978893742274e+02
4.248188978893742274e+02
4.853216795792272933e+02
4.188367764302298042e+02
4.667405443852857161e+02
4.667405443852857161e+02
4.667405443852857161e+02
4.304434642526859989e+02
4.270761583056176391e+02
4.270761583056176391e+02
3.961565278634141691e+02
4.438826291110354987e+02
4.318269904676573674e+02
4.335691387945241786e+02
3.957647573455220140e+02
3.929611099600482476e+02
4.309537523061150637e+02
4.309537523061094362e+02
4.309537523061094362e+02
4.641120112256742232e+02
4.639657347088190704e+02
4.639657347088196957e+02
4.639657347088190704e+02
4.639657347088190704e+02
4.639657347088190704e+02
4.223232267313189823e+02
4.785736018874533215e+02
4.438826291110354987e+02
4.642044886351632726e+02
3.831146330623872132e+02
3.966816703040961443e+02
3.988719853294124391e+02
4.568798815615425610e+02
4.721195818848868839e+02
4.721195818848868839e+02
4.459429546408463239e+02
3.507365175070093528e+02
3.130513618638032085e+02
3.905000092725155127e+02
3.458281437187483789e+02
3.459064494464159338e+02
3.203190839435234238e+02
3.832821171104088194e+02
4.024690211882992799e+02
3.521759922526506443e+02
4.121898232442424614e+02
3.953737753034499747e+02
3.573380043018352126e+02
3.570120057186521194e+02
3.506711457274107033e+02
4.416749477089470020e+02
3.775108715107104445e+02
3.937805468656126777e+02
4.125814907074679354e+02
3.818173770778773246e+02
3.766854251664776143e+02
3.855904223414667058e+02
4.239677925305583699e+02
2.328210724787590493e+02
3.903263999220909000e+02
4.282616586682794946e+02
4.971262188463496727e+02
4.840697760241606602e+02
4.702243065028890214e+02
3.573455752111582910e+02
3.683239747313210728e+02
3.403511388980713264e+02
3.341807384156824696e+02
3.520756212609662157e+02
2.957703900518993692e+02
3.066141203429845064e+02
3.745852294609530873e+02
3.516792889286660966e+02
3.882690144941107633e+02
4.636344275002496715e+02
2.991855769082712868e+02
3.089561855208498287e+02
3.089561855208498287e+02
3.089561855208498287e+02
4.418160794990257045e+02
4.671199114936225669e+02
4.696713541114846180e+02
4.006240093286867250e+02
3.969441375458836774e+02
4.095016295270785918e+02
3.555719910628234288e+02
2.932657138754378252e+02
3.265536724807557221e+02
2.793811318012803326e+02
2.716753257059468751e+02
4.178240235814402013e+02
4.313186265098417493e+02
4.517193904735670458e+02
3.209380469125934496e+02
3.209380469125934496e+02
3.583299086107087419e+02
3.916599898452067237e+02
2.964088380176949613e+02
4.113394179827590733e+02
3.569642785152000215e+02
3.569642785152000215e+02
4.077680160354064469e+02
3.413818832995917774e+02
3.413818832995917774e+02
3.669167573806202540e+02
3.866812228474314566e+02
2.170440501669522746e+02
3.375799696030202313e+02
3.375799696030202313e+02
3.548952865432723911e+02
3.059711412299678841e+02
3.059711412299678841e+02
3.059711412299678841e+02
2.717911641890381134e+02
3.156544777130500279e+02
3.321124861122303287e+02
4.142081550270638104e+02
2.450110073213608644e+02
2.762131572864115583e+02
2.640298594984283227e+02
2.673678256491204479e+02
3.485031576032577050e+02
2.952196133447278612e+02
3.241680124540309862e+02
4.508266040887186819e+02
3.176053902532557345e+02
3.372867084110050087e+02
3.625930361463096006e+02
3.625930361462902169e+02
3.625930361462902169e+02
3.625930361462902169e+02
4.336046851910109581e+02
2.564487240745725103e+02
3.527730991153102877e+02
3.906905196522325241e+02
3.087474863222630006e+02
2.463935233060158794e+02
2.659962094294978669e+02
3.226206945327540438e+02
2.895446234441959632e+02
4.527322848598009273e+02
4.147168404687637349e+02
4.208876785639933473e+02
3.466341548428237047e+02
3.466341548428237047e+02
3.669438583473236690e+02
3.669438583473236690e+02
3.886351635011049552e+02
3.083300474533206739e+02
3.091116748011498885e+02
3.156826228660752349e+02
2.912759558367824866e+02
2.780568193785118183e+02
2.780568193785118183e+02
2.780568193785118183e+02
3.153926910627427560e+02
3.153926910627427560e+02
3.153926910627427560e+02
4.668049121948702123e+02
2.420561133782274226e+02
3.525880058911321839e+02
3.191868680922574981e+02
3.553064417162530617e+02
3.641817129820923924e+02
4.512852552871232206e+02
4.305608012163462490e+02
3.670441519539387514e+02
3.869555953392327297e+02
4.433843867703789670e+02
3.516691485018370145e+02
4.176758309465973298e+02
3.867031903371322983e+02
4.288585888899410747e+02
2.616520548021870809e+02
2.890049216534947618e+02
2.890049216534947618e+02
2.907642644233114879e+02
2.827200904364574399e+02
4.263533848216094384e+02
4.175394965839046222e+02
3.068501729833406557e+02
3.466256325758518528e+02
3.327461566274237157e+02
3.327461566274237157e+02
3.327461566274237157e+02
4.812270819078981390e+02
4.447796959352986050e+02
4.280599504001434070e+02
4.040533999006016757e+02
4.117465184369627877e+02
4.637972060479858669e+02
4.822514753046895066e+02
4.726161812422924413e+02
4.162690988864283099e+02
4.615930209497134911e+02
4.787748812711530491e+02
4.683847296891096903e+02
4.597193610167825000e+02
3.532641332153639269e+02
4.302054142967766666e+02
4.337075419206921083e+02
4.316378719168324096e+02
4.341185417142582423e+02
4.571084937353968485e+02
4.715793257594442025e+02
3.306006708151030580e+02
3.228422035066058697e+02
3.315638554262406501e+02
3.029506082300976004e+02
2.519356867275238301e+02
2.662221901094202963e+02
3.482472666885572607e+02
3.198141486370103621e+02
3.281471208479418920e+02
3.709209631851362587e+02
4.194903335620834923e+02
4.872123879120798620e+02
2.972278865921217630e+02
4.005332215363437740e+02
3.258061902947296744e+02
2.953950925866616899e+02
4.453455083273368018e+02
2.421446815688812251e+02
2.912834655494807521e+02
2.569666801638346669e+02
4.375291448575642903e+02
3.863388485521116422e+02
4.657633512372247537e+02
4.612022670873791412e+02
3.869852474841932235e+02
4.763063765636733251e+02
3.212374243301895262e+02
2.549358325449873064e+02
4.202185395197232083e+02
3.160599727512671961e+02
4.466988209366645037e+02
3.693032211338580737e+02
3.693032211338580737e+02
3.693032211338580737e+02
3.342254335144903621e+02
3.249878812352671389e+02
3.480219307601134915e+02
4.925104724768380038e+02
3.543872751585270180e+02
2.336886172136845801e+02
3.874233964585913554e+02
3.215149226000727367e+02
4.264914787230915181e+02
3.044765259271109699e+02
4.542573007755410117e+02
3.694753244420077749e+02
4.745195330994478127e+02
4.745195330994478127e+02
3.928052460559550241e+02
3.928052460559550241e+02
3.928052460559550241e+02
4.044103112510856590e+02
3.704479954824287233e+02
3.904201867220854183e+02
3.511363671515242686e+02
3.903975409876040885e+02
4.590947775183498152e+02
4.590947775183498152e+02
2.514465928690144665e+02
2.647891994941223857e+02
4.634229376861413243e+02
3.755984490422528665e+02
3.619191383323685045e+02
4.074636292118511278e+02
4.869538767396855405e+02
4.836923993176353065e+02
4.868379815273755185e+02
3.307217834927295712e+02
4.936180032244208178e+02
5.285420972620265729e+02
4.346488266665236893e+02
3.380570284326690853e+02
4.791178841932535306e+02
3.254272497949261833e+02
4.045229881545789112e+02
4.774854382622066851e+02
4.269045862100851991e+02
3.464789702376126002e+02
4.510258622463389315e+02
4.094925813350464523e+02
4.365046790446003797e+02
4.448110544339885450e+02
4.023858532189734092e+02
4.480928772936185283e+02
4.428308031541936316e+02
3.803203276745477979e+02
3.957692177971889009e+02
3.941054919159100791e+02
4.547440115913124714e+02
3.038853766119814850e+02
3.226141218270010427e+02
3.226141218270010427e+02
3.226141218270010427e+02
3.184892444557161753e+02
3.474243192573676424e+02
3.474243192573676424e+02
3.474243192573676424e+02
4.210017320648416330e+02
3.636455957799253156e+02
2.248616186072403877e+02
3.375256685023742875e+02
2.699665178962486607e+02
2.498673347457275895e+02
4.448110544339885450e+02
4.212643004957395192e+02
3.446584512373249254e+02
2.145674083935217311e+02
2.601909485603146663e+02
2.608669306856831440e+02
3.523119843723108033e+02
3.170778733915686871e+02
4.136294671999611978e+02
3.591309152258494919e+02
3.067790973380955393e+02
2.594215106018736492e+02
2.747579414699078484e+02
4.242166451853768763e+02
3.953470304509910989e+02
3.953470304509910989e+02
3.207272242650917633e+02
4.079815545404351838e+02
3.905979020247865492e+02
4.216433839336282290e+02
3.936828495682895550e+02
3.759035557298155368e+02
4.505727441576914885e+02
4.116896452334761989e+02
3.626477415031686178e+02
3.626477415031686178e+02
3.626477415031686178e+02
4.766371648564442012e+02
3.741181900856909124e+02
4.024261981137307771e+02
4.130724897418621140e+02
4.359858078792588003e+02
2.738057207606847214e+02
2.688036637672204847e+02
4.213930750694542553e+02
4.615301305965465417e+02
3.971635803222137042e+02
3.301074732258418294e+02
4.703172647510989464e+02
3.710666166999131406e+02
3.886453718821845200e+02
3.574217453949092373e+02
3.833139062149468259e+02
2.827624080995564100e+02
4.245923169327512596e+02
3.558354534172993340e+02
3.798052881902832496e+02
4.354297492255141719e+02
3.147471263492927278e+02
3.147471263492927278e+02
3.147471263492927278e+02
3.557820125528164681e+02
3.920595072625316106e+02
3.920595072625316106e+02
3.073402727249060717e+02
3.073402727249060717e+02
4.386269544351520722e+02
4.250708234693285021e+02
4.250708234693285021e+02
3.923013614132967746e+02
4.220226583693511770e+02
4.168558923079567649e+02
3.623125348623683522e+02
3.309391697058881618e+02
3.309391697058881618e+02
4.154019110202914931e+02
4.154019110202914931e+02
4.154019110202542606e+02
3.820088705593803979e+02
3.370558506731540547e+02
3.370558506731540547e+02
3.370558506731540547e+02
3.695557483542448836e+02
3.895597742834485757e+02
3.681879556341956459e+02
3.478525805435913867e+02
4.621866881164546044e+02
2.443216520032559060e+02
3.247853997985048409e+02
2.087649407160411670e+02
2.067848477759079344e+02
4.193168544883431537e+02
3.330184854156138954e+02
3.330184854156138954e+02
4.020140303644058122e+02
4.020140303644058122e+02
4.020140303644058122e+02
3.405205754377851690e+02
4.320933332238765274e+02
4.073575685197802727e+02
3.531678213100205994e+02
2.985355642891438492e+02
2.985355642891438492e+02
2.985355642891438492e+02
2.627744336141464601e+02
3.441671812564035804e+02
3.441671812564035804e+02
3.092622839701319322e+02
2.990847526747027700e+02
3.819219493875604599e+02
3.819219493875604599e+02
3.819219493875604599e+02
3.819219493875604599e+02
3.819219493875604599e+02
3.059711412299678841e+02
3.059711412299678841e+02
2.993488396729543410e+02
4.163922403217960664e+02
2.914823003747474104e+02
2.914823003747474104e+02
2.914823003747474104e+02
4.420579043655592955e+02
3.849328379672663232e+02
4.362672264323897480e+02
3.452601539264076678e+02
2.838350421945729067e+02
3.684227992575826534e+02
2.764330077398757908e+02
2.493685802136078564e+02
2.229752634276662207e+02
2.199636668290310979e+02
2.907814891695826418e+02
2.544965378957066946e+02
4.002577308877893074e+02
3.771067658796849855e+02
2.209577650565778697e+02
2.581541093101332649e+02
3.465716788084848758e+02
2.748867001488316077e+02
4.598065886351482163e+02
4.265037625721433869e+02
4.265037625721433869e+02
4.265037625721433869e+02
4.265037625721433869e+02
4.265037625721433869e+02
4.265037625721433869e+02
4.599506236018642085e+02
4.599506236018642085e+02
3.055601039859528782e+02
3.142795794802466389e+02
3.958038846260484434e+02
4.010552544387193166e+02
3.208981212357872437e+02
3.035686863226766263e+02
2.540295018691122664e+02
3.008139550165725495e+02
3.525505918231833107e+02
3.525505918231889382e+02
4.570610470642874361e+02
3.620904955659580651e+02
3.620904955659580651e+02
3.620904955659580651e+02
3.620904955659580651e+02
3.361810715415992945e+02
3.361810715415992945e+02
3.651839018032054014e+02
3.416873440162211182e+02
3.172058642399711061e+02
3.165146459469445972e+02
3.452402615140348416e+02
3.270257302459156676e+02
4.129577939903564925e+02
4.129577939903564925e+02
4.129577939903564925e+02
4.129577939903564925e+02
4.129577939903564925e+02
4.129577939903564925e+02
3.786845250251995481e+02
3.786845250251995481e+02
4.521107098686797485e+02
3.650204219552538234e+02
3.650204219552538234e+02
3.650204219552538234e+02
4.770805597525722987e+02
2.987996133948690272e+02
3.850009548571300115e+02
4.242928721279416209e+02
4.242928721279416209e+02
2.903983248263414225e+02
3.884956248644038510e+02
3.409881562791888996e+02
3.848064253194660296e+02
2.827528248547992575e+02
2.303138915652057221e+02
3.247853997985048409e+02
3.247853997985048409e+02
3.013472938311042526e+02
3.335005417825008180e+02
3.624778055086536597e+02
3.346514998923764210e+02
3.127966389474768789e+02
3.618948455039653709e+02
3.618948455039653709e+02
4.696267975303460389e+02
3.701722317817526005e+02
2.674178252776406453e+02
2.540939108358944054e+02
2.095308515603900048e+02
2.668645786605807189e+02
3.751848255790065423e+02
4.149988752099060321e+02
3.238537041837111587e+02
3.525505918231833107e+02
4.184429033889122707e+02
3.238537041837111587e+02
3.541879546610435341e+02
3.541879546610435341e+02
3.541879546610435341e+02
3.541879546610435341e+02
3.135027854530920877e+02
3.135027854530920877e+02
2.691901096309646846e+02
2.691901096309646846e+02
2.691901096309646846e+02
3.089881983351259009e+02
3.343679571104383967e+02
4.149988752099060321e+02
3.238537041837111587e+02
3.238537041837111587e+02
3.238537041837100787e+02
2.924696697897870195e+02
2.924696697897870195e+02
3.368113047966225508e+02
4.037450125166632802e+02
3.361810715415992945e+02
3.361810715415983282e+02
3.361810715415983282e+02
3.361810715415983282e+02
3.361810715415983282e+02
3.361810715415983282e+02
3.361810715415992945e+02
4.147620202567528054e+02
3.854198262352800270e+02
4.890640980557517423e+02
4.149655217025106140e+02
3.895413328170105274e+02
2.320275235111301129e+02
5.251732891330605071e+02
4.313967911678192877e+02
3.106614548739738666e+02
3.661917659920216579e+02
4.497553075199768955e+02
3.607767350077000401e+02
4.577597477784786975e+02
3.626933730891963705e+02
2.896857185191406074e+02
4.260843838830160735e+02
4.085916990943426299e+02
3.411003272668219211e+02
3.368611682694041747e+02
3.368611682694041747e+02
4.124997524621123262e+02
4.124997524621123262e+02
4.124997524621076082e+02
3.601679843557242293e+02
3.455413164325618141e+02
3.455413164325618141e+02
4.478889631199674568e+02
3.623774857620437047e+02
3.891822503612203832e+02
3.730513399056474100e+02
3.730513399056474100e+02
3.604612116660130710e+02
4.588739003969371311e+02
4.584141151993189851e+02
3.420769948150356186e+02
4.405580949716243140e+02
4.656028854979455787e+02
3.727924866916387145e+02
4.211649120832730659e+02
3.469594031857732261e+02
3.732266355166807443e+02
3.230587174696687498e+02
4.047193877943264511e+02
4.047193877943249731e+02
4.047193877943264511e+02
3.542915383247606087e+02
3.542915383247606087e+02
3.542915383247606087e+02
4.021453225462300907e+02
4.452894128014151534e+02
4.271755264451334710e+02
4.271755264451246603e+02
3.269850617536330901e+02
4.356339633652425505e+02
4.356339633652425505e+02
4.356339633652425505e+02
3.904566574851385212e+02
3.904566574851385212e+02
4.625953398959652532e+02
4.625953398959670722e+02
4.625953398959670722e+02
4.625953398959670722e+02
4.759701456310683625e+02
4.759701456310683625e+02
3.842395507149033165e+02
3.842395507149033165e+02
3.845654486172196016e+02
3.845654486172196016e+02
3.845654486172196016e+02
3.618235257846813511e+02
3.618235257846813511e+02
4.739742698016405029e+02
4.430802783940797553e+02
4.430802783940761174e+02
4.430802783940797553e+02
4.425520460706605377e+02
4.425520460706512722e+02
3.913221058032930841e+02
3.913221058032930841e+02
3.794761377177013060e+02
3.794761377177013060e+02
3.794761377177013060e+02
3.755555148319690488e+02
3.755555148319690488e+02
3.755555148319690488e+02
3.736116642534458947e+02
3.253388907906048644e+02
3.097613836882704845e+02
2.705118365784024945e+02
3.256896122317590994e+02
2.690190395319659729e+02
3.371280984179467168e+02
3.967559885229663337e+02
4.035778558834934984e+02
4.253230568337088471e+02
3.810576774619757998e+02
3.361527447838028593e+02
4.578860553526437229e+02
4.570456343677611244e+02
4.739742698016439704e+02
4.711157349231726243e+02
3.095078324223953814e+02
2.608101544515693604e+02
3.770072045937989174e+02
3.770072045937989174e+02
4.318422219045660313e+02
3.167291150390100256e+02
4.475138011108525120e+02
4.177730292524518063e+02
4.177730292524518063e+02
4.177730292524518063e+02
3.815446855782154785e+02
4.035277751126661201e+02
4.035277751126661201e+02
4.035277751126661201e+02
3.650204219552538234e+02
3.650204219552538234e+02
3.962955023806021018e+02
3.962955023806021018e+02
3.776018323715955489e+02
3.776018323715955489e+02
3.776018323715955489e+02
3.685793414602032385e+02
3.952056043750632170e+02
3.944553249133302302e+02
4.293978855263371202e+02
4.293978855263371202e+02
3.704091868152289067e+02
3.823757636441034720e+02
4.425520460706512722e+02
2.797076495783298355e+02
2.666181410756630612e+02
4.241143055743178252e+02
4.080016481129619592e+02
4.072102961734533437e+02
4.231641437170960103e+02
4.540024876561487872e+02
3.817755366523560383e+02
4.925002210791993207e+02
5.054803218895343662e+02
4.160781910779803638e+02
4.160781910780323187e+02
4.160781910779803638e+02
4.563117253012546257e+02
4.587580800192333754e+02
3.568230190638369663e+02
3.819038964511781842e+02
3.427225886785273019e+02
3.427225886785273019e+02
3.427225886785273019e+02
3.333090498409903262e+02
3.333090498409858355e+02
4.374074899299445747e+02
3.338659723831282804e+02
4.568737350175188112e+02
2.705983018537687030e+02
2.835763346072517948e+02
4.749637213758767302e+02
4.408146621651566193e+02
3.592042978831839832e+02
3.885931980328499549e+02
4.690668923763900580e+02
3.734328816493508043e+02
3.734328816493508043e+02
4.483189433534487307e+02
4.227033599470377681e+02
3.896617536650684315e+02
4.596032762703001708e+02
4.642016897006255931e+02
3.483361461598454412e+02
3.486847553312376249e+02
3.243857864649808675e+02
3.472838351045259628e+02
3.225926604543603844e+02
3.299504826057789728e+02
3.316244598858771155e+02
2.872514912497197201e+02
3.112932420681202075e+02
3.364832259266004826e+02
3.098590536386308258e+02
2.614310117030751712e+02
2.750943726486366359e+02
3.398140648993281161e+02
4.405666252114193639e+02
4.763063765636874223e+02
4.212573464244312618e+02
3.916362591414850840e+02
4.525387692647319682e+02
4.600297278145545761e+02
3.197932023920358233e+02
3.255080161712252789e+02
4.509411479699654137e+02
4.100778608963835268e+02
4.039168846272516475e+02
3.866868562242640337e+02
4.476846939002525119e+02
3.966561224314754099e+02
4.850487539310851162e+02
4.325504597448434083e+02
4.145449772540092681e+02
4.380315283247211937e+02
4.665491722426237402e+02
3.775610320474347645e+02
3.923130005840040440e+02
3.668070689045301265e+02
3.243190600148187741e+02
3.207220469763233837e+02
3.165733402090054369e+02
2.892492237072597732e+02
3.190812196066740398e+02
2.871609316045776268e+02
2.321050276648684871e+02
4.928625663351618300e+02
2.473544781298474504e+02
2.916557981080667901e+02
4.334213941386279885e+02
4.919182444829717724e+02
3.856452231893235876e+02
3.704777868741728071e+02
4.079838443211637014e+02
4.079838443211637014e+02
4.079838443211637014e+02
4.079838443211637014e+02
4.664945958908796229e+02
4.491304027548849263e+02
3.634280408862134664e+02
3.897592028707795180e+02
4.684648323886067942e+02
4.185084646913663846e+02
3.985287182093879892e+02
3.581120771159586411e+02
3.581120771159586411e+02
3.344489020273224469e+02
4.606309860460320920e+02
4.100778608963835268e+02
3.975610994065121986e+02
3.962799381758865707e+02
3.829794119885390842e+02
3.305289091815096185e+02
4.095163154903312375e+02
4.124881404275066075e+02
3.864505730792790246e+02
3.864505730792790246e+02
3.527679077634111877e+02
3.303225590447739251e+02
3.771603014929942788e+02
3.771603014929942788e+02
3.353358584143246048e+02
4.203329647138841096e+02
4.001081592589260936e+02
3.530443498531469118e+02
3.215964012959636875e+02
3.513275266043330021e+02
3.372961369599817658e+02
3.919598308748477393e+02
3.241796284055872093e+02
4.031779036075666340e+02
4.031779036075516842e+02
3.038270501817612512e+02
4.001931070537930282e+02
4.643296719114769076e+02
3.888880803178506085e+02
3.465284644317881657e+02
4.464178912913314434e+02
4.707494545361161613e+02
3.634396463879789394e+02
3.634396463879789394e+02
3.363397163890710999e+02
3.156544777130586681e+02
2.857927639718103592e+02
2.857927639718103592e+02
2.918192446454671085e+02
5.053041800484783153e+02
3.274762169643485095e+02
3.274762169643485095e+02
3.608638413940603868e+02
3.608638413940603868e+02
3.501903532672288293e+02
3.706267101282462022e+02
4.343902171058587669e+02
4.788887230026987254e+02
4.651845487897006137e+02
3.686489025778295172e+02
4.631674208910495736e+02
3.730513399056474100e+02
4.037667182668487271e+02
3.682922573891764841e+02
2.760637789216729061e+02
3.936348010989732416e+02
4.184237272437555930e+02
4.184237272437435990e+02
3.376180625587011264e+02
3.376180625586857218e+02
3.535695099069826028e+02
3.321729628238366558e+02
3.321729628238366558e+02
3.375202619451599730e+02
3.795776136168213952e+02
4.049992603834515990e+02
3.606735202448477935e+02
3.919184834171258558e+02
4.512932146834535274e+02
4.255823572159223431e+02
3.327446026849843292e+02
4.246617679473843054e+02
4.234211051663780268e+02
3.227708075669117989e+02
2.713886168667595484e+02
3.969328715676172123e+02
3.027157566023368531e+02
2.115748996000405668e+02
3.560408756989590984e+02
4.214762484915212326e+02
2.934977949466057794e+02
3.318277375602755797e+02
3.332332170455295000e+02
3.332332170455295000e+02
3.662102360965714070e+02
2.273005427962185081e+02
3.418595236217894922e+02
2.731185905408538019e+02
2.973008206355653442e+02
3.387586670948608116e+02
2.725065951383891729e+02
2.864094189273829443e+02
3.266888928996083337e+02
3.839028558987802739e+02
4.759414000179513096e+02
5.065611630686591980e+02
5.332136055308723144e+02
3.035367494000055331e+02
4.405858281364434674e+02
4.638077106903623985e+02
3.307217834927295712e+02
4.105198918116935261e+02
4.045686109041459417e+02
3.035367494000055331e+02
3.353888891911975634e+02
3.353888891911975634e+02
3.353888891911999508e+02
2.490273722441812652e+02
3.258192954803511725e+02
3.258192954803511725e+02
3.258192954803409407e+02
3.837784134745335791e+02
3.837784134745335791e+02
3.837784134745335791e+02
4.095741331289130471e+02
4.095741331289130471e+02
4.095741331289130471e+02
4.269728845775571813e+02
4.269728845775571813e+02
4.269728845775571813e+02
4.269728845775683794e+02
4.839907736649923322e+02
4.839907736649910817e+02
4.839907736649923322e+02
4.839907736649923322e+02
4.839907736649910817e+02
4.839907736649923322e+02
3.269901333964517676e+02
3.419874028131484351e+02
3.419874028131484351e+02
3.206622306387142771e+02
3.206622306387142771e+02
3.324230003430726583e+02
3.402702976627053886e+02
3.511996429009506642e+02
3.402702976627053886e+02
3.402702976627053886e+02
3.827473933085006479e+02
3.832626188940532188e+02
3.181198381179634112e+02
3.181198381179634112e+02
4.008275629303514052e+02
4.661236498099337950e+02
3.980868311944523725e+02
3.980868311944523725e+02
3.035367494000055331e+02
4.704224118032742581e+02
2.715021374172051765e+02
4.432845298319851395e+02
4.432845298319851395e+02
4.020411191879567809e+02
2.698962566580353268e+02
3.336766901404647001e+02
3.444499642446722874e+02
4.237389731766792806e+02
3.730513399056474100e+02
4.280777915527737605e+02
3.953470304509910989e+02
3.953470304509910989e+02
3.953470304509910989e+02
3.953470304509910989e+02
3.953470304509915536e+02
3.953470304509915536e+02
3.207272242650917633e+02
4.339150507859177992e+02
4.339150507859185950e+02
3.989754891346906334e+02
4.079815545404351838e+02
3.989754891346906334e+02
4.079815545404351838e+02
4.079815545404351838e+02
4.079815545404351838e+02
4.079815545404351838e+02
3.730513399056474100e+02
4.462544946806161192e+02
4.253459762956530881e+02
4.130587383646486614e+02
4.234537872053343222e+02
3.661582778536785554e+02
4.395605475855990676e+02
4.327847657637588554e+02
4.389247225612496663e+02
4.600405814100258794e+02
4.000406444405578554e+02
4.001557535451574381e+02
2.782727976078635947e+02
4.529072222639225629e+02
3.395248801477029019e+02
4.788082378764554505e+02
4.646935097508107901e+02
4.349023540815854290e+02
4.336340257798175344e+02
4.356144258912526084e+02
4.211649120832730659e+02
4.024547959590345840e+02
3.861164333617335842e+02
3.861164333617335842e+02
3.543880991714277116e+02
3.832519323573533256e+02
4.331400024090093552e+02
3.762737849190950783e+02
3.430648342736796508e+02
3.097494354518039472e+02
3.192958978188176502e+02
3.717382157289334259e+02
3.625490488554340232e+02
3.903130693925280070e+02
5.421955970014779496e+02
3.464368003908895162e+02
3.694974467065280237e+02
3.428873823366797637e+02
4.141879071509232517e+02
2.768798851148173412e+02
3.464368003908755895e+02
4.294648736521820069e+02
3.543848997866002719e+02
2.919396813896279355e+02
3.051174683892286339e+02
3.051174683892286339e+02
4.185193651832652222e+02
3.558592174565581558e+02
3.745225756105847381e+02
2.438359400734707378e+02
3.935431608242801076e+02
3.379994312669866758e+02
3.858454902235852728e+02
3.739661191364237425e+02
3.136041140783686956e+02
2.732936209720024294e+02
4.798159178073370299e+02
4.314778409922663513e+02
5.417818206783830419e+02
4.635301371713017033e+02
3.671908455654903491e+02
3.671908455654827890e+02
3.991066563096630375e+02
3.060088205123536795e+02
4.690248853890506098e+02
4.595377165358070783e+02
3.508896040262683300e+02
4.931223428354601310e+02
4.772929775671804578e+02
4.109051180953413223e+02
5.330188941408295022e+02
3.140014174611752651e+02
3.314825964205163586e+02
3.010795363046580064e+02
3.651965414141548649e+02
3.651965414141548649e+02
5.299075002293551506e+02
5.464088229013506179e+02
4.933187889465274338e+02
3.965601388033545049e+02
3.965601388033545049e+02
5.513281165608921128e+02
3.524241851423152525e+02
3.526870120730215490e+02
3.426113878595303959e+02
2.769928578662115797e+02
3.258738848017509895e+02
2.801675623883828621e+02
3.544158719431730447e+02
3.544158719431730447e+02
3.544158719431730447e+02
3.989859714400779467e+02
3.174874957153961645e+02
3.776208618041743534e+02
3.250048061675224744e+02
4.185911527175700257e+02
3.730961650799393965e+02
4.091004227577825532e+02
2.916236961606323348e+02
4.187185726666228902e+02
3.414248464372559511e+02
3.031370430500262501e+02
3.133170487304325320e+02
3.403305365907564237e+02
3.550829990808763910e+02
2.173266585429970519e+02
2.644353640376350540e+02
2.978361490325509067e+02
2.978361490325547720e+02
2.978361490325509067e+02
2.938664711338253710e+02
2.938664711338209372e+02
3.984011776601018937e+02
4.162420684354102605e+02
2.491771906858926400e+02
3.365378961140895058e+02
3.734965334660843723e+02
4.727191880519621350e+02
3.644662053255412957e+02
3.686179182389303151e+02
4.102535506950702029e+02
1.853091873632625664e+02
3.327878648879681123e+02
3.327878648879681123e+02
3.677686054126548356e+02
3.066342549680641127e+02
3.682938929344659869e+02
2.811008954584530102e+02
4.775132912574328543e+02
4.810236835853733623e+02
4.570187088799410162e+02
5.035258564882705059e+02
4.943531113429729658e+02
4.825404250176663368e+02
4.637336051878900776e+02
4.851209527254715681e+02
4.588200517144460377e+02
4.988654258669702131e+02
2.967130445681366950e+02
3.510510325899194299e+02
4.342536970915008396e+02
4.459262054161282549e+02
2.487282925736795391e+02
4.684058050025441844e+02
3.758732988320203958e+02
4.926486267061436024e+02
3.984286244528603902e+02
4.826609539918289329e+02
4.194734252166488204e+02
4.638007567438452270e+02
3.664118741500627152e+02
4.403794995400055541e+02
3.866891560502612606e+02
2.993632433751550934e+02
4.901543409866529828e+02
3.327741291285309444e+02
4.799649424564630067e+02
3.589147520330231487e+02
4.941230716029079986e+02
4.439422224898754621e+02
3.048291721694385501e+02
3.460027421288219784e+02
3.460027421287967968e+02
4.317867673352262727e+02
3.307488367038327510e+02
