7.416897183227267476e+01
7.324240653093616515e+01
7.327800207884578754e+01
7.326909950733335108e+01
7.342664679371658565e+01
7.418727863306020254e+01
7.326139317079825730e+01
7.430696749766214282e+01
7.340910591109118855e+01
7.338112593204414225e+01
7.324916268998821067e+01
7.383651777006598138e+01
7.337813846035949439e+01
7.337981506887189198e+01
7.344858799106815184e+01
7.337372791303444330e+01
7.344308144387855464e+01
7.326978787150852668e+01
7.328332103075796056e+01
7.354511998984121135e+01
7.354511998984121135e+01
7.328993878210768287e+01
7.381005913757391568e+01
7.361589551196699688e+01
7.328207642271837585e+01
7.343574487496796621e+01
7.343574487496796621e+01
7.324571288753745080e+01
7.386000237831075310e+01
7.335068882821060754e+01
7.342664679371658565e+01
7.326314973686542942e+01
7.329837251933338393e+01
7.324410004969918475e+01
7.325918468354403501e+01
7.345712787478305472e+01
7.326232527204000178e+01
7.327955157915798168e+01
7.332981582697040324e+01
7.335766010001964332e+01
7.335767973796352237e+01
7.335767973796352237e+01
7.335767973796352237e+01
7.333995377335135402e+01
7.332955619376770073e+01
7.327310571881858436e+01
7.395193554713935669e+01
7.347545912151061032e+01
7.353216936297458517e+01
7.341597299798651477e+01
7.472925312852844115e+01
7.354796749795848143e+01
7.358625069707065336e+01
7.358625069707065336e+01
7.358412700569793685e+01
7.372694897356325328e+01
7.375451848603032090e+01
7.330616960488026734e+01
7.360218368836224556e+01
7.325601499957957685e+01
7.451578954677553668e+01
7.358393289553316663e+01
7.327397086264981851e+01
7.344085816959297119e+01
7.324916007495292547e+01
7.325665069610731450e+01
7.325705938804563289e+01
7.328421330432547620e+01
7.395329754665186783e+01
7.342465599878273963e+01
7.350404439376107746e+01
7.354100803788388419e+01
7.349876848092264936e+01
7.325703378294342372e+01
7.326009554648383926e+01
7.533504678893754658e+01
7.329217033198568743e+01
7.325051371952571344e+01
7.325051371952571344e+01
7.327194884581878398e+01
7.325389125538404755e+01
7.333663077489390503e+01
7.414948028047284367e+01
1.031436365760760481e+02
7.350493025052676899e+01
7.414829782963654736e+01
7.330631876435404592e+01
7.332440167887136795e+01
7.329364724220501159e+01
7.325175986567292341e+01
7.325175986567292341e+01
7.325175986567292341e+01
7.334144147155336668e+01
7.334144147155336668e+01
7.328176506132103896e+01
7.328176506132103896e+01
7.326860305075197743e+01
7.416687025506610098e+01
7.332749917128209916e+01
7.329737716173740125e+01
7.328669412420629214e+01
7.328669412420629214e+01
7.330088475248192026e+01
7.330088475248192026e+01
7.434276879559459417e+01
7.326142145757651747e+01
7.434272692029638563e+01
7.369181280259802236e+01
7.343694036616120968e+01
7.326325705267359467e+01
7.328279847942991410e+01
7.335352683485049852e+01
7.347432221580727685e+01
7.329673708938894094e+01
7.324646110483836026e+01
7.331264302548153466e+01
7.394461528735227773e+01
7.326797943924074730e+01
7.377850715192604980e+01
7.404338303439045887e+01
7.655332397731908145e+01
7.337738745340914193e+01
7.341277447109209220e+01
7.329825897011990321e+01
7.332396094431322808e+01
7.332396094431322808e+01
7.333589080300102125e+01
7.331083121177631767e+01
7.346404331598549220e+01
7.346404331598658644e+01
7.337479971592466654e+01
7.327803905083190728e+01
7.682653838494657350e+01
7.395124112351386714e+01
7.341602013851156983e+01
7.327806535317184000e+01
7.330847640921750497e+01
7.393074945598415582e+01
7.339377690414768551e+01
7.343132521530125700e+01
7.327363337414196565e+01
7.332627997995139424e+01
7.332094996667490250e+01
7.341734022186720665e+01
7.347620990865883073e+01
7.338481022819651400e+01
7.332833876729637268e+01
7.332163555742276628e+01
7.389485789141799899e+01
7.325699812571203040e+01
7.330001586452426920e+01
7.328708251891069381e+01
7.350524624499855975e+01
7.337738745340914193e+01
7.348405422776781393e+01
7.336399619367510638e+01
7.329560462005274246e+01
7.398519384148374911e+01
7.352129717036818590e+01
7.331724628524952436e+01
7.327363337414196565e+01
7.328719866068516353e+01
7.453578977233040348e+01
7.324820274666268460e+01
7.324820274666268460e+01
7.324820274666268460e+01
7.325484008739623221e+01
7.335998098737468354e+01
7.324662533731874703e+01
7.325892474982494207e+01
7.325556095904376264e+01
7.341602013851156983e+01
7.364246528943941428e+01
7.333097802313311320e+01
7.406518518714614174e+01
7.422690511199350283e+01
7.332094996667490250e+01
7.335450108142049430e+01
7.404103830594564783e+01
7.328412744055276562e+01
7.327769947601591127e+01
7.336234250656100642e+01
7.331930471030570118e+01
7.331054674735514709e+01
7.331054674735514709e+01
7.331054674735514709e+01
7.330712193426784040e+01
7.344776875189084819e+01
7.334073406709646292e+01
7.334235385242598682e+01
7.327181755353075232e+01
7.328412744055276562e+01
7.327226264658817456e+01
7.326058504983106445e+01
7.326058504982997022e+01
7.326058504983106445e+01
7.328674140628646683e+01
7.328379334401277845e+01
7.328379334401277845e+01
7.326608489762573129e+01
7.330432397308881320e+01
7.402103885792361382e+01
7.924460140246659989e+01
7.361754449512724818e+01
7.347704789871252729e+01
7.345172223541871404e+01
7.432760262774193905e+01
7.343049012040417267e+01
7.332669174951011826e+01
7.403532791696054005e+01
7.562637675254995884e+01
7.374995385587838825e+01
7.414206433969660281e+01
7.365939787269689987e+01
7.343132521530125700e+01
7.339737324023433018e+01
7.354248573578071557e+01
7.339076973418993077e+01
7.348681911084426588e+01
7.335644872455505094e+01
7.335644872455505094e+01
7.385068028874457013e+01
7.397285585514336503e+01
7.324312349780538511e+01
7.324312349780538511e+01
7.324312349780538511e+01
7.337015277594362317e+01
7.364890649389768384e+01
7.333736708685927397e+01
7.333638482237330436e+01
7.333638482237330436e+01
7.337538970478898648e+01
7.327046061603805072e+01
7.331420172327797502e+01
7.558248006961294152e+01
7.328154207685464883e+01
7.330725801897234817e+01
7.330725801897234817e+01
7.330725801897234817e+01
7.331141664930872537e+01
7.324612859899225725e+01
7.324612859899225725e+01
7.324612859899225725e+01
7.326017450043558199e+01
7.328741905136097046e+01
7.335152807528722008e+01
7.330713612801550028e+01
7.325410318859280778e+01
7.332249594346872357e+01
7.327843716436576926e+01
7.499077220619007278e+01
7.345704269963805189e+01
7.325086397127509485e+01
7.325797842283702721e+01
7.332162976604367088e+01
7.332162976604367088e+01
7.648294533468607881e+01
7.329977459909683546e+01
7.332963848349857017e+01
7.329300605581705952e+01
7.375050760250927340e+01
7.331255491273374503e+01
7.375598184847959260e+01
7.345641534857513477e+01
7.379410440968905505e+01
7.340374703193157302e+01
7.440733269940513139e+01
7.324279198818554448e+01
7.325584794524301913e+01
7.325584794524301913e+01
7.325584794524301913e+01
7.336770874425266697e+01
7.334345058650839633e+01
7.325178223575161951e+01
7.325178223575161951e+01
7.333284806151560531e+01
7.384986889339418781e+01
7.329606293330297717e+01
7.329606293330297717e+01
7.356842593148807907e+01
7.356842593148807907e+01
7.325399692708094790e+01
7.333157439708745073e+01
7.325664346194778886e+01
7.338616547828929981e+01
7.325178223575161951e+01
7.345249805316083780e+01
7.327429153192458955e+01
7.327429153192130684e+01
7.326388962446999642e+01
7.326388962446999642e+01
7.326388962446999642e+01
7.326720330594392294e+01
7.326720330594392294e+01
7.326720330594392294e+01
7.334288985529684624e+01
7.325508790103266676e+01
7.326729354811990902e+01
7.326729354811990902e+01
7.326729354811990902e+01
7.324318951192618954e+01
7.324318951192618954e+01
7.326343131588430424e+01
7.324895293851321298e+01
7.377106066829014708e+01
7.324527055009771459e+01
7.324527055009771459e+01
7.333778105493098565e+01
7.333778105493098565e+01
7.337738787032901655e+01
7.337260401382091857e+01
7.327501518100291378e+01
7.455202224245877574e+01
7.455627356551246976e+01
7.327941440693714981e+01
7.329205069399573347e+01
7.329205069399573347e+01
7.324231511399796091e+01
7.325389298035824481e+01
7.329102125410281587e+01
7.414141771540100478e+01
7.419361347044896604e+01
7.576551146644813173e+01
7.328900442774433088e+01
7.326850415078307321e+01
7.325171698238810336e+01
7.325207664404061347e+01
7.377200257176637876e+01
7.327574483588031740e+01
7.330254433475462861e+01
7.379386392046438914e+01
7.411089108590719832e+01
7.411967178294899838e+01
7.328056671539123101e+01
7.718539301687066256e+01
7.351900065648662519e+01
7.324537531628857323e+01
7.327734271110512054e+01
7.324862690074951388e+01
7.425372142589182545e+01
7.467257404773575047e+01
7.467257404773575047e+01
7.467257404773575047e+01
7.344085816959297119e+01
7.327307792992972679e+01
7.396518062295476170e+01
7.342806718556020940e+01
7.350881660482239965e+01
7.325658938161947731e+01
7.325869771757845683e+01
7.325869771757845683e+01
7.325869771757845683e+01
7.332235117504802702e+01
7.350181343537413170e+01
7.347024376787761923e+01
7.391623951010689098e+01
7.326747850053935451e+01
7.324195573862787967e+01
7.324195573862787967e+01
7.326295611860065549e+01
7.328224433367776669e+01
7.339969463973419295e+01
7.364867777830949080e+01
7.325721938833001445e+01
7.359748637245853331e+01
7.355179190170794357e+01
7.340028589400272097e+01
7.325672203514955072e+01
7.324324693351685767e+01
7.347912654221265427e+01
7.480995986917689322e+01
7.327955157915798168e+01
7.345800047191623605e+01
7.324448186777631520e+01
7.324448186777631520e+01
7.324448186777631520e+01
7.328868674365483571e+01
7.329498032942156271e+01
7.324312349780538511e+01
7.324312349780538511e+01
7.328837012797183093e+01
7.328837012797183093e+01
7.342879769390364686e+01
7.326377178149192559e+01
7.333885798672041290e+01
7.435442696724872746e+01
7.324269128297086695e+01
7.324269128297086695e+01
9.193319123528000603e+01
7.330542377340078986e+01
7.430451769922908056e+01
7.333736708685927397e+01
7.331724198125047565e+01
7.326568914184042569e+01
7.326568914184042569e+01
7.326568914184042569e+01
7.328380648507042849e+01
7.341437539890114294e+01
7.325891919243301231e+01
7.355083390812885114e+01
7.326335687012006304e+01
7.327673847062834511e+01
7.326178740514912135e+01
7.326178740514912135e+01
7.326178740514912135e+01
7.326712342874333217e+01
7.345521443994967115e+01
7.324240653093616515e+01
7.330295525935491696e+01
7.328390273182230885e+01
7.341738559955562948e+01
7.341738559955562948e+01
7.341738559955562948e+01
7.341738559955562948e+01
7.341738559955562948e+01
7.324285263570682503e+01
7.326232527204000178e+01
7.324612859899225725e+01
7.324612859899225725e+01
7.324612859899225725e+01
7.326017450043558199e+01
7.325770004959350956e+01
7.332750555164896866e+01
7.332750555164896866e+01
7.332750555164896866e+01
7.325668754310990494e+01
7.324228053913047631e+01
7.324574873603141612e+01
7.326686070023214370e+01
7.333369434011244437e+01
7.334235385242598682e+01
7.333496697998592140e+01
7.333297199793767618e+01
7.333297199793767618e+01
7.336388192683335774e+01
7.337311668636655781e+01
7.338939584863423704e+01
7.342099380465951697e+01
7.327843716436576926e+01
7.334533619271118710e+01
7.334533619271118710e+01
7.334533619271118710e+01
7.417611367631251085e+01
7.417611367631251085e+01
7.342204133218447737e+01
7.340025817881685555e+01
7.343136118440574478e+01
7.327142724807258389e+01
7.337503904692623280e+01
7.329205069399573347e+01
7.329309809209948412e+01
7.327781795490307104e+01
7.490525161977647883e+01
7.535047131975545653e+01
7.334463580980670372e+01
7.334463580980670372e+01
7.324168001556584784e+01
7.324168001556584784e+01
7.324168001556584784e+01
7.324168001556584784e+01
7.475166828090581816e+01
7.325058642814580878e+01
7.325058642814580878e+01
7.332390798786697417e+01
7.332390798786697417e+01
7.349427509872143105e+01
7.331006689773919049e+01
7.332208262515122499e+01
7.353872456625599341e+01
7.327765880222507633e+01
7.365732860565816509e+01
7.344186458969765852e+01
7.329510149293206211e+01
7.326472163262616277e+01
7.332390798786587993e+01
7.332390798786697417e+01
7.332390798786697417e+01
7.331671603986298180e+01
7.376450968063042524e+01
7.327554681972608819e+01
7.325891919243301231e+01
7.325891919243301231e+01
7.329051575715421052e+01
7.334202735513578375e+01
7.340932591335118218e+01
7.341602937047451860e+01
7.325011774130017272e+01
7.360300326085412337e+01
7.327089151639242459e+01
7.330834127113395482e+01
7.330588502098051151e+01
7.331420172327577234e+01
7.331836507793445890e+01
7.350465552033354300e+01
7.369952113255962445e+01
7.364182458356025052e+01
7.383728096753608838e+01
7.330148111143567746e+01
7.334463580980670372e+01
7.334463580980670372e+01
7.330148111143567746e+01
7.332356401421203884e+01
7.332356401421203884e+01
7.332356401421203884e+01
7.326167870678688132e+01
7.328553186530153596e+01
7.328553186530153596e+01
7.328553186530153596e+01
7.324894652222788238e+01
7.330148111143567746e+01
7.330148111143567746e+01
7.330148111143567746e+01
7.334048587035599098e+01
7.334048587035599098e+01
7.327313533297923698e+01
7.325058642814580878e+01
7.325058642814580878e+01
7.325058642814580878e+01
7.325058642814580878e+01
7.325058642814580878e+01
7.325058642814580878e+01
7.325058642814580878e+01
7.347422308369760913e+01
7.331494166253563094e+01
7.328578014631654014e+01
7.328578014631654014e+01
7.325349088423182309e+01
7.325349088423182309e+01
7.350127973862842623e+01
7.332196829758453305e+01
7.347224626630797673e+01
7.347224626630797673e+01
7.330664076437767562e+01
7.328025886148236623e+01
7.328025886148236623e+01
7.566861013897953114e+01
7.363180488973802085e+01
7.363180488973583238e+01
7.363180488973802085e+01
7.329151329069389931e+01
7.329151329069389931e+01
7.329151329069389931e+01
7.403271402684458735e+01
7.327728879105194437e+01
7.381955635907846158e+01
7.383854888354458978e+01
7.441697697445388826e+01
7.348511848866046137e+01
7.381409342154103115e+01
7.381409342154103115e+01
7.326389154504310852e+01
7.324512763282832850e+01
7.325991790123030967e+01
7.339633242582837624e+01
7.360426456129060568e+01
7.342246783253939668e+01
7.328443289635988833e+01
7.324701203172352848e+01
7.372150765034842834e+01
7.326841089369507642e+01
7.348120876922931188e+01
7.328905952653771294e+01
7.325078129736647270e+01
7.325099934122300738e+01
7.364815514468256197e+01
7.409661400873902437e+01
7.346529114301699792e+01
7.329759975304129682e+01
7.329740302114764461e+01
7.361589551196699688e+01
7.414099779210843622e+01
7.354192370355127650e+01
7.378394788641662672e+01
7.325058124242954705e+01
7.328131065835577829e+01
7.328131065835577829e+01
7.328131065835577829e+01
7.362384003625255957e+01
7.362384003625146534e+01
7.329925986753515588e+01
7.324631021818031229e+01
7.330519718130410922e+01
7.518056639415401321e+01
7.507055629357614635e+01
7.325349281572265170e+01
7.324894101554794190e+01
7.324457557876381486e+01
7.329194197535960598e+01
7.359491338393215187e+01
7.383649107183546789e+01
7.353325874993522859e+01
7.349891966806177379e+01
7.347912654221265427e+01
7.347101171817165266e+01
7.504495046282171700e+01
7.393667730849229258e+01
7.471993567320268426e+01
7.397420143666953152e+01
7.326683118129884065e+01
7.333369434011244437e+01
7.327415586592216812e+01
7.394540117010080849e+01
7.333362792943047737e+01
7.334684767067635391e+01
7.336418875725662758e+01
7.334814739334638034e+01
7.326142146424103885e+01
7.333245510618547769e+01
7.329750297614378951e+01
7.346626639684615157e+01
7.566787490179028453e+01
9.579753940481441532e+01
7.342664679371658565e+01
7.357959965119356127e+01
7.357959965119356127e+01
7.357284978901243733e+01
7.346076068013586280e+01
7.659040458264125562e+01
7.361278832205005074e+01
7.361278832205005074e+01
7.359322917897678451e+01
7.359322917897678451e+01
7.357337372982776458e+01
7.344107659343049477e+01
7.348144675499352729e+01
7.380603205132533162e+01
7.331056710573488999e+01
7.352272136024042481e+01
7.340773784796871837e+01
7.329428823690719241e+01
7.329415749736614316e+01
7.338560199461520028e+01
7.326438209458221706e+01
7.345107021927194069e+01
7.324187002064894614e+01
7.324867515142912566e+01
7.402455257767911689e+01
7.329088127570891231e+01
7.325692905406422994e+01
7.331535793745489116e+01
7.331535793745489116e+01
7.324285263570682503e+01
7.324285263570682503e+01
7.352599010518160583e+01
7.327918970322869541e+01
7.327918970322869541e+01
7.327918970322869541e+01
7.348357950765600322e+01
7.348357950765600322e+01
7.324784672565870380e+01
7.376398433221206119e+01
7.335528743488889347e+01
7.337999398616720725e+01
7.329670162604335815e+01
7.330872529763537671e+01
7.333106656641433574e+01
7.325939649456502423e+01
7.325939649456392999e+01
7.325366594033842205e+01
7.328230998040174882e+01
7.331109024988882084e+01
7.365173588063393595e+01
7.342330335130537833e+01
7.346085794479387232e+01
7.346273560695489380e+01
7.404734266498246598e+01
7.361703348115455015e+01
7.365060273585055484e+01
7.327719935569749055e+01
7.391094478796581768e+01
7.326781961032719437e+01
7.324195005514968670e+01
7.326232527203890754e+01
7.328154207685464883e+01
7.433676831578202382e+01
7.349703429793146370e+01
7.359096279870200874e+01
7.329386753650291553e+01
7.325565903678051427e+01
7.327397086264981851e+01
7.325626852565595470e+01
7.325626852565595470e+01
7.427326870543217296e+01
7.337821436961101540e+01
7.351900065648662519e+01
7.337821436961101540e+01
7.336142879456343735e+01
7.336142879456234311e+01
7.334776580484354724e+01
7.358594788017012434e+01
7.358594788017012434e+01
7.358594788017012434e+01
7.379318567712883237e+01
7.327553057663310199e+01
7.330510621733716903e+01
7.330510621733716903e+01
7.330510621733716903e+01
7.338897084032258533e+01
7.332619304230829016e+01
7.332619304230829016e+01
7.330441212813990148e+01
7.330441212813990148e+01
7.324980806414230017e+01
7.324980806414230017e+01
7.324980806414230017e+01
7.355200371428074391e+01
7.358217292012484734e+01
7.337821436961101540e+01
7.354327519366607646e+01
7.347591652308854293e+01
7.326718264560707894e+01
7.333539322936576355e+01
7.325673300673530264e+01
7.369517979603156732e+01
7.329670162604335815e+01
7.341904431736548986e+01
7.324324693351685767e+01
7.342991996692062173e+01
7.342991996692062173e+01
7.329670162604335815e+01
7.353517309595690676e+01
7.345975799744149981e+01
7.424399444854788044e+01
7.325613249343855671e+01
7.566861013897953114e+01
7.477275723909613703e+01
7.413771091028878857e+01
8.580513071059310448e+01
7.374838756827364250e+01
7.377001431806895937e+01
7.419478986285201927e+01
7.409535601415451822e+01
7.366167258224770364e+01
7.363008755361427404e+01
7.334663843750861645e+01
7.327190104560058614e+01
7.324229794675143523e+01
7.329744213305519906e+01
7.327425826297188394e+01
7.326157097043292765e+01
7.333490195131156497e+01
7.324229794675254368e+01
7.324162427341266834e+01
7.325584668512789221e+01
7.334941399934450601e+01
7.349218987313911100e+01
7.349218987313911100e+01
7.404460807469146744e+01
7.412903290451747296e+01
7.419478986285201927e+01
7.432815368829152192e+01
7.327508423841612739e+01
7.331753892920460203e+01
7.327156849510343761e+01
7.404791290525609782e+01
7.325810563006432119e+01
7.352249885823822240e+01
7.998842209291092331e+01
7.384646793640109763e+01
7.331349046764185573e+01
7.331349046764296418e+01
7.332835332724408772e+01
7.334266882553706068e+01
7.326801388795961145e+01
7.330243947726866338e+01
7.328973561384553648e+01
7.328973561384553648e+01
7.334667868219000297e+01
7.351473095989295814e+01
7.351473095989295814e+01
7.365566467261771777e+01
7.365566467261771777e+01
7.816531579979793776e+01
8.446827915011689925e+01
7.406518518714614174e+01
7.349100311676481567e+01
7.339911782614554170e+01
7.358308861723725158e+01
7.358308861723725158e+01
7.358308861723725158e+01
7.388892820404679185e+01
7.350542261041353242e+01
7.346001598804741661e+01
7.341286637170904328e+01
7.349362927982259919e+01
9.891967347631994301e+01
7.360339320316154499e+01
7.380384418919480538e+01
7.395329754665186783e+01
7.389130237748634045e+01
7.561714922704341291e+01
7.368194005156617266e+01
7.344392959530762255e+01
7.576551146644813173e+01
7.409122647351870228e+01
7.476837503498697401e+01
7.706103450284400935e+01
7.324545528494014945e+01
7.324545528494014945e+01
7.336435126855315048e+01
7.330567629088092474e+01
7.324848100516260274e+01
7.324848100516260274e+01
7.342076819952382039e+01
7.331029213743352102e+01
7.833946558251896874e+01
7.402787791000287143e+01
8.083220378475574819e+01
8.554596984900820189e+01
7.473336260478055237e+01
7.453053440771634541e+01
7.378637190857898531e+01
1.021818901340702155e+02
1.013791069499275324e+02
7.339696774047568795e+01
7.326588616115755315e+01
7.326588616114658237e+01
