3.883899999999999864e+02
5.651499999999999773e+02
4.061499999999999773e+02
4.966499999999999773e+02
6.200499999999999545e+02
3.503500000000000227e+02
4.921499999999999773e+02
3.351499999999999773e+02
3.851499999999999773e+02
5.421499999999999773e+02
5.071499999999999773e+02
5.621499999999999773e+02
5.751499999999999773e+02
4.761499999999999773e+02
5.151499999999999773e+02
5.381499999999999773e+02
5.401499999999999773e+02
5.241499999999999773e+02
5.671499999999999773e+02
4.476499999999999773e+02
4.141499999999999773e+02
4.572500000000000000e+02
5.731499999999999773e+02
3.191499999999999773e+02
5.791499999999999773e+02
5.301499999999999773e+02
5.401499999999999773e+02
4.771499999999999773e+02
6.741499999999999773e+02
4.641499999999999773e+02
6.251499999999999773e+02
4.791499999999999773e+02
6.331499999999999773e+02
6.081499999999999773e+02
4.581499999999999773e+02
5.731499999999999773e+02
4.671499999999999773e+02
4.731499999999999773e+02
5.501499999999999773e+02
5.051499999999999773e+02
5.461499999999999773e+02
5.561499999999999773e+02
5.781499999999999773e+02
4.796499999999999773e+02
4.546499999999999773e+02
5.211499999999999773e+02
5.696499999999999773e+02
5.231499999999999773e+02
5.281499999999999773e+02
4.981499999999999773e+02
5.371499999999999773e+02
5.131499999999999773e+02
5.261499999999999773e+02
5.251499999999999773e+02
4.661499999999999773e+02
5.481499999999999773e+02
4.441499999999999773e+02
5.049499999999999886e+02
4.586499999999999773e+02
4.431499999999999773e+02
4.591499999999999773e+02
3.931499999999999773e+02
5.021499999999999773e+02
3.358600000000000136e+02
4.721499999999999773e+02
5.341499999999999773e+02
5.141499999999999773e+02
4.881499999999999773e+02
3.653500000000000227e+02
3.981499999999999773e+02
3.511499999999999773e+02
3.371499999999999773e+02
5.541499999999999773e+02
4.591499999999999773e+02
5.439500000000000455e+02
3.386499999999999773e+02
4.981499999999999773e+02
4.821499999999999773e+02
5.041499999999999773e+02
5.341499999999999773e+02
5.082500000000000000e+02
5.211499999999999773e+02
5.851499999999999773e+02
6.971499999999999773e+02
5.051499999999999773e+02
5.881499999999999773e+02
5.001499999999999773e+02
4.740500000000000114e+02
5.131499999999999773e+02
4.881499999999999773e+02
5.061499999999999773e+02
5.121499999999999773e+02
5.221499999999999773e+02
5.331499999999999773e+02
5.193499999999999091e+02
5.111499999999999773e+02
4.151499999999999773e+02
4.951499999999999773e+02
6.061499999999999773e+02
4.486499999999999773e+02
4.431499999999999773e+02
4.241499999999999773e+02
5.351499999999999773e+02
5.616499999999999773e+02
4.291499999999999773e+02
4.991499999999999773e+02
3.341499999999999773e+02
2.861499999999999773e+02
3.561499999999999773e+02
4.931499999999999773e+02
4.991499999999999773e+02
5.521499999999999773e+02
4.341499999999999773e+02
4.451499999999999773e+02
4.631499999999999773e+02
3.816499999999999773e+02
3.223500000000000227e+02
5.141499999999999773e+02
4.231499999999999773e+02
6.521499999999999773e+02
4.951499999999999773e+02
4.081499999999999773e+02
4.621499999999999773e+02
3.856499999999999773e+02
5.181499999999999773e+02
5.461499999999999773e+02
5.431499999999999773e+02
4.921499999999999773e+02
5.286499999999999773e+02
5.316499999999999773e+02
4.181499999999999773e+02
4.711499999999999773e+02
6.321499999999999773e+02
4.021499999999999773e+02
4.721499999999999773e+02
4.352799999999999727e+02
5.491499999999999773e+02
3.931499999999999773e+02
4.891499999999999773e+02
4.791499999999999773e+02
4.601499999999999773e+02
4.171499999999999773e+02
3.586499999999999773e+02
4.821499999999999773e+02
4.841499999999999773e+02
4.741499999999999773e+02
4.381499999999999773e+02
4.431499999999999773e+02
5.391499999999999773e+02
5.211499999999999773e+02
6.111499999999999773e+02
4.181499999999999773e+02
3.631499999999999773e+02
4.127500000000000000e+02
5.231499999999999773e+02
5.451499999999999773e+02
4.681499999999999773e+02
3.771499999999999773e+02
4.390500000000000114e+02
4.091499999999999773e+02
4.501499999999999773e+02
4.366499999999999773e+02
3.541499999999999773e+02
4.881499999999999773e+02
4.841499999999999773e+02
4.901499999999999773e+02
4.796499999999999773e+02
4.661499999999999773e+02
5.371499999999999773e+02
4.781499999999999773e+02
4.916499999999999773e+02
4.591499999999999773e+02
4.271499999999999773e+02
4.781499999999999773e+02
5.071499999999999773e+02
6.231499999999999773e+02
3.931499999999999773e+02
4.501499999999999773e+02
3.355499999999999545e+02
5.401499999999999773e+02
4.151499999999999773e+02
5.231499999999999773e+02
5.556499999999999773e+02
5.241499999999999773e+02
5.471499999999999773e+02
5.161499999999999773e+02
4.011499999999999773e+02
4.491499999999999773e+02
4.021499999999999773e+02
3.551499999999999773e+02
4.251499999999999773e+02
4.911499999999999773e+02
4.691499999999999773e+02
4.315500000000000114e+02
4.171499999999999773e+02
4.450500000000000114e+02
4.381499999999999773e+02
5.401499999999999773e+02
5.331499999999999773e+02
4.187500000000000000e+02
5.421499999999999773e+02
5.691499999999999773e+02
5.781499999999999773e+02
4.421499999999999773e+02
4.671499999999999773e+02
4.591499999999999773e+02
5.808499999999999091e+02
4.771499999999999773e+02
5.782500000000000000e+02
6.041499999999999773e+02
6.331499999999999773e+02
5.231499999999999773e+02
6.331499999999999773e+02
6.021499999999999773e+02
5.001499999999999773e+02
3.806499999999999773e+02
5.721499999999999773e+02
5.492500000000000000e+02
5.281499999999999773e+02
4.981499999999999773e+02
4.981499999999999773e+02
3.900500000000000114e+02
4.434499999999999886e+02
5.061499999999999773e+02
5.211499999999999773e+02
5.271499999999999773e+02
5.681499999999999773e+02
5.591499999999999773e+02
3.811499999999999773e+02
5.401499999999999773e+02
5.561499999999999773e+02
5.721499999999999773e+02
4.441499999999999773e+02
4.781499999999999773e+02
2.897500000000000000e+02
4.221499999999999773e+02
5.441499999999999773e+02
5.671499999999999773e+02
5.831499999999999773e+02
4.511499999999999773e+02
4.861499999999999773e+02
4.871499999999999773e+02
4.903500000000000227e+02
4.771499999999999773e+02
5.141499999999999773e+02
4.941499999999999773e+02
4.581499999999999773e+02
4.891499999999999773e+02
4.636499999999999773e+02
3.886499999999999773e+02
3.096499999999999773e+02
4.076499999999999773e+02
4.536499999999999773e+02
4.701499999999999773e+02
5.641499999999999773e+02
5.641499999999999773e+02
3.271499999999999773e+02
4.021499999999999773e+02
4.491499999999999773e+02
4.451499999999999773e+02
3.741499999999999773e+02
4.041499999999999773e+02
3.291499999999999773e+02
3.411499999999999773e+02
3.871499999999999773e+02
3.778500000000000227e+02
3.073500000000000227e+02
5.041499999999999773e+02
4.891499999999999773e+02
4.941499999999999773e+02
4.901499999999999773e+02
4.771499999999999773e+02
4.421499999999999773e+02
4.711499999999999773e+02
4.531499999999999773e+02
5.781499999999999773e+02
2.906499999999999773e+02
5.056499999999999773e+02
5.186499999999999773e+02
5.701499999999999773e+02
4.594499999999999886e+02
4.636499999999999773e+02
5.331499999999999773e+02
4.871499999999999773e+02
5.466499999999999773e+02
4.511499999999999773e+02
3.581499999999999773e+02
4.685500000000000114e+02
4.901499999999999773e+02
4.221499999999999773e+02
4.391499999999999773e+02
4.411499999999999773e+02
5.161499999999999773e+02
4.941499999999999773e+02
4.941499999999999773e+02
4.171499999999999773e+02
4.871499999999999773e+02
4.481499999999999773e+02
4.611499999999999773e+02
4.551499999999999773e+02
5.051499999999999773e+02
5.011499999999999773e+02
4.561499999999999773e+02
4.619499999999999886e+02
5.691499999999999773e+02
4.701499999999999773e+02
4.781499999999999773e+02
3.981499999999999773e+02
3.801499999999999773e+02
6.421499999999999773e+02
4.201499999999999773e+02
4.186499999999999773e+02
6.091499999999999773e+02
6.221499999999999773e+02
4.681499999999999773e+02
4.141499999999999773e+02
4.131499999999999773e+02
4.971499999999999773e+02
4.561499999999999773e+02
4.261499999999999773e+02
6.061499999999999773e+02
5.941499999999999773e+02
6.031499999999999773e+02
4.091499999999999773e+02
4.421499999999999773e+02
5.311499999999999773e+02
4.701499999999999773e+02
5.681499999999999773e+02
4.366499999999999773e+02
4.051499999999999773e+02
4.921499999999999773e+02
4.571499999999999773e+02
4.911499999999999773e+02
4.866499999999999773e+02
6.621499999999999773e+02
5.301499999999999773e+02
4.941499999999999773e+02
5.421499999999999773e+02
5.271499999999999773e+02
4.581499999999999773e+02
5.631499999999999773e+02
5.531499999999999773e+02
5.611499999999999773e+02
3.419499999999999886e+02
4.801499999999999773e+02
3.531499999999999773e+02
3.791499999999999773e+02
3.411499999999999773e+02
4.481499999999999773e+02
4.581499999999999773e+02
4.696499999999999773e+02
4.601499999999999773e+02
5.421499999999999773e+02
3.476499999999999773e+02
3.721499999999999773e+02
3.049499999999999886e+02
4.421499999999999773e+02
4.941499999999999773e+02
5.011499999999999773e+02
4.761499999999999773e+02
4.561499999999999773e+02
3.801499999999999773e+02
3.264499999999999886e+02
5.141499999999999773e+02
3.071499999999999773e+02
4.676499999999999773e+02
3.693500000000000227e+02
4.551499999999999773e+02
5.163499999999999091e+02
3.685500000000000114e+02
4.921499999999999773e+02
4.851499999999999773e+02
3.941499999999999773e+02
4.941499999999999773e+02
5.241499999999999773e+02
5.161499999999999773e+02
5.681499999999999773e+02
5.596499999999999773e+02
5.011499999999999773e+02
5.096499999999999773e+02
5.286499999999999773e+02
5.296499999999999773e+02
3.681499999999999773e+02
4.761499999999999773e+02
3.701499999999999773e+02
3.155499999999999545e+02
5.081499999999999773e+02
5.216499999999999773e+02
6.041499999999999773e+02
5.771499999999999773e+02
6.131499999999999773e+02
3.861499999999999773e+02
4.385500000000000114e+02
4.151499999999999773e+02
4.516499999999999773e+02
4.661499999999999773e+02
5.791499999999999773e+02
4.811499999999999773e+02
5.801499999999999773e+02
3.631499999999999773e+02
5.291499999999999773e+02
5.841499999999999773e+02
4.731499999999999773e+02
4.764499999999999886e+02
4.741499999999999773e+02
4.701499999999999773e+02
4.641499999999999773e+02
5.671499999999999773e+02
5.156499999999999773e+02
5.041499999999999773e+02
5.651499999999999773e+02
5.571499999999999773e+02
5.281499999999999773e+02
5.381499999999999773e+02
5.466499999999999773e+02
4.831499999999999773e+02
4.791499999999999773e+02
4.791499999999999773e+02
4.766499999999999773e+02
4.681499999999999773e+02
4.536499999999999773e+02
4.961499999999999773e+02
4.781499999999999773e+02
4.881499999999999773e+02
4.911499999999999773e+02
5.111499999999999773e+02
4.736499999999999773e+02
4.661499999999999773e+02
4.991499999999999773e+02
3.691499999999999773e+02
3.501499999999999773e+02
3.541499999999999773e+02
3.961499999999999773e+02
4.021499999999999773e+02
4.141499999999999773e+02
3.526499999999999773e+02
4.641499999999999773e+02
6.381499999999999773e+02
4.761499999999999773e+02
4.581499999999999773e+02
4.671499999999999773e+02
4.841499999999999773e+02
5.981499999999999773e+02
5.581499999999999773e+02
5.671499999999999773e+02
3.886499999999999773e+02
4.323899999999999864e+02
4.221499999999999773e+02
4.281499999999999773e+02
4.221499999999999773e+02
4.056499999999999773e+02
4.686499999999999773e+02
3.561499999999999773e+02
3.221499999999999773e+02
5.401499999999999773e+02
5.361499999999999773e+02
5.461499999999999773e+02
5.391499999999999773e+02
5.401499999999999773e+02
5.391499999999999773e+02
3.114499999999999886e+02
5.251499999999999773e+02
5.261499999999999773e+02
4.001499999999999773e+02
3.961499999999999773e+02
5.441499999999999773e+02
5.281499999999999773e+02
5.331499999999999773e+02
6.036499999999999773e+02
5.676499999999999773e+02
5.781499999999999773e+02
5.481499999999999773e+02
4.601499999999999773e+02
4.065500000000000114e+02
3.606499999999999773e+02
3.611499999999999773e+02
3.611499999999999773e+02
3.841499999999999773e+02
5.431499999999999773e+02
4.281499999999999773e+02
5.691499999999999773e+02
5.761499999999999773e+02
5.291499999999999773e+02
5.586499999999999773e+02
5.891499999999999773e+02
5.531499999999999773e+02
5.021499999999999773e+02
5.911499999999999773e+02
4.261499999999999773e+02
3.991499999999999773e+02
4.901499999999999773e+02
4.801499999999999773e+02
4.041499999999999773e+02
3.751499999999999773e+02
3.371499999999999773e+02
3.361499999999999773e+02
3.561499999999999773e+02
4.021499999999999773e+02
4.771499999999999773e+02
4.791499999999999773e+02
4.871499999999999773e+02
4.959499999999999886e+02
5.001499999999999773e+02
4.816499999999999773e+02
4.751499999999999773e+02
4.025500000000000114e+02
4.172500000000000000e+02
4.184499999999999886e+02
4.771499999999999773e+02
4.111499999999999773e+02
4.151499999999999773e+02
4.261499999999999773e+02
4.211499999999999773e+02
4.161499999999999773e+02
5.211499999999999773e+02
5.205499999999999545e+02
5.241499999999999773e+02
5.391499999999999773e+02
5.301499999999999773e+02
5.381499999999999773e+02
5.311499999999999773e+02
5.205499999999999545e+02
5.401499999999999773e+02
5.171499999999999773e+02
4.019200000000000159e+02
4.063500000000000227e+02
5.071499999999999773e+02
5.456499999999999773e+02
4.060500000000000114e+02
4.013500000000000227e+02
5.721499999999999773e+02
5.801499999999999773e+02
5.651499999999999773e+02
5.738499999999999091e+02
5.793499999999999091e+02
5.731499999999999773e+02
5.581499999999999773e+02
5.851499999999999773e+02
6.011499999999999773e+02
5.451499999999999773e+02
5.311499999999999773e+02
5.321499999999999773e+02
5.856499999999999773e+02
4.838500000000000227e+02
5.401499999999999773e+02
5.431499999999999773e+02
5.931499999999999773e+02
5.496499999999999773e+02
5.931499999999999773e+02
6.131499999999999773e+02
4.259499999999999886e+02
4.781499999999999773e+02
4.796499999999999773e+02
3.872500000000000000e+02
4.681499999999999773e+02
3.716499999999999773e+02
5.231499999999999773e+02
4.661499999999999773e+02
3.743399999999999750e+02
5.091499999999999773e+02
5.871499999999999773e+02
4.816499999999999773e+02
4.456499999999999773e+02
4.271499999999999773e+02
4.891499999999999773e+02
5.931499999999999773e+02
4.751499999999999773e+02
4.043500000000000227e+02
3.933500000000000227e+02
4.451499999999999773e+02
4.191499999999999773e+02
4.791499999999999773e+02
3.201499999999999773e+02
4.976499999999999773e+02
4.940500000000000114e+02
5.052500000000000000e+02
5.118100000000000023e+02
4.901499999999999773e+02
4.759499999999999886e+02
5.281499999999999773e+02
4.981499999999999773e+02
4.711499999999999773e+02
6.351499999999999773e+02
6.231499999999999773e+02
5.121499999999999773e+02
4.987500000000000000e+02
4.751499999999999773e+02
4.517500000000000000e+02
5.831499999999999773e+02
4.651499999999999773e+02
4.476499999999999773e+02
4.231499999999999773e+02
3.426499999999999773e+02
4.791499999999999773e+02
5.531499999999999773e+02
5.851499999999999773e+02
4.266499999999999773e+02
4.351499999999999773e+02
4.981499999999999773e+02
3.621499999999999773e+02
4.511499999999999773e+02
5.591499999999999773e+02
4.131499999999999773e+02
4.421499999999999773e+02
4.171499999999999773e+02
4.131499999999999773e+02
4.891499999999999773e+02
3.778500000000000227e+02
5.336499999999999773e+02
3.776499999999999773e+02
3.561499999999999773e+02
5.471499999999999773e+02
6.234500000000000455e+02
6.331499999999999773e+02
6.823499999999999091e+02
6.441499999999999773e+02
5.811499999999999773e+02
6.771499999999999773e+02
6.131499999999999773e+02
6.031499999999999773e+02
5.861499999999999773e+02
6.271499999999999773e+02
5.841499999999999773e+02
5.771499999999999773e+02
5.551499999999999773e+02
6.441499999999999773e+02
5.531499999999999773e+02
5.181499999999999773e+02
5.621499999999999773e+02
5.171499999999999773e+02
6.131499999999999773e+02
4.831499999999999773e+02
4.394499999999999886e+02
5.831499999999999773e+02
4.681499999999999773e+02
4.581499999999999773e+02
6.686499999999999773e+02
5.301499999999999773e+02
4.953500000000000227e+02
5.221499999999999773e+02
5.369500000000000455e+02
4.711499999999999773e+02
4.766499999999999773e+02
5.951499999999999773e+02
5.441499999999999773e+02
5.471499999999999773e+02
5.541499999999999773e+02
5.901499999999999773e+02
5.881499999999999773e+02
5.431499999999999773e+02
6.361499999999999773e+02
5.056499999999999773e+02
5.111499999999999773e+02
5.891499999999999773e+02
4.217799999999999727e+02
3.793399999999999750e+02
4.771499999999999773e+02
5.006499999999999773e+02
4.731499999999999773e+02
5.331499999999999773e+02
5.491499999999999773e+02
4.051499999999999773e+02
4.861499999999999773e+02
3.911499999999999773e+02
4.123500000000000227e+02
3.704499999999999886e+02
4.631499999999999773e+02
4.061499999999999773e+02
4.411499999999999773e+02
3.203600000000000136e+02
4.561499999999999773e+02
5.021499999999999773e+02
4.931499999999999773e+02
4.691499999999999773e+02
3.401499999999999773e+02
3.585499999999999545e+02
3.171499999999999773e+02
4.396499999999999773e+02
5.091499999999999773e+02
4.881499999999999773e+02
4.431499999999999773e+02
4.621499999999999773e+02
3.571499999999999773e+02
3.894499999999999886e+02
4.601499999999999773e+02
4.811499999999999773e+02
5.251499999999999773e+02
5.461499999999999773e+02
3.883500000000000227e+02
4.976499999999999773e+02
4.761499999999999773e+02
4.591499999999999773e+02
5.581499999999999773e+02
4.861499999999999773e+02
4.761499999999999773e+02
4.991499999999999773e+02
5.031499999999999773e+02
5.391499999999999773e+02
5.333499999999999091e+02
5.571499999999999773e+02
6.231499999999999773e+02
5.531499999999999773e+02
4.821499999999999773e+02
4.981499999999999773e+02
4.971499999999999773e+02
5.806499999999999773e+02
4.681499999999999773e+02
3.969499999999999886e+02
4.028899999999999864e+02
3.597500000000000000e+02
5.431499999999999773e+02
5.243499999999999091e+02
4.931499999999999773e+02
3.654499999999999886e+02
5.101499999999999773e+02
5.831499999999999773e+02
5.102500000000000000e+02
6.331499999999999773e+02
5.401499999999999773e+02
5.001499999999999773e+02
6.341499999999999773e+02
5.691499999999999773e+02
5.391499999999999773e+02
4.731499999999999773e+02
6.431499999999999773e+02
5.771499999999999773e+02
5.236499999999999773e+02
4.961499999999999773e+02
5.621499999999999773e+02
6.146499999999999773e+02
4.651499999999999773e+02
4.251499999999999773e+02
4.811499999999999773e+02
3.316499999999999773e+02
6.006499999999999773e+02
4.261499999999999773e+02
5.056499999999999773e+02
5.571499999999999773e+02
5.511499999999999773e+02
4.471499999999999773e+02
3.901499999999999773e+02
5.236499999999999773e+02
4.966499999999999773e+02
5.621499999999999773e+02
4.691499999999999773e+02
4.886499999999999773e+02
5.331499999999999773e+02
4.411499999999999773e+02
3.941499999999999773e+02
4.826499999999999773e+02
3.566499999999999773e+02
4.616499999999999773e+02
4.261499999999999773e+02
4.781499999999999773e+02
4.171499999999999773e+02
4.661499999999999773e+02
4.502500000000000000e+02
3.987500000000000000e+02
3.911499999999999773e+02
3.671499999999999773e+02
4.771499999999999773e+02
3.913500000000000227e+02
4.376499999999999773e+02
5.051499999999999773e+02
4.481499999999999773e+02
4.661499999999999773e+02
4.771499999999999773e+02
5.241499999999999773e+02
4.301499999999999773e+02
3.861499999999999773e+02
4.771499999999999773e+02
4.771499999999999773e+02
6.581499999999999773e+02
5.731499999999999773e+02
4.801499999999999773e+02
5.131499999999999773e+02
3.588500000000000227e+02
5.651499999999999773e+02
5.431499999999999773e+02
5.351499999999999773e+02
5.611499999999999773e+02
3.851499999999999773e+02
4.856499999999999773e+02
4.651499999999999773e+02
5.751499999999999773e+02
6.791499999999999773e+02
5.461499999999999773e+02
6.231499999999999773e+02
3.619499999999999886e+02
4.356499999999999773e+02
3.091499999999999773e+02
4.601499999999999773e+02
4.621499999999999773e+02
5.348499999999999091e+02
4.671499999999999773e+02
5.081499999999999773e+02
2.759499999999999886e+02
5.076499999999999773e+02
5.056499999999999773e+02
5.281499999999999773e+02
4.211499999999999773e+02
4.431499999999999773e+02
4.431499999999999773e+02
5.921499999999999773e+02
5.056499999999999773e+02
5.881499999999999773e+02
3.594499999999999886e+02
6.231499999999999773e+02
6.521499999999999773e+02
5.156499999999999773e+02
6.351499999999999773e+02
4.261499999999999773e+02
4.511499999999999773e+02
4.028500000000000227e+02
5.021499999999999773e+02
4.326499999999999773e+02
4.351499999999999773e+02
