4.149218345163771460e+02
5.071302326495812736e+02
4.901679076792731848e+02
4.572204505694361387e+02
5.708927738250309858e+02
3.673355752386037238e+02
4.806865313278254348e+02
3.310347556664239619e+02
3.928297443634975252e+02
5.209783980054630774e+02
5.006886863352815453e+02
5.330879961318564710e+02
5.623040804254402474e+02
4.607241357967517956e+02
4.995697005718946571e+02
5.621749615300643654e+02
5.071605026676358534e+02
5.220712621391388666e+02
5.250744767351073961e+02
4.374892712868443709e+02
4.374892712868443709e+02
4.451826945665587800e+02
5.831527233101090815e+02
3.791961816722384810e+02
5.066248464916287730e+02
5.051019739967275655e+02
5.051019739967275655e+02
4.842466860745034865e+02
5.844213411177894386e+02
4.878961922970211731e+02
5.708927738250309858e+02
5.212571711370155754e+02
5.412691473736958869e+02
4.980079566192237053e+02
4.658983023179791871e+02
5.748660039016536984e+02
4.830824835355305709e+02
4.985527276926547984e+02
5.503334258798415703e+02
5.475028825907318151e+02
5.528299991516432783e+02
5.528299991516432783e+02
5.528299991517189937e+02
4.863895288088714324e+02
4.752745019883900568e+02
5.207049058566840358e+02
6.033992187439115469e+02
4.935443301233876241e+02
5.457671039465309377e+02
5.347431396613746983e+02
4.663576770022743858e+02
5.132364095786537064e+02
5.521298355848687152e+02
5.521298355848687152e+02
4.564729352099282664e+02
5.424568685626215938e+02
4.524350881751941529e+02
4.275791158203386999e+02
5.033094391050286731e+02
5.222372701422301589e+02
4.860317670581580387e+02
4.030164913974434171e+02
4.502390895636283972e+02
3.710780132029109950e+02
4.822941834384679964e+02
5.196883381159052533e+02
5.173878677456905280e+02
4.962772568961158868e+02
3.607392313791747824e+02
3.931796053825131594e+02
3.894430036189736484e+02
3.861427456737442867e+02
5.388115550552639661e+02
4.865727157382634118e+02
4.841380691898127679e+02
5.000834659903298984e+02
4.207963573200617020e+02
4.810577969461945145e+02
4.810577969461945145e+02
5.336300196904695667e+02
5.191022812881972186e+02
5.265474660283355206e+02
5.853426301445465469e+02
7.022456750728701991e+02
4.608617088821480934e+02
5.964573770845453282e+02
4.810144710256492431e+02
4.896628763584496937e+02
4.788590789290225871e+02
5.012282107598809944e+02
5.012282107598809944e+02
5.012282107598809944e+02
5.529890006892461543e+02
5.529890006892461543e+02
5.360777864568499353e+02
5.360777864568499353e+02
4.635353118320541626e+02
5.416649338514621377e+02
5.338088317811530032e+02
4.189017909091797947e+02
4.421329333494656453e+02
4.421329333494687148e+02
5.285027770267586220e+02
5.285027770267557798e+02
5.809575525451779185e+02
5.265244226904097786e+02
3.597424916983447929e+02
3.658656873780375349e+02
3.821817850619278261e+02
5.265691159028358470e+02
5.311161954361213020e+02
5.435353301490767990e+02
4.237497998467114826e+02
4.534723352111395229e+02
4.849362654743974872e+02
4.124835739756933890e+02
3.490671777817094608e+02
5.176947819729030016e+02
4.144606734349881663e+02
5.938024675655128704e+02
4.876168159910719737e+02
4.397075748058678073e+02
5.066683574703326940e+02
4.331780240086565641e+02
5.085191262078088243e+02
5.085191262078088243e+02
5.455424914226962301e+02
5.178347927426336810e+02
5.623074595143588112e+02
5.623074595143854140e+02
4.849227583830212893e+02
4.987968796779435934e+02
6.350039266505907563e+02
4.191302720663364880e+02
4.148415987775686631e+02
4.505720984813365249e+02
5.288965978148894465e+02
3.740457121013662345e+02
4.663741478795968760e+02
4.514429500721685145e+02
4.391049089835883592e+02
4.326203403080164094e+02
4.029513532317424165e+02
4.862737551126169251e+02
4.668701069769992387e+02
4.833481300870807331e+02
4.513045684323529372e+02
4.514307393553413021e+02
5.358293826093855614e+02
5.159005046423134218e+02
5.256905726347066548e+02
4.284711651336459681e+02
3.652620221232899667e+02
4.397075748058678073e+02
5.396967513689510270e+02
5.511936019800741633e+02
4.842082724992449130e+02
3.818575207304426726e+02
3.680935995331037134e+02
4.159176118863509259e+02
4.391049089835883592e+02
4.302809012948643499e+02
3.235116425772309867e+02
4.918603480175203799e+02
4.918603480175203799e+02
4.918603480175203799e+02
4.701292454008588493e+02
4.318061112933763752e+02
4.964978964717033136e+02
5.137544665668391417e+02
5.237948192423947376e+02
4.148415987775686631e+02
3.842448262642977852e+02
4.909933965040631847e+02
4.680373451846784292e+02
6.104831051458204456e+02
4.029513532317424165e+02
4.615511446038046302e+02
3.319755408382035284e+02
4.528096200003900549e+02
4.338994341866139735e+02
5.194144857255458874e+02
5.486861554855846634e+02
5.434296679520311955e+02
5.434296679520311955e+02
5.434296679520311955e+02
4.341900599045360991e+02
3.928622985637911142e+02
4.114693432973069207e+02
3.946842440237060714e+02
4.794064264807004179e+02
4.528096200003900549e+02
4.598036647310601666e+02
4.542076710601815535e+02
4.542076710601687068e+02
4.542076710601815535e+02
4.251790923957258315e+02
5.378201935824586144e+02
5.378201935824586144e+02
4.528976540216169155e+02
4.322479181687905907e+02
5.732571852554347061e+02
6.051913428229825058e+02
5.115609695025115684e+02
5.403257162508126612e+02
5.391665107951557729e+02
5.700689292319541437e+02
4.734145719594937418e+02
5.482598359902922311e+02
5.906768410556239814e+02
6.222726374467557662e+02
5.923368971522321544e+02
6.111254051336047723e+02
5.830727944334009862e+02
4.514429500721685145e+02
3.996546791708097999e+02
5.740796831817310704e+02
5.469399605602141037e+02
5.234803820873964924e+02
5.578085136664701622e+02
5.578085136664701622e+02
3.935399029807282432e+02
4.122005803249856513e+02
5.039703484241118758e+02
5.039703484241118758e+02
5.039703484241118758e+02
5.509798938507377670e+02
5.157126780675280315e+02
3.977493612918448207e+02
5.542028434839018018e+02
5.542028434839018018e+02
5.537114513636867059e+02
4.480277736849927805e+02
4.064140557403186449e+02
3.122339911544048618e+02
4.333011139593867824e+02
5.422910494689955385e+02
5.422910494689955385e+02
5.422910494689955385e+02
4.422006935177943205e+02
4.880997978337550762e+02
4.880997978337550762e+02
4.880997978337550762e+02
4.659072473084247576e+02
5.350809423509278986e+02
4.682925519701176427e+02
4.104501855725923178e+02
4.784071186256296642e+02
5.431134825369503005e+02
4.589982657100338770e+02
3.069200632051407638e+02
4.110795476479900685e+02
5.163068588212579471e+02
4.698600284849575814e+02
5.266507189111280240e+02
5.266507189111280240e+02
2.977239989672891625e+02
4.243616096490604264e+02
4.330106805170962048e+02
4.605156361652886403e+02
3.715067544259256351e+02
4.072969757259063499e+02
3.405617501891672418e+02
3.746821398004278763e+02
4.032447650692379284e+02
3.961506603991872453e+02
3.187027048157429476e+02
5.080786021433568180e+02
4.871692441328016230e+02
4.871692441328016230e+02
4.871692441328016230e+02
4.499548308035358559e+02
4.120015842573742475e+02
4.730762724180850114e+02
4.730762724180850114e+02
5.465944457874928730e+02
3.376221032350047153e+02
5.407833152774036307e+02
5.407833152774036307e+02
5.854200516451451222e+02
5.854200516451451222e+02
5.134674762596054052e+02
5.085980564954817851e+02
5.187794444416767874e+02
5.380844761454976606e+02
4.730762724180850114e+02
3.751394627547574032e+02
5.013954269832811974e+02
5.013954269833606077e+02
4.498568318708685183e+02
4.498568318708685183e+02
4.498568318708685183e+02
5.111022533138411745e+02
5.111022533138411745e+02
5.111022533138411745e+02
4.465940629975171987e+02
4.908037620820227858e+02
4.499671817653266430e+02
4.499671817653266430e+02
4.499671817653266430e+02
5.087637824187125375e+02
5.087637824187125375e+02
4.686098097731551206e+02
4.925743709519637719e+02
5.857958486333653809e+02
5.112153536984232574e+02
5.112153536984232574e+02
4.060663095127006272e+02
4.060663095127006272e+02
5.303027988626305387e+02
4.697238248382959114e+02
4.462776961036586840e+02
6.042371741827839742e+02
6.207544612233707539e+02
5.173132027997195337e+02
4.420215621338236929e+02
4.420215621338236929e+02
5.012119801590108068e+02
4.683695268218730234e+02
4.424247907858181179e+02
6.062442130761476164e+02
5.879544485914559573e+02
5.717484178699244239e+02
4.257337061136779539e+02
4.490670585829266201e+02
4.695127687167097861e+02
4.843831372003185152e+02
5.194668764267737515e+02
4.482204650463402231e+02
4.215426888955306595e+02
4.597925174250563032e+02
4.589022842218886353e+02
4.592157301628551522e+02
5.355336708912038830e+02
6.476785204972708243e+02
3.951337145093415302e+02
5.093967383636354498e+02
5.006318877593712955e+02
4.777092027608073863e+02
4.330768700830857938e+02
5.666184881847999577e+02
5.666184881847999577e+02
5.666184881847999577e+02
3.710780132029109950e+02
4.530838094226653538e+02
3.602744346165906109e+02
3.927338531914929263e+02
3.889943886397914525e+02
4.862419233758139399e+02
4.822851838998730045e+02
4.822851838998730045e+02
4.822851838998730045e+02
5.425903431265402332e+02
3.676870343734489666e+02
4.108389439277996757e+02
3.422947424134986250e+02
4.631208896391089525e+02
5.041577870412502875e+02
5.041577870412502875e+02
4.827177354645601213e+02
4.328937252123984649e+02
3.988228213995315059e+02
3.475202351478009746e+02
5.228439445353326391e+02
3.643622247491631470e+02
4.203049488767331354e+02
3.992137992287028965e+02
4.685356493937090363e+02
5.013007251742604922e+02
3.738964322177158124e+02
4.633971171219930625e+02
4.985527276926547984e+02
4.000280723753538155e+02
4.876778076451837478e+02
4.876778076451837478e+02
4.876778076451837478e+02
5.391085646366062747e+02
5.379974811477002277e+02
5.039703484241118758e+02
5.039703484241118758e+02
5.237859847224555097e+02
5.237859847224555097e+02
3.716016983331447818e+02
4.852524653106913775e+02
3.973099786958513846e+02
3.189240455364547415e+02
5.076221564524390715e+02
5.076221564524390715e+02
5.925515195014671690e+02
5.395572667370443014e+02
6.036600848020303829e+02
3.977493612918448207e+02
4.254262959391548407e+02
4.494378962226934959e+02
4.494378962226934959e+02
4.494378962226934959e+02
5.343150897950976059e+02
3.803687754185564245e+02
5.256079481664299919e+02
3.957425440208019722e+02
5.280537342508963548e+02
4.970031895910206572e+02
4.699446781152031463e+02
4.699446781152031463e+02
4.699446781152031463e+02
4.467285397056510305e+02
4.325950788682623624e+02
5.071302326495812736e+02
5.238592306936458272e+02
5.206602916408733108e+02
5.236182715039459481e+02
5.236182715039459481e+02
5.236182715039459481e+02
5.236182715039459481e+02
5.236182715039459481e+02
5.004521154498634132e+02
4.830824835355305709e+02
4.880997978337550762e+02
4.880997978337550762e+02
4.880997978337550762e+02
4.659072473084247576e+02
5.158027455076586421e+02
5.084431918731173710e+02
5.084431918731173710e+02
5.084431918731173710e+02
5.188337628924416549e+02
5.051863421040939670e+02
4.839019306828888034e+02
4.494656577966130726e+02
3.974738222040044775e+02
3.946842440237060714e+02
3.970350108869334917e+02
4.250010135966913936e+02
4.250010135966913936e+02
4.285562250850441615e+02
3.839755693984772051e+02
3.848101361665036393e+02
5.698738946713175437e+02
4.589982657100267147e+02
4.545160989845311406e+02
4.545160989845311406e+02
4.545160989845311406e+02
5.805983929526586280e+02
5.805983929526586280e+02
5.369607581349908969e+02
3.992512890720379346e+02
4.181539367920847781e+02
4.472091100276426801e+02
4.401192755213347709e+02
4.420215621338236929e+02
4.416178633208925817e+02
5.169653339852177396e+02
3.416149692221666214e+02
3.126464006196229661e+02
4.256461700901896279e+02
4.256461700902187886e+02
4.985377935300491572e+02
4.985377935300491572e+02
4.985377935300491572e+02
4.985377935300491572e+02
3.109691996728759023e+02
5.201984709714681685e+02
5.201984709714681685e+02
4.055147168557138571e+02
4.055147168557138571e+02
5.594412143659369576e+02
5.270265192107165149e+02
5.126340451131871987e+02
5.807315979906445591e+02
5.323990970267195735e+02
5.614497081433174799e+02
5.729462411383490235e+02
4.207706957928397173e+02
4.493860260003104941e+02
4.055147168556638917e+02
4.055147168557056148e+02
4.055147168557138571e+02
4.067353365455461471e+02
5.192692758943372837e+02
4.478393835876214553e+02
5.256079481664299919e+02
5.256079481664299919e+02
4.933910878720178630e+02
5.475679473608746548e+02
5.648149519033155457e+02
4.995903286688006233e+02
4.758076842550636343e+02
5.877279488151232272e+02
4.411724752719318303e+02
4.172219111314383326e+02
4.271761440802914649e+02
4.064140557402615173e+02
4.415493123536228381e+02
3.993683425532020692e+02
3.438643264094066581e+02
3.479910295916779432e+02
3.362008349534899025e+02
4.555073301201888967e+02
4.256461700901896279e+02
4.256461700901896279e+02
4.555073301201888967e+02
4.930380539964601780e+02
4.930380539964601780e+02
4.930380539964601780e+02
4.727838075873144135e+02
4.283026367787587105e+02
4.283026367787587105e+02
4.283026367787587105e+02
4.956601970044739573e+02
4.555073301201888967e+02
4.555073301201888967e+02
4.555073301202000380e+02
3.960263309430015397e+02
3.960263309430015397e+02
4.541707795797446465e+02
5.201984709714681685e+02
5.201984709714569135e+02
5.201984709714569135e+02
5.201984709714569135e+02
5.201984709714569135e+02
5.201984709714569135e+02
5.201984709714681685e+02
5.624928185611872777e+02
5.386672128113511917e+02
4.275908014134230370e+02
4.275908014134230370e+02
5.202759136324539213e+02
5.202759136324539213e+02
4.226039013355050997e+02
4.021762481107931535e+02
5.576433366147765582e+02
5.576433366147765582e+02
5.458017275314515473e+02
5.319988343752957007e+02
5.319988343752957007e+02
6.116990042952339763e+02
5.490956670974366034e+02
5.490956670974630924e+02
5.490956670974366034e+02
5.406764389625440117e+02
5.406764389625440117e+02
5.406764389625440117e+02
5.720421392580368547e+02
5.084539177498995173e+02
5.732078881713299552e+02
5.638988039952880627e+02
5.697768385216381830e+02
5.779326282765282485e+02
5.948061314588318282e+02
5.948061314588318282e+02
4.521947864090471398e+02
5.037374981304490120e+02
4.626903615005480788e+02
4.055764504789289617e+02
4.853985577672913223e+02
4.017679361955262038e+02
5.379940519103743100e+02
4.888476999960278704e+02
3.781894219219965976e+02
5.237416069461455663e+02
5.724554398992785309e+02
5.197460870934442028e+02
4.715518605472328773e+02
4.711885779898721012e+02
5.503436997810927096e+02
6.070670099458786808e+02
5.664990650520369400e+02
4.302807345780236119e+02
4.298798432024248086e+02
3.791961816722384810e+02
3.265215147841277030e+02
4.211578395477355343e+02
3.502469604551204156e+02
5.077740237484943009e+02
5.267331940390533873e+02
5.267331940390533873e+02
5.267331940390533873e+02
5.139241453039339831e+02
5.139241453039684302e+02
5.401561390486996288e+02
5.025033808104264494e+02
4.775828482301290023e+02
6.345752081652635752e+02
6.198887674953807618e+02
5.030473415509639494e+02
5.166752936493776360e+02
4.862678402763833105e+02
4.609056773761311661e+02
5.773601596577314012e+02
4.380875960780723517e+02
4.633413775839958362e+02
4.046891261898113612e+02
3.738964322177158124e+02
5.369579434184151978e+02
5.547209498006172907e+02
5.714460746530347706e+02
4.405542962749511844e+02
4.867227889953990712e+02
4.498481670655138487e+02
3.974738222040044775e+02
4.655944873396866797e+02
5.032365468658398981e+02
4.254032827465044306e+02
4.834699346162578877e+02
4.286639235473562621e+02
4.218638022093464315e+02
5.054037438468776600e+02
3.979122080813379512e+02
5.320399265997687053e+02
4.112718446683267075e+02
4.027883479104265234e+02
5.606995434489945183e+02
5.708927738250309858e+02
5.799804108226599055e+02
5.799804108226599055e+02
5.844572986283335467e+02
5.752377916521224961e+02
6.367153112729511122e+02
5.836887071855380782e+02
5.836887071855380782e+02
5.826772910009203770e+02
5.826772910009203770e+02
5.855104547815508340e+02
5.727515760566577683e+02
5.765234670332079077e+02
5.994582733930619725e+02
5.314940487193633771e+02
5.431904766940930358e+02
5.640458095875094386e+02
4.870597491242793353e+02
5.355381776011134889e+02
5.192197236753695506e+02
4.606210203823065967e+02
5.739785714843209234e+02
5.040115986611094741e+02
4.874948151291349063e+02
6.082062846236862015e+02
5.279193693966999490e+02
5.222359570075692545e+02
5.231527586994761805e+02
5.231527586994761805e+02
5.004521154498634132e+02
5.004521154498634132e+02
5.777363860638010920e+02
5.364297984839749915e+02
5.364297984839749915e+02
5.364297984839749915e+02
5.773210195774884141e+02
5.773210195774884141e+02
5.161794971161062904e+02
5.968632954680736020e+02
5.341355165380766721e+02
5.370855896104103522e+02
5.216765765485777138e+02
4.227024786948805399e+02
3.978060366366465814e+02
5.118186158102945456e+02
5.118186158103183061e+02
4.809340545912455696e+02
4.616093736129092804e+02
5.475113375491300758e+02
4.405640146326528566e+02
4.025137765361455422e+02
4.199101253434888008e+02
4.203100328442636169e+02
3.716027120762598770e+02
4.821566508755291238e+02
4.404653088912043586e+02
4.613928591618791302e+02
3.427620732899322320e+02
4.634820899913511880e+02
5.044805199188486995e+02
4.830824835355276718e+02
4.333011139593867824e+02
3.234866597864358368e+02
3.681486782620514759e+02
3.648263066504498511e+02
4.573592452737165672e+02
5.238325980752654232e+02
4.502390895636283972e+02
4.689076095099222812e+02
4.689076095099222812e+02
3.306014649305975581e+02
4.283669090228964933e+02
3.951337145093415302e+02
4.283669090228964933e+02
4.704317260619619105e+02
4.704317260619674812e+02
3.991082297911780188e+02
5.073352956606238422e+02
5.073352956606238422e+02
5.073352956606289013e+02
5.213069270683021159e+02
5.065915319095014411e+02
4.895772746020511477e+02
4.895772746020511477e+02
4.895772746020511477e+02
5.027817068459881966e+02
5.333754580017026683e+02
5.333754580017026683e+02
4.596373490569409341e+02
4.596373490569409341e+02
4.934909781069253540e+02
4.934909781069253540e+02
4.934909781069253540e+02
5.735584645705778257e+02
4.919771227792204513e+02
4.283669090228964933e+02
3.637262013425702207e+02
3.667620370908076666e+02
5.310878770639174036e+02
4.360592700138298596e+02
4.689056071816420399e+02
4.280890025786977731e+02
5.216765765485777138e+02
5.473281687366655888e+02
5.013007251742604922e+02
5.488038203626649647e+02
5.488038203626649647e+02
5.216765765485777138e+02
5.538164727735764927e+02
4.915323403032882084e+02
4.846556234129672021e+02
4.932639779564206037e+02
6.116990042952339763e+02
6.197063922604093023e+02
5.243812579118753092e+02
4.941722151261691920e+02
5.550602051118544296e+02
5.879812955843370901e+02
4.425600496289669081e+02
4.275644376165660674e+02
4.722860644444820650e+02
5.152388962902873573e+02
5.556676760517102593e+02
4.395304205061136145e+02
4.984706585450907710e+02
5.316620493043781153e+02
5.331945051130354614e+02
4.698620721438975920e+02
3.965840503189670585e+02
4.984706585450703642e+02
5.023141294996345323e+02
5.165584317692897685e+02
4.753027926063888913e+02
4.764418378263216596e+02
4.764418378263216596e+02
4.114591761109442132e+02
3.729502801584733334e+02
4.425600496289669081e+02
3.496835352889937667e+02
5.222539486544037572e+02
4.706049155203054397e+02
5.223539137293606700e+02
3.934529175389417901e+02
5.195574698694435938e+02
4.044180805996037407e+02
5.332513534083755076e+02
4.772284555745617354e+02
4.286003463125193775e+02
4.286003463125038024e+02
3.990629467496289635e+02
3.962532322170543466e+02
5.012652531215536555e+02
4.237792058799084884e+02
4.878242368318865374e+02
4.878242368318865374e+02
5.468564446315278929e+02
4.546333130171799439e+02
4.546333130171799439e+02
4.240783680544322465e+02
4.240783680544322465e+02
6.596258085708562930e+02
5.807134198961841776e+02
4.680373451846784292e+02
4.734288555312810445e+02
4.580074588785391825e+02
5.345186235293236905e+02
5.345186235293236905e+02
5.345186235293236905e+02
5.904213935075221116e+02
4.749585577755412942e+02
5.246424777935878865e+02
5.480868149143698247e+02
5.616052100142562722e+02
6.767805430706321204e+02
5.390402512779525068e+02
5.608181131625186708e+02
3.607392313791747824e+02
3.780330923774524194e+02
3.211442971118499941e+02
4.531779168180334523e+02
4.972078215108887775e+02
5.717484178699244239e+02
4.667490847340488358e+02
5.152706766772798801e+02
2.772448787273507378e+02
5.115729863473222849e+02
5.115729863473222849e+02
5.588803109127861717e+02
4.533825798252308914e+02
4.771666359817701277e+02
4.771666359817701277e+02
5.595530560433027176e+02
4.198315852045647034e+02
5.611626588115409504e+02
5.737615043806081303e+02
5.681382635724078227e+02
6.590737867127434129e+02
5.166121029221283152e+02
6.239034388889602951e+02
4.220015102834570371e+02
4.485763304710638977e+02
3.998746912205803028e+02
5.082873691114118060e+02
4.468948188431756989e+02
4.468948188434177951e+02
