2.807197959314511237e+01
2.697044266878198471e+01
2.697857910484931665e+01
2.685037952968432506e+01
2.670372125032233157e+01
2.672075665642553943e+01
2.694678800480943437e+01
2.680698851607824906e+01
2.671582317274018692e+01
2.704342459241390628e+01
2.702059112944946051e+01
2.694334885964224924e+01
2.670262800401980385e+01
2.670262800401980385e+01
2.670262800401980385e+01
2.670262800401980385e+01
3.003279851550547619e+01
2.723217106237002838e+01
2.691464130919116116e+01
2.703911372521808687e+01
2.767826768371665835e+01
2.723503952764696479e+01
2.686095870971411159e+01
2.734353972291062007e+01
2.711935565146158211e+01
2.694032291380249688e+01
2.739136344298789538e+01
2.980031257702204428e+01
2.680485667803227301e+01
2.680485667803227301e+01
2.680485667803227301e+01
2.675982570326948107e+01
2.734557031985753639e+01
2.809919764246182794e+01
2.757945749450956185e+01
2.921927587534129955e+01
2.844989130346865380e+01
2.831105984970086098e+01
2.762018911220256356e+01
2.724706547644285948e+01
2.685868138322772580e+01
2.669027589780908016e+01
2.668437062829177364e+01
2.724943297817793564e+01
2.699342667301059961e+01
2.684033640869579074e+01
2.673783172255751595e+01
2.693502234221419300e+01
2.672160589542943043e+01
2.739136344297832437e+01
2.694875521331074353e+01
2.928356602829335031e+01
2.691201421235489022e+01
