1.813329393581975921e+02
2.180557313337527319e+02
3.239615424462837723e+02
2.921532593564375020e+02
3.512561628684631501e+02
3.177111746863105282e+02
2.903644943490787114e+02
2.794178019250531975e+02
3.326070888325592136e+02
2.963358599238904389e+02
3.934634898731867452e+02
3.905849207375615038e+02
3.669044151265204619e+02
3.669044151265204619e+02
3.669044151265204619e+02
3.669044151265204619e+02
5.069709762092105052e+02
4.054341786453805412e+02
2.097469248090764040e+02
1.997518420328964623e+02
1.835985303792064940e+02
4.480287878709283973e+02
4.270474776465458149e+02
3.968028899528942475e+02
3.994509995275366236e+02
2.305953196252203838e+02
3.987914353316858751e+02
1.319402435907110771e+02
3.468453535810724020e+02
3.468453535810724020e+02
3.468453535810724020e+02
3.528660445321423254e+02
4.451267703657855463e+02
4.532276922111864792e+02
1.781210714371970880e+02
5.349221692822407022e+02
5.054541465417481731e+02
5.080373741299398489e+02
1.906808552326656354e+02
3.421770199211608201e+02
2.679378465575265977e+02
2.870394565570362033e+02
2.633816615669767884e+02
2.340947020288562044e+02
2.365180718824172459e+02
2.507052543816238313e+02
2.578025291067981470e+02
2.136915181321363661e+02
2.408948012451041052e+02
3.987914353316737106e+02
3.884707668381161625e+02
2.158587141340530025e+02
2.256617825818567837e+02
