1.127085503271497258e+00
1.118097158907517263e+00
1.120180169801811676e+00
1.119564687125565117e+00
1.117860732481878339e+00
1.128014035871153453e+00
1.120576924530119811e+00
1.117787443407794346e+00
1.117860732481878339e+00
1.122726428327129211e+00
1.117757844228494779e+00
1.117757844228494779e+00
1.117757844228494779e+00
1.117860732481878339e+00
1.122326853578582861e+00
1.118372396831908366e+00
1.119564687125565117e+00
1.119564687125565117e+00
1.117608365467029685e+00
1.180897848069466072e+00
1.117757844228494779e+00
1.118620561972146765e+00
1.135549314339534321e+00
1.118097158907517263e+00
1.118097158907517263e+00
1.118374810790200291e+00
1.122343887835539844e+00
1.118272431838057468e+00
1.118767479342007487e+00
1.119441255688574000e+00
1.123169581052562815e+00
1.118849202394167852e+00
1.119847282042107484e+00
1.118849202394167852e+00
1.118093308119998408e+00
1.123169581052562815e+00
1.117639928036494368e+00
1.117808521117224618e+00
1.117803670772457902e+00
1.117650794757518273e+00
1.117857348640252768e+00
1.117639928036494812e+00
1.118349287036384032e+00
1.117676493030099083e+00
1.117962191385562631e+00
1.117595596268432301e+00
1.117596351929717846e+00
1.117621882990428306e+00
1.120188091884338100e+00
1.118489440679723446e+00
1.118029161885188971e+00
1.117595651606069218e+00
1.117862636564083134e+00
1.117978717783656206e+00
1.117598721652623972e+00
1.118489440679723446e+00
1.117635081017039012e+00
1.117621957679646449e+00
1.117656856153184108e+00
1.118270279405353618e+00
1.117840579118297262e+00
1.117733136914506931e+00
1.117595651606069218e+00
1.117595651606069218e+00
1.119326768939410632e+00
1.119326768939410632e+00
1.124223086772993874e+00
1.117663085512780707e+00
1.117744988976970832e+00
1.117594510590655510e+00
1.117603000134461455e+00
1.117656856153184108e+00
1.117978717783656206e+00
1.117594528599769044e+00
1.117623330865202158e+00
1.117595707531801263e+00
1.117757844228494779e+00
1.118053911410257895e+00
1.117595596268432301e+00
1.117613940522717009e+00
1.117808521117224618e+00
1.117613858558642148e+00
1.117656512612525077e+00
1.117656512612525077e+00
1.117656512612525077e+00
1.117603148884529718e+00
1.117704257283482550e+00
1.118686365506937452e+00
1.117852576192790881e+00
1.118282607857423505e+00
1.118030766929590580e+00
1.118345010360537461e+00
1.118106325781545340e+00
1.118372788575496823e+00
1.118372788575496823e+00
1.117671931916949246e+00
1.118452505126279917e+00
1.117736702093837353e+00
1.119024708505646615e+00
1.120576924530119811e+00
1.117676819333186744e+00
1.117662819017984699e+00
1.117613940522717231e+00
1.117613940522717009e+00
1.117593973631334725e+00
1.118372396831908366e+00
1.118201569958915176e+00
1.117676633813029285e+00
1.117692897469271474e+00
1.118852811021529670e+00
1.119283856657461662e+00
1.117613328213095114e+00
1.117625527575466959e+00
1.117593517075170517e+00
1.117814742967383479e+00
1.118153736488642691e+00
1.117652115194646578e+00
1.117652115194646578e+00
1.118380422446173972e+00
1.117912400966156961e+00
1.117594346891544133e+00
1.117594346891544133e+00
1.117594346891544133e+00
1.117594346891544133e+00
1.117845392746331434e+00
1.117845392746331434e+00
1.117667995623426558e+00
1.117667995623426558e+00
1.117628837007240472e+00
1.118690239028353073e+00
1.117814360428101450e+00
1.118251587772332467e+00
1.117689630539259626e+00
1.117689630539259626e+00
1.117731527070015440e+00
1.117731527070015218e+00
1.118095626908392370e+00
1.117596417142604492e+00
1.128996290851549178e+00
1.122180230643552656e+00
1.117595802912052072e+00
1.117732627850140714e+00
1.117683509387601637e+00
1.117649508105334366e+00
1.117614484171870926e+00
1.117614484171867817e+00
1.124223086772993874e+00
1.117665775054804689e+00
1.118347394928708383e+00
1.118326535980425751e+00
1.117608117958233560e+00
1.117857348640252768e+00
1.117723983012605782e+00
1.117712847652342800e+00
1.117712847652342800e+00
1.117852396455274011e+00
1.117724303690937004e+00
1.118214358060403590e+00
1.118214358060403590e+00
1.117671805537714169e+00
1.117612846904331603e+00
1.117606209044753829e+00
1.117676819333186744e+00
1.117704257283489877e+00
1.117602902105876872e+00
1.117613940522717231e+00
1.117739514364487707e+00
1.117595138422325274e+00
1.119560781614582945e+00
1.117669417171028412e+00
1.118372396831908366e+00
1.117727373198391438e+00
1.118333366860187139e+00
1.117608245849177839e+00
1.117669722371918306e+00
1.117682142631720721e+00
1.118093308119998408e+00
1.117650777583257593e+00
1.118554447174659350e+00
1.120009967618156299e+00
1.117873039957137049e+00
1.117598727181633445e+00
1.117600494457791971e+00
1.117650794757518273e+00
1.118374810790200291e+00
1.117593735591479565e+00
1.117821276646195239e+00
1.117821276646195239e+00
1.117639928036494368e+00
1.117639928036494368e+00
1.117639928036494368e+00
1.117639928036494368e+00
1.117639928036494368e+00
1.117594510590655510e+00
1.117613940522717231e+00
1.117606072123759064e+00
1.117676819333186744e+00
1.117752728948073315e+00
1.117649508105334366e+00
1.118093308119998408e+00
1.118319771258674544e+00
1.118270279405353396e+00
1.117598288517865024e+00
1.117993154560542379e+00
1.117963471227066741e+00
1.117839921982357820e+00
1.117764736138216808e+00
1.117623198391757944e+00
1.117623198391757944e+00
1.117623198391757944e+00
1.117692521437181341e+00
1.117861682925017419e+00
1.117840213467498511e+00
1.117744988976970832e+00
1.117744988976970832e+00
1.117635081017039012e+00
1.117744988976970832e+00
1.118025069472429189e+00
1.117665043042104234e+00
1.117692683668189080e+00
1.118322051495304281e+00
1.117791904833718375e+00
1.119229427974467450e+00
1.117773664840951309e+00
1.117597183999104349e+00
1.117665775054803357e+00
1.119075740315614853e+00
1.118480825017356795e+00
1.118017727265630201e+00
1.117752137544130164e+00
1.117593735591479343e+00
1.117593735591479343e+00
1.118236663051247692e+00
1.117778365727015055e+00
1.117978662513936960e+00
1.118374810790200513e+00
1.117751561908931102e+00
1.117751561908931102e+00
1.117639928036494368e+00
1.117639928036494368e+00
1.117600394145590537e+00
1.118272431838057468e+00
1.117807811150715036e+00
1.119564687125565117e+00
1.117594510590655510e+00
1.117778986812797637e+00
1.141108287967551149e+00
1.117663105040414884e+00
1.118270279405353396e+00
1.117907693282047976e+00
1.117595596268432301e+00
1.117595596268432301e+00
1.117595596268432301e+00
1.117639928036494368e+00
1.117839921982357820e+00
1.117623198391757944e+00
1.118268334211377502e+00
1.117726845069453079e+00
1.117639928036494368e+00
1.117613940522717231e+00
1.117757844228494779e+00
1.117757844228494779e+00
1.117623198391757944e+00
1.118373438476822690e+00
1.117711742370508077e+00
1.117711742370508077e+00
1.117595683310105059e+00
1.117640277602313326e+00
1.117593920481454894e+00
1.117964200191596369e+00
1.117605796261487594e+00
1.117963471227066741e+00
1.117605377733546845e+00
1.117676493030099083e+00
1.117883789544458661e+00
1.117744988976970832e+00
1.119853967061653632e+00
1.117665395620659474e+00
1.117598721652623972e+00
1.117663085512780707e+00
1.119446859706432429e+00
1.119446859706432429e+00
1.117860732481878339e+00
1.117821276646195239e+00
1.117595596268432301e+00
1.117822092812131851e+00
1.117613940522717231e+00
1.120188091884338100e+00
1.117613940522717009e+00
1.117630536743987602e+00
1.117630536743987602e+00
1.117606072123759731e+00
1.117593735591479343e+00
1.117598803000686258e+00
1.117593735591479343e+00
1.122326853578582861e+00
1.117593735591479343e+00
1.118270279405353618e+00
1.117733136914506931e+00
1.117733136914506931e+00
1.119570397167962028e+00
1.117623198391757944e+00
1.117595651606069218e+00
1.117603000134461455e+00
1.117635081017039012e+00
1.117635081017039012e+00
1.117595596268432301e+00
1.117639928036494368e+00
1.117639928036494368e+00
1.117613940522717231e+00
1.117663085512780707e+00
1.117613858558642148e+00
1.117598803000686258e+00
1.117861682925017419e+00
1.118372396831908366e+00
1.118620561972146765e+00
1.118620561972146765e+00
1.118016139556338162e+00
1.117595596268432301e+00
1.118032921345005537e+00
1.119441255688574000e+00
1.117711493818631441e+00
1.117676493030099083e+00
1.134013658254446222e+00
1.118693374198119095e+00
1.117603000134461455e+00
1.117603000134461455e+00
1.117596351929717846e+00
1.118623592646581066e+00
1.117751561908931102e+00
1.118302328181176142e+00
1.117628681247918365e+00
1.118225432075668602e+00
1.118623592646581066e+00
1.118623592646581066e+00
1.117744988976970832e+00
1.117613750982608289e+00
1.117613750982608289e+00
1.118053911410257895e+00
1.117635081017039012e+00
1.117907693282047976e+00
1.118374810790200291e+00
1.119847282042107484e+00
1.120180169801811676e+00
1.118693374198118207e+00
1.118060626555080095e+00
1.117744988976970832e+00
1.117744988976970832e+00
1.118060626555080095e+00
1.118060626555080095e+00
1.118767479342007487e+00
1.117596351929717846e+00
1.117596351929717846e+00
1.117596351929717846e+00
1.117598117480017139e+00
1.117593153853460697e+00
1.119567150510238251e+00
1.117634951598145632e+00
1.117596351929717846e+00
1.118858610510822471e+00
1.117593290210349366e+00
1.117634653403590583e+00
1.117634653403590583e+00
1.117630734107470047e+00
1.117634653403590583e+00
1.118097253111514089e+00
1.118332042761634781e+00
1.117608374236605639e+00
1.118181325023243078e+00
1.117623198391757944e+00
1.117593763556797848e+00
1.117683480189766598e+00
1.117663105040414884e+00
1.118539766805947355e+00
1.117608429830084793e+00
1.117593763556797848e+00
1.118198630234576108e+00
1.117613562396677640e+00
1.117596487894470636e+00
1.118417986872238146e+00
1.120017246449336978e+00
1.119563100550226009e+00
1.118232959828792339e+00
1.118372396831908366e+00
1.118060626555080095e+00
1.117606219094253062e+00
1.117805882910924975e+00
1.117978717783656206e+00
1.117996993856608778e+00
1.118090894675529912e+00
1.118090894675529912e+00
1.118072454732825571e+00
1.118302328181176142e+00
1.118492025602679574e+00
1.118053911410257895e+00
1.117598117480017139e+00
1.117704289924787098e+00
1.117608365467029685e+00
1.117595596268432301e+00
1.118302328181176142e+00
1.117648872134886950e+00
1.118053085511995448e+00
1.117596351929717846e+00
1.117595620091988762e+00
1.117605603527173530e+00
1.117608245849177839e+00
1.117908799188946034e+00
1.119570397167962028e+00
1.118270084007288334e+00
1.117821276646195239e+00
1.117595596268432301e+00
1.124223086772993874e+00
1.117596417142604492e+00
1.117639928036494368e+00
1.125512408616568205e+00
1.118849202394167852e+00
1.118060626555080095e+00
1.117804374571913062e+00
1.117733090563820308e+00
1.117744988976970832e+00
1.117744988976970832e+00
1.117593735591479343e+00
1.118026541525765749e+00
1.117640150777563512e+00
1.117640150777563512e+00
1.118026407520919641e+00
1.118492146828353961e+00
1.120188091884338100e+00
1.117598117480017139e+00
1.117600287313603502e+00
1.117602892726716313e+00
1.117909908695227328e+00
1.120102228951935119e+00
1.117611632575137293e+00
1.117674584016853823e+00
1.118214760272506769e+00
1.117861682925017419e+00
1.117726845069453301e+00
1.117621882990428306e+00
1.117598721652623972e+00
1.117597041017673876e+00
1.117739514364487707e+00
1.117598288517871685e+00
1.117857348640252990e+00
1.117657195413737092e+00
1.117649178396954435e+00
1.117594510590655510e+00
1.118696293934253516e+00
1.118431513618347584e+00
1.118269058926034454e+00
1.117820814162584719e+00
1.117732847460142898e+00
1.118770568904309926e+00
1.120187370439619468e+00
1.124645683890723280e+00
1.117598547712068457e+00
1.118289332263425973e+00
1.118706544023353677e+00
1.118057121276757382e+00
1.118271232916280500e+00
1.117693946375034386e+00
1.117702966640149009e+00
1.118093308119998408e+00
1.117595596268432301e+00
1.117751561908931102e+00
1.118110164768551407e+00
1.118514006112928394e+00
1.118719567772458623e+00
1.117596487894470636e+00
1.117787395833579334e+00
1.125687180710600588e+00
1.117618238823378407e+00
1.119446564894435836e+00
1.117603113060801734e+00
1.117977852057430388e+00
1.118651673889473397e+00
1.117726581409017816e+00
1.118163763791424126e+00
1.118201180768617631e+00
1.118914087376995603e+00
1.119318743259605009e+00
1.119560781614582945e+00
1.131082225789220130e+00
1.118467246035807827e+00
1.117600280060526474e+00
1.120644139256507410e+00
1.117594591070572685e+00
1.119231271486352375e+00
1.118723547090896053e+00
1.119446564894435836e+00
1.118650968273020130e+00
1.117623198391757944e+00
1.117593735591479343e+00
1.117656856153184108e+00
1.120428871912747537e+00
1.117808521117224618e+00
1.118455027036528326e+00
1.118968894240628176e+00
1.118268334211377502e+00
1.117845392746331434e+00
1.118818352906978397e+00
1.136485356934634927e+00
1.120421140348665023e+00
1.117956665034544272e+00
1.118330730950869656e+00
1.117841094454505635e+00
1.117593735591479343e+00
1.117662819017984699e+00
1.117778422148579143e+00
1.117634653403590583e+00
1.117618436929222803e+00
1.118973981350699365e+00
1.117665017280882633e+00
1.117630536743987602e+00
1.117787443407794346e+00
1.117871561456159846e+00
1.117683081665791001e+00
1.118032921345005537e+00
1.117641172983639297e+00
1.117641172983639297e+00
1.117677474902692536e+00
1.117733136914506931e+00
1.118332765345080304e+00
1.117613750982608289e+00
1.117623431761070041e+00
1.117745490298831523e+00
1.117596215833303708e+00
1.118362896352771640e+00
1.122671758130328934e+00
1.118467160206800148e+00
1.118620639626805247e+00
1.117593763556797848e+00
1.117593763556797848e+00
1.118235961223005948e+00
1.118479220643000316e+00
1.120434271737306364e+00
1.118302974070280120e+00
1.119853967061653632e+00
1.119937181129362136e+00
1.117611654945756205e+00
1.124067959375247172e+00
1.118763420852703527e+00
1.117618238823378407e+00
1.117738411146832922e+00
1.117598795582555260e+00
1.118300939843152708e+00
1.117594552469499680e+00
1.117618358726904848e+00
1.118722592214546729e+00
1.118235156053523083e+00
1.119075740315614853e+00
1.122930729622579893e+00
1.118455064253719655e+00
1.155389293178811894e+00
1.118466620569059877e+00
1.129825679159558893e+00
1.117650777583257593e+00
1.195180036004735991e+00
1.117978717783656206e+00
1.118491723058756326e+00
1.119833748363822101e+00
1.131018552931579491e+00
1.119416455413173583e+00
1.118377540029376060e+00
1.119658089343436025e+00
1.119725734282148721e+00
1.124739960196924349e+00
1.117609747920827123e+00
1.122608542569962786e+00
1.122608542569962786e+00
1.129468002865324117e+00
1.117593345419706230e+00
1.121694770801313190e+00
1.120409420663861511e+00
1.119352215221949942e+00
1.118282607857423505e+00
1.118550085687868734e+00
1.118826957399080113e+00
1.118343666752848353e+00
1.118124695254902878e+00
1.118777601839074043e+00
1.118685676838320209e+00
1.118667845401799088e+00
1.118651625735021193e+00
1.118235909849572440e+00
1.117663105040414884e+00
1.117649508105334366e+00
1.122060863572168277e+00
1.118503637219226743e+00
1.117614634614384705e+00
1.117669722371918306e+00
1.117669722371918306e+00
1.118361678498341671e+00
1.118620639626805247e+00
1.118225247390112198e+00
1.118544545622686792e+00
1.120068872865880749e+00
1.118651625735021193e+00
1.123805904612052320e+00
1.118657891769363477e+00
1.118496368534769081e+00
1.118520838743183976e+00
1.117595475925243553e+00
1.117595475925243553e+00
1.118080124801828612e+00
1.117637458743515166e+00
1.117813687860264693e+00
1.117821631136140637e+00
1.123177891576962351e+00
1.120760683140532343e+00
1.118569715133051146e+00
1.118582713517824345e+00
1.120691340887466581e+00
1.117668382505855984e+00
1.117845392746330546e+00
1.117845392746330546e+00
1.117861558169265246e+00
1.117861558169265246e+00
1.121625549965612700e+00
1.118366534856219729e+00
1.118366534856222172e+00
1.117878033860647102e+00
1.117676947609166582e+00
1.117814360428101450e+00
1.119432820069070189e+00
1.118520802195190456e+00
1.117610165156469604e+00
1.117985804110873893e+00
1.117601269108874140e+00
1.119377469624255772e+00
1.119291923170410374e+00
1.123120887720239436e+00
1.118508853927993485e+00
1.121933337343331338e+00
1.119667173597322263e+00
1.122859155165403022e+00
1.119801890984117643e+00
1.118781355056895910e+00
1.118214358060403590e+00
1.138016007567183241e+00
1.231873946363380323e+00
1.122552207918642520e+00
1.119091603300469195e+00
1.118494859681423703e+00
1.117605926055565524e+00
1.117693274697548755e+00
1.117941111895436324e+00
1.117721844496745387e+00
1.118541679727849791e+00
1.117684382194661374e+00
1.120316428145897936e+00
1.149008663370220118e+00
1.199915055458099733e+00
1.118730674780092471e+00
1.119112532265196025e+00
1.235704129965481179e+00
1.228899293128042469e+00
1.118135679656217629e+00
1.122198826860586029e+00
1.118528144005461744e+00
1.118454481011200485e+00
1.119006008718049339e+00
1.119006008718049339e+00
1.117745490298831523e+00
1.118553556111053116e+00
1.120552633988145974e+00
1.121407696820220234e+00
1.118223402985324411e+00
1.197487391113916111e+00
1.118302328181176142e+00
1.119078919501996117e+00
1.119077328486194123e+00
1.119542268244689165e+00
1.119542268244689165e+00
1.170369534912931275e+00
1.119135632484756782e+00
1.121065840482960319e+00
1.122000829890194895e+00
1.122323764486361730e+00
1.126142009555710644e+00
1.127005720220905616e+00
1.120255687283251866e+00
1.117712847652342800e+00
1.118179354694627259e+00
1.117938862797530852e+00
1.117938862797530852e+00
1.119658089343436025e+00
1.119658089343436025e+00
1.118717142137320097e+00
1.118439439636329080e+00
1.118214358060403590e+00
1.117612846904331603e+00
1.117736304384828738e+00
1.118314372552582592e+00
1.118525524859356413e+00
1.118329492019104698e+00
1.119761635758942830e+00
1.117611504980873027e+00
1.117611504980873027e+00
1.117611504980873027e+00
1.118669326290049559e+00
1.122824117677805544e+00
1.118565213092312050e+00
1.118887462826162915e+00
1.117839873927218175e+00
1.118944705581744969e+00
1.120558016583830030e+00
1.117839169555565393e+00
1.120494632360823584e+00
1.119040722253018982e+00
1.117923460320040974e+00
1.118651625735021193e+00
1.118053855098738891e+00
1.118252676401745749e+00
1.117649178396954435e+00
1.119043877941439780e+00
1.117808475769419552e+00
1.117960619254176668e+00
1.117778986812797637e+00
1.117669722371918306e+00
1.122750985561157488e+00
1.118401365649397627e+00
1.118442127964608845e+00
1.117598803000686258e+00
1.118332042761634781e+00
1.117714814002710666e+00
1.117702440941356956e+00
1.117685084207055146e+00
1.117606072123759064e+00
1.117714312291007595e+00
1.117840593526348902e+00
1.117634653403590583e+00
1.121792763829730477e+00
1.118415686316166280e+00
1.127300219409429705e+00
1.140126135112613071e+00
1.142667616413763465e+00
1.157348823741167987e+00
1.120440039652912834e+00
1.123834627123779129e+00
1.118491686752274283e+00
1.118467748625155744e+00
1.120802118888134080e+00
1.117634932529180336e+00
1.119233117822022283e+00
1.117787443407794346e+00
1.118762410305548238e+00
1.118052203324256588e+00
1.118052203324256588e+00
1.117726845069453301e+00
1.117751561908931102e+00
1.117751561908931102e+00
1.117751561908931102e+00
1.122674417789681023e+00
1.117596347185123795e+00
1.118403840469414101e+00
1.117752137544130164e+00
1.117593735591479565e+00
1.118685588641213036e+00
1.117906879160526445e+00
1.117726413765405491e+00
1.117594510590655510e+00
1.117603018918468694e+00
1.119149875380467618e+00
1.118072454732825571e+00
1.120560707329441907e+00
1.117611514536169581e+00
1.118147454535963758e+00
1.117889829992438688e+00
1.117764736138216808e+00
1.117764736138216808e+00
1.120555325467601060e+00
1.117608503120619545e+00
1.118455064253719655e+00
1.117726845069453301e+00
1.117738962225172328e+00
1.117635081017039012e+00
1.117630518828357733e+00
1.117630518828357733e+00
1.117673804372235180e+00
1.118831229162948526e+00
1.118322051495304281e+00
1.122862162050291435e+00
1.123710014289347248e+00
1.118051452546317215e+00
1.118051452546317215e+00
1.118051452546317215e+00
1.118051452546317215e+00
1.118051452546317215e+00
1.122103096289245538e+00
1.122103096289245538e+00
1.118490137402103235e+00
1.118345408441666411e+00
1.118895185091118405e+00
1.118502040514707474e+00
1.118502040514707474e+00
1.118502040514707474e+00
1.118791911398371086e+00
1.119229427974467450e+00
1.117609413899471660e+00
1.120002744163221653e+00
1.120061171303049496e+00
1.121029274360900940e+00
1.117645783459662256e+00
1.118577597830020309e+00
1.118577597830020309e+00
1.118882609328218036e+00
1.118069921845523229e+00
1.118069921845521675e+00
1.118069921845523229e+00
1.118069921845523229e+00
1.118069921845523229e+00
1.118700949629880537e+00
1.120968631449709818e+00
1.120002744163221653e+00
1.118315702694863134e+00
1.117597183999104349e+00
1.117763501116306069e+00
1.121837392522982979e+00
1.121837392522982979e+00
1.119074047002358574e+00
1.120247882456809840e+00
1.119042350605714997e+00
1.118491723058756326e+00
1.120069231301205503e+00
1.118818352906978397e+00
1.119151591707880034e+00
1.118504205825633369e+00
1.118072454732825571e+00
1.118072454732825571e+00
1.119007467616787599e+00
1.120497513729789230e+00
1.118606455403374111e+00
1.118503673511739516e+00
1.118503673511739516e+00
1.119782009637343645e+00
1.118090838535523268e+00
1.117603018918468694e+00
1.120552878682892883e+00
1.122019223469284732e+00
1.144626180308881080e+00
1.118854002665648162e+00
1.118333982811706262e+00
1.119280756757422335e+00
1.121980096659509707e+00
1.220776631453643901e+00
1.117600386834693982e+00
1.118053029201500070e+00
1.363868993238633198e+00
1.333952644541501531e+00
1.152816241359540195e+00
1.125163003854916743e+00
1.118404387567891067e+00
1.117598211674384556e+00
1.142041249146280357e+00
1.118467748625155744e+00
1.119667388990452928e+00
1.117751561908931102e+00
1.117635290702661210e+00
1.118033745826327197e+00
1.118667107239570635e+00
1.117978662513936960e+00
1.118467160206800148e+00
1.117996938158153597e+00
1.117600864281702799e+00
1.117613750982608289e+00
1.117726845069453301e+00
1.117603018918468694e+00
1.117860732481878339e+00
1.121088911476628702e+00
1.118361678498341671e+00
1.118578765101568173e+00
1.118235909849572440e+00
1.117778986812797637e+00
1.117778986812797637e+00
1.118686365506937452e+00
1.117804426158508946e+00
1.117600386834695980e+00
1.118703384599141426e+00
1.117648849762153285e+00
1.117593973631334725e+00
1.117613549573259091e+00
1.117751561908931102e+00
1.117608289561650370e+00
1.118322051495304281e+00
1.117906110250030727e+00
1.117778986812797637e+00
1.117714312291007595e+00
1.124846555744565935e+00
1.122246705370763431e+00
1.133905838278391531e+00
1.137283905296082143e+00
1.129668257480470173e+00
1.118016139556338162e+00
1.118285937390315787e+00
1.119121778773600306e+00
1.124423182396562249e+00
1.117622154678429514e+00
1.117648336562699463e+00
1.117593920481454894e+00
1.119761969625360454e+00
1.119407785411930201e+00
1.123834627123779129e+00
1.119363403656396638e+00
1.118565820579479730e+00
1.193851951618520424e+00
1.118528180764974955e+00
1.118034626629146766e+00
1.118503673511739516e+00
1.119775464817307276e+00
1.121511217690665640e+00
1.191889447200074725e+00
1.117635081017039012e+00
1.117693373413710445e+00
1.122493612209457980e+00
1.117598111499420899e+00
1.117889092183695476e+00
1.117772325422243140e+00
1.117711454093573753e+00
1.117692992891049508e+00
1.119331270048793181e+00
1.117657119126415743e+00
1.124248545930433663e+00
1.117593763556797848e+00
1.117598803000686258e+00
1.117628681247918587e+00
1.117651029792538164e+00
1.117651029792538164e+00
1.117651029792538164e+00
1.117822092812131851e+00
1.117622056098158012e+00
1.133453408901492265e+00
1.118739048113319701e+00
1.119195792992037974e+00
1.134013658254446222e+00
1.117778986812797637e+00
1.117630536743987602e+00
1.117622950215267918e+00
1.117862636564083134e+00
1.117807811150715036e+00
1.118225432075668602e+00
1.118051377469829522e+00
1.118051377469829522e+00
1.117623198391757944e+00
1.117623198391757944e+00
1.117623198391757944e+00
1.118515596481052032e+00
1.118515596481052032e+00
1.117978662513936960e+00
1.118516130934705366e+00
1.118163818323398173e+00
1.117703334575463003e+00
1.119224047619071349e+00
1.117593973631334725e+00
1.120125676866611464e+00
1.122793188318262692e+00
1.121704349337081519e+00
1.117885847758466555e+00
1.117685436849484848e+00
1.118432968631300817e+00
1.117630518828357733e+00
1.118026407520919641e+00
1.117597109849205017e+00
1.117600763909625039e+00
1.117906110250030727e+00
1.117656512612525077e+00
1.118389901709958334e+00
1.117605926055565524e+00
1.117703811700851979e+00
1.118416262240409464e+00
1.118164617914685133e+00
1.117906110250030727e+00
1.117683081665791001e+00
1.117872300349697756e+00
1.197520488591976795e+00
1.118085989646382172e+00
1.118589097251590170e+00
1.118589097251590170e+00
1.118589097251590170e+00
1.118757818178947927e+00
1.201753274913547775e+00
1.117593733080652685e+00
1.118235909849572440e+00
1.117623008197061285e+00
1.117605926055565524e+00
1.117593760988184082e+00
1.118722962194084181e+00
1.121891309114682489e+00
1.117628937318664972e+00
1.118704255432473316e+00
1.117978662513936960e+00
1.117692897469271474e+00
1.118491686752274283e+00
1.117598117480017139e+00
1.117598117480017139e+00
1.117600287313603502e+00
1.117663105040414884e+00
1.125027756134600709e+00
1.122248775004538457e+00
1.118989107609582812e+00
1.124451399872288260e+00
1.187280669507177588e+00
1.117603007324948772e+00
1.118300892464547891e+00
1.119451239561024547e+00
1.118418026014092348e+00
1.119154876262037801e+00
1.121972994537081769e+00
1.121973305255039355e+00
1.135611587840633652e+00
1.125043191780411123e+00
1.118566143999046636e+00
1.117613845633235625e+00
1.121200739566383220e+00
1.118620639626805247e+00
1.118685976867628273e+00
1.119111825649937275e+00
1.120742046829802607e+00
1.117593276752680387e+00
1.117593276752680387e+00
1.117997402346874614e+00
1.118315640887046492e+00
1.118315640887046492e+00
1.118332042761634781e+00
1.118183253660905541e+00
1.118833178440257425e+00
1.118763356277748144e+00
1.117792546722375491e+00
1.117792546722375491e+00
1.117792546722375491e+00
1.118650920213277722e+00
1.117751561908931102e+00
1.117751561908931102e+00
1.118442127964609734e+00
1.118528180764974955e+00
1.117626244773741506e+00
1.119185267757300650e+00
1.118973981350699365e+00
1.117623198391757944e+00
1.117623198391757056e+00
1.117623198391757056e+00
1.117623198391757056e+00
1.117778986812797637e+00
1.117778365727015055e+00
1.117752137544130164e+00
1.117595651606069218e+00
1.117595651606069218e+00
1.117635081017039012e+00
1.117600763909620376e+00
1.117739275810562427e+00
1.118544545622686792e+00
1.124248545930433663e+00
1.118603345263789128e+00
1.118683285438950792e+00
1.118032921345005537e+00
1.118032921345005537e+00
1.118032921345005537e+00
1.118032921345005537e+00
1.118315640887046492e+00
1.118315640887046492e+00
1.118703440123856474e+00
1.118317723687382692e+00
1.117605478443377987e+00
1.117979473286564218e+00
1.118225432075668158e+00
1.117935680286153532e+00
1.117628681247918365e+00
1.117628681247918365e+00
1.117628681247918365e+00
1.117628681247918365e+00
1.117628681247918365e+00
1.117628681247918587e+00
1.117628681247918587e+00
1.120489420825699023e+00
1.118014440464766723e+00
1.118014440464766723e+00
1.117614923184458320e+00
1.118127621859621890e+00
1.117634653403590583e+00
1.117634653403590583e+00
1.117595711366408562e+00
1.117651047013888510e+00
1.120742708861175441e+00
1.118491723058756326e+00
1.117906879160526890e+00
1.118200791452237164e+00
1.118200791452237164e+00
1.118578181095865043e+00
1.118492146828353961e+00
1.118578725259359308e+00
1.117733090563820308e+00
1.117935680286153532e+00
1.117744988976970832e+00
1.117744988976970832e+00
1.117595651606069218e+00
1.117733090563820308e+00
1.117673804372235180e+00
1.121600998527217286e+00
1.117684533397563351e+00
1.118017017390619205e+00
1.117614923184458320e+00
1.118269059875949489e+00
1.119446564894435836e+00
1.119995777961987793e+00
1.351187938270598243e+00
1.118636170004682295e+00
1.155860421784701053e+00
1.118532896573328106e+00
1.122671576960841300e+00
1.117779029195272944e+00
1.117673804372235180e+00
1.117673804372235180e+00
1.117673804372235180e+00
1.118090894675529912e+00
1.121794760229920307e+00
1.117683081665791445e+00
1.117605603527173530e+00
1.117605603527173530e+00
1.120740241016973560e+00
1.165743974615592649e+00
1.119007368057675977e+00
1.122109214008601530e+00
1.124281558502295830e+00
1.122466009488849004e+00
1.118799928744685257e+00
1.117597103568285455e+00
1.117822911784520645e+00
1.118650968273020130e+00
1.119662439400828990e+00
1.117764138441937893e+00
1.118014440464766723e+00
1.118014440464766723e+00
1.118014440464766723e+00
1.117714312291007595e+00
1.117714312291007595e+00
1.117634678735555553e+00
1.117634678735555553e+00
1.117634678735555553e+00
1.117634678735555553e+00
1.118490088975751862e+00
1.118490088975751862e+00
1.117778365727015055e+00
1.117634653403590583e+00
1.117634653403590583e+00
1.118172031317500092e+00
1.118172031317500092e+00
1.117725839815914446e+00
1.117777745627426711e+00
1.117777745627422714e+00
1.118014515134681197e+00
1.118014515134681197e+00
1.117609425225783548e+00
1.117609425225783548e+00
1.118097253111514089e+00
1.118097253111514089e+00
1.118332042761634781e+00
1.122719056040392349e+00
1.117651047013888510e+00
1.121451172803129559e+00
1.118491190535191082e+00
1.118684039849742629e+00
1.119186880557059283e+00
1.117693653126660802e+00
1.117663888827876706e+00
1.117725839815910005e+00
1.118216612025220158e+00
1.119224047619071349e+00
1.117871561456164065e+00
1.118163818323398173e+00
1.118684110106837659e+00
1.117593148497072253e+00
1.117593148497072253e+00
1.117996121377397234e+00
1.117996121377397234e+00
1.117996121377397234e+00
1.118014440464766723e+00
1.118014440464766723e+00
1.118527641746003054e+00
1.118527641746003054e+00
1.117750987314103162e+00
1.117750987314103162e+00
1.117750987314103162e+00
1.118721251564535279e+00
1.119664805432955212e+00
1.118268334211377502e+00
1.118268334211377502e+00
1.117941111895436768e+00
1.118808586872793942e+00
1.118014515134681197e+00
1.117651299964208089e+00
1.118285179050586775e+00
1.119005909349403360e+00
1.119363680954475360e+00
1.117593148609418607e+00
1.117626430294852868e+00
1.117593351546943614e+00
1.117870102573095936e+00
1.117888320728704921e+00
1.117888320728704921e+00
1.117888320728704921e+00
1.118181673823316569e+00
1.118127288618884219e+00
1.117808188663038660e+00
1.117788780064979504e+00
1.124886044558790710e+00
1.234945758925623638e+00
1.120701565347532513e+00
1.118636847114474975e+00
1.120976045775114116e+00
1.120737591773931952e+00
1.117663105040414884e+00
1.196571971214319685e+00
1.123033435874578823e+00
1.122157562601882930e+00
1.145680814615832821e+00
1.133038293148870279e+00
1.118887462826162915e+00
1.117692521437181341e+00
1.117594510590655510e+00
1.117655786100717030e+00
1.117657119126415965e+00
1.118274589877021663e+00
1.118324337568752380e+00
1.121200958359914068e+00
1.121580498279584726e+00
1.117600287313603502e+00
1.118389300051216617e+00
1.118235156053523083e+00
1.130086695233185168e+00
1.131092933688051971e+00
1.120071681134048536e+00
1.117645545541960272e+00
1.185088878255458500e+00
1.129134942318032353e+00
1.126217298873714689e+00
1.121307111753019559e+00
1.120373718475845548e+00
1.121974992006099514e+00
1.117603007324948772e+00
1.117793233428851174e+00
1.118235961223005948e+00
1.117996993856608778e+00
1.117996993856608778e+00
1.118479305757818842e+00
1.118285227478591493e+00
1.124460717919921082e+00
1.122198826860586029e+00
1.118832077918504142e+00
1.118053085511995448e+00
1.118090894675529912e+00
1.122367130049856776e+00
1.121309599623684594e+00
1.118235156053523083e+00
1.117959816703165910e+00
1.117738962225172328e+00
1.118235909849572440e+00
1.118515596481052032e+00
1.118762410305548238e+00
1.118301634359781360e+00
1.118235961223005948e+00
1.118252726837562827e+00
1.117726845069453301e+00
1.118016083530857019e+00
1.117623198391757944e+00
1.117623219565851533e+00
1.117623219565851533e+00
1.117733136914506931e+00
1.117923513585190376e+00
1.118235961223005948e+00
1.117703334575463003e+00
1.120489236876754724e+00
1.118684954250065866e+00
1.118592674781671459e+00
1.119665451084762120e+00
1.119459639722369504e+00
1.118127769952220962e+00
1.118127769952210526e+00
1.119612411579367528e+00
1.119414069075914675e+00
1.117611374617687447e+00
1.117608374236605639e+00
1.117676819333186744e+00
1.117676819333186744e+00
1.119007500806114663e+00
1.122730315062574480e+00
1.118607037776646829e+00
1.118915479011660219e+00
1.128446598067776696e+00
1.127796174971613441e+00
1.118442682121454146e+00
1.118685676838320209e+00
1.119116374785924739e+00
1.118496900675428396e+00
1.117841978441460160e+00
1.118576473140922678e+00
1.118772844986342108e+00
1.118467160206800148e+00
1.126233626791829812e+00
1.120010310873448933e+00
1.117978662513936960e+00
1.117841094454505635e+00
1.119823758609620912e+00
1.117600849294376086e+00
1.117737911088315883e+00
1.117645507750831602e+00
1.117618066716562275e+00
1.117630716142798519e+00
1.117626430294852868e+00
1.118565859379103022e+00
1.118060626555080095e+00
1.117635290702661210e+00
1.117635290702661210e+00
1.117635290702661210e+00
1.117630734107470047e+00
1.117630734107470047e+00
1.117630734107470047e+00
1.117733090563820308e+00
1.117733090563820308e+00
1.117733090563820308e+00
1.117777745627422714e+00
1.117777745627426711e+00
1.117777745627422714e+00
1.117777745627422714e+00
1.117777745627426711e+00
1.117777745627422714e+00
1.117630536743987602e+00
1.117733136914506931e+00
1.118026541525765749e+00
1.117733090563820308e+00
1.118528180764974955e+00
1.117793189563988987e+00
1.118026407520919641e+00
1.117608503120619545e+00
1.117711931583342366e+00
1.117711931583342366e+00
1.117964755069632776e+00
1.119142999916834080e+00
1.117598117480017139e+00
1.117598117480017139e+00
1.117598117480017139e+00
1.117598117480017139e+00
1.117598117480017139e+00
1.117871561456159846e+00
1.117871561456164065e+00
1.117600287313603502e+00
1.117600287313603502e+00
1.117600287313603502e+00
1.117600287313603502e+00
1.117600287313603502e+00
1.133977421688823206e+00
1.123008092639335320e+00
1.118235909849572440e+00
1.118834281370487460e+00
1.118367898821887474e+00
1.149819810078243076e+00
1.124463287806564571e+00
1.118667845401799088e+00
1.244410940039279989e+00
1.326593352051410379e+00
1.118743229603785361e+00
1.118772844986342108e+00
1.119116374785924739e+00
1.119376723689229802e+00
1.120102228951935119e+00
1.118573666572405534e+00
1.118724621691136623e+00
1.121035390665928055e+00
1.117594889660937119e+00
1.117623198391757944e+00
1.201927228268970360e+00
1.119078919501995006e+00
1.119078919501996117e+00
1.120558016583830030e+00
1.117594510590655510e+00
1.118494365935929880e+00
1.120016583621022965e+00
1.117884232780432807e+00
1.117598762258033673e+00
1.117663228803809750e+00
1.119918679715220744e+00
1.117618451715431949e+00
1.398552308210486927e+00
1.118504205825633369e+00
1.459628260507365605e+00
1.117598721652623972e+00
1.117596278021745437e+00
1.122409355348950033e+00
1.117693618674164835e+00
1.117618422146732016e+00
1.118557053231666876e+00
1.117909706698542172e+00
1.122081472417769454e+00
1.123098491062685778e+00
1.117892701326524074e+00
1.119157974802079014e+00
1.118407235154137203e+00
1.119843081683360442e+00
1.117623666131314142e+00
1.117702966640148343e+00
1.117702966640148343e+00
1.117837970817459059e+00
1.121302925559047425e+00
1.125491472013814276e+00
1.118201516894801406e+00
1.119416168874362461e+00
1.121749933537050214e+00
1.118053029201501403e+00
1.118491686752274283e+00
1.120005107633448294e+00
1.117921189983452468e+00
1.118739129289650469e+00
1.119267566883773046e+00
1.119879840682699301e+00
1.123067981412578797e+00
1.117622509504463846e+00
1.118759606354848612e+00
1.160818578129849454e+00
1.122021046130965649e+00
1.122669525228888521e+00
1.122446056126989555e+00
1.118552190912598832e+00
1.122859701443147840e+00
1.117693404300902582e+00
1.122064748112693300e+00
1.120918583263888602e+00
1.117996938158153597e+00
1.118467160206800148e+00
1.117702440941356956e+00
1.122745237979594357e+00
1.117593290210349366e+00
1.117663105040414884e+00
1.148175186415388627e+00
1.117650777583257593e+00
1.117613562396677640e+00
1.117613562396677640e+00
1.123951703038455596e+00
1.117978662513936960e+00
1.117613738094122455e+00
1.117593290210349366e+00
1.117683480189765044e+00
1.117757844228494779e+00
1.117733136914506931e+00
1.118467209252701045e+00
1.117600632431166918e+00
1.118417412516133913e+00
1.118081042945905157e+00
1.118319771258674544e+00
1.119570397167961584e+00
1.117596225119988018e+00
1.117594896575519803e+00
1.117733241255159715e+00
1.117650686042556130e+00
1.118201569958915176e+00
1.117676493030099749e+00
1.117676493030099749e+00
1.117676493030099083e+00
1.117860732481878339e+00
1.117693567014204747e+00
1.117733241255159715e+00
1.119117443661681754e+00
1.117611622991367959e+00
1.117593947215054895e+00
1.117676493030099083e+00
1.117860732481878339e+00
1.117752152629376106e+00
1.118178590542358020e+00
1.117860732481878339e+00
1.117648596551751528e+00
1.117860732481878339e+00
1.117593913682792151e+00
1.117996938158153597e+00
1.118374810790200513e+00
1.118160968281722401e+00
1.124223086772993874e+00
1.120009967618156299e+00
1.117593947215054895e+00
1.117648596551751528e+00
1.117648596551751528e+00
1.117614902513070163e+00
1.118013171297069785e+00
1.119570397167962028e+00
1.118160968281722401e+00
1.119703223535127412e+00
1.124223086772993874e+00
1.118685588641213036e+00
1.117921225422738196e+00
1.117596268651791069e+00
1.117594346891544133e+00
1.117622154678429514e+00
1.117635053382205923e+00
1.117593735591479343e+00
1.117628681247918587e+00
1.117613750982608289e+00
1.117821276646195239e+00
1.118973981350699365e+00
1.118267211437837361e+00
1.118087450357373225e+00
1.118907348068527874e+00
1.117776789234356638e+00
1.117603255652858341e+00
1.118267211437837361e+00
1.117614902513070163e+00
1.117614902513070163e+00
1.118087450357373225e+00
1.117603255652858341e+00
1.117648596551751528e+00
1.117807962120360710e+00
1.117807962120360710e+00
1.117593947215054895e+00
1.117910768511715114e+00
1.117776789234356638e+00
1.117648596551751528e+00
1.117693567014204747e+00
1.117693567014204747e+00
1.118087450357373225e+00
1.117940337780438886e+00
1.117600138216894301e+00
1.119653103809639116e+00
1.117776789234356638e+00
1.118267211437837361e+00
1.117910768511715114e+00
1.117593947215054895e+00
1.117593947215054895e+00
1.117603255652858341e+00
1.117808521117224618e+00
1.117606209044753829e+00
1.117630577069898434e+00
1.118771574547819281e+00
1.117623383945004267e+00
1.117593279451994048e+00
1.117603255652858341e+00
1.117593741260053841e+00
1.118026843168667073e+00
1.118026843168667073e+00
1.117860732481878339e+00
1.122726428327129211e+00
1.117598727181633445e+00
1.117630518828357733e+00
1.117630518828357733e+00
1.117744988976970832e+00
1.117738411146832922e+00
1.118319771258674766e+00
1.117684382194661374e+00
1.122726428327129211e+00
1.117733241255159715e+00
1.119441255688574000e+00
1.117618422146732016e+00
1.117744988976970832e+00
1.117594510590655510e+00
1.117595040258597017e+00
1.119185428931362969e+00
1.117614902513070163e+00
1.117733241255159715e+00
1.117733241255159715e+00
1.118026843168667073e+00
1.117684732656831992e+00
1.117860732481878339e+00
1.119441255688574000e+00
1.117744988976970832e+00
1.118319771258674544e+00
1.119006008718049339e+00
1.117618429537354352e+00
1.117673804372235180e+00
1.117673804372235180e+00
1.117840213467498511e+00
1.117669417171028412e+00
1.117605377733546845e+00
1.117673804372235180e+00
1.117598288517871685e+00
1.117905516498649110e+00
1.118201569958915176e+00
1.117726845069453079e+00
1.117979473286564218e+00
1.119326768939410632e+00
1.119039304405661239e+00
1.118650968273020130e+00
1.117608374236605417e+00
1.117883789544458661e+00
1.119847282042107484e+00
1.117752152629376106e+00
1.117752152629376106e+00
1.117821276646195239e+00
1.119023228929327818e+00
1.118178590542358020e+00
1.118178590542358020e+00
1.119023228929327818e+00
1.131284412133683803e+00
1.118771574547819281e+00
1.117787142295231240e+00
1.117650686042556130e+00
1.117650686042556574e+00
1.117645206007453762e+00
1.117693567014204747e+00
1.118178590542358020e+00
1.118178590542358020e+00
1.119117443661681754e+00
1.117598795582555260e+00
1.117598795582555260e+00
1.117605926055565524e+00
1.117714312291007595e+00
1.117618066716562275e+00
1.117722112725091366e+00
1.118494365935929880e+00
1.117598117480017139e+00
1.117821276646195239e+00
1.117821276646195239e+00
1.118270279405353618e+00
1.122326853578582861e+00
1.119219417876012646e+00
1.118270279405353618e+00
1.118270279405353396e+00
1.119326768939410632e+00
1.117606085447298669e+00
1.117909706698542172e+00
1.117907693282047976e+00
1.124223086772993874e+00
1.117840213467498511e+00
1.117840213467498511e+00
1.117596351929717846e+00
1.119441255688574000e+00
1.118319771258674544e+00
1.119192341120891276e+00
1.117639928036494812e+00
1.117608234202078998e+00
1.117684382194661374e+00
1.117600287313603502e+00
1.117595596268432301e+00
1.117787443407794346e+00
1.117803670772457902e+00
1.117635081017039012e+00
1.117623431761070041e+00
1.117751561908931102e+00
1.117665017280877748e+00
1.117752137544130164e+00
1.117623198391757056e+00
1.117751561908931102e+00
1.117630518828357733e+00
1.117608603052422822e+00
1.117702966640149009e+00
1.118187034270588409e+00
1.117608603052422822e+00
1.117693946375034386e+00
1.117910768511715114e+00
1.117603255652858341e+00
1.119448075256414210e+00
1.117593913682792151e+00
1.117693567014204747e+00
1.117940337780438886e+00
1.117725279067736111e+00
1.117613192314160786e+00
1.118329930456542609e+00
1.118513896895335868e+00
1.118031647343825208e+00
1.119135632484756782e+00
1.117612069431648703e+00
1.117597051930314667e+00
1.117640196412218678e+00
1.118771574547819281e+00
1.117733241255159715e+00
1.117630577069899322e+00
1.118026843168667073e+00
1.117733241255159715e+00
1.118026843168667073e+00
1.117860732481878339e+00
1.119669543888201835e+00
1.117861682925017419e+00
1.117840213467494959e+00
1.118317723687382692e+00
1.119441255688574000e+00
1.117603255652858341e+00
1.117682480840081372e+00
1.117676493030099083e+00
1.118050626715874962e+00
1.117727373198390994e+00
1.118799928744685257e+00
1.118289332263425973e+00
1.118799928744685257e+00
1.117635081017039012e+00
1.117712847652342800e+00
1.117860732481878339e+00
1.117860732481878339e+00
1.117673804372235180e+00
1.117639928036494368e+00
1.117595596268432301e+00
1.124645683890723280e+00
1.117595596268432301e+00
1.119939863696866711e+00
1.117593276752680387e+00
1.117628681247918587e+00
1.117626244773741506e+00
1.117712847652342800e+00
1.117608520734010069e+00
1.117639928036494368e+00
1.120002744163221653e+00
1.117733090563820308e+00
1.117712847652342800e+00
1.117629188556858111e+00
1.117634932529180558e+00
1.117685084207055146e+00
1.117639928036494368e+00
1.117712847652342800e+00
1.118179354694627259e+00
1.117613940522717231e+00
1.117943490997378886e+00
1.117726845069453301e+00
1.119552453897971978e+00
1.121880013994429381e+00
1.117722069773992910e+00
1.117733090563820308e+00
1.117639928036494368e+00
1.118266484103256353e+00
1.117704257283482550e+00
1.117600849294376086e+00
1.118494612780895237e+00
1.117751091708538036e+00
1.118270279405353618e+00
1.117840213467498511e+00
1.117640150777562180e+00
1.117650794757518273e+00
1.119121778773600306e+00
1.117787443407794123e+00
1.118270279405353618e+00
1.119593312057100887e+00
1.117641172983639297e+00
1.117630518828357733e+00
1.117596996799818054e+00
1.117596989834029886e+00
1.117622213904538198e+00
1.117630536743987602e+00
1.117634678735555553e+00
1.117641172983639297e+00
1.117711891726432372e+00
1.117909807681988887e+00
1.117623198391757944e+00
1.117608117958233560e+00
1.118650968273020130e+00
1.117595651606069218e+00
1.118252726837579258e+00
1.118235961223005281e+00
1.117594552469499680e+00
1.117630536743987602e+00
1.117621957679646449e+00
1.117593763556797848e+00
1.117623198391757944e+00
1.117656856153184108e+00
1.117618358726904848e+00
1.119112532265196025e+00
1.118050101202466839e+00
1.117628681247918587e+00
1.117663105040414884e+00
1.117733136914506931e+00
1.119326768939410632e+00
1.118026407520919641e+00
1.118060626555080095e+00
1.118026407520919641e+00
1.117598117480017139e+00
1.117593735591479343e+00
1.117594008471266553e+00
1.117614634614384705e+00
1.117595707531801263e+00
1.117852576192790881e+00
1.117626930387930484e+00
1.117702440941356956e+00
1.117594346891544133e+00
1.117598171132402562e+00
1.120627224885964335e+00
1.120627224885956563e+00
1.117951897437226227e+00
1.117781398425330641e+00
1.117594346891545465e+00
1.118352369088762011e+00
1.118082679098564292e+00
1.117814360428101450e+00
1.117613328213095114e+00
1.117651777098995769e+00
1.118895838505765905e+00
1.117594788761866909e+00
1.117638009326029636e+00
1.117752152629376106e+00
1.117845392746331434e+00
1.118081042945905157e+00
1.118557314159378757e+00
1.117593735591479343e+00
1.117751561908931102e+00
1.117821276646195239e+00
1.117676493030099083e+00
1.117639928036494368e+00
1.117821740032932221e+00
1.118178590542358020e+00
1.119121778773600306e+00
1.117634773807381299e+00
1.117593149081821169e+00
1.118178590542358020e+00
1.121629591782787205e+00
1.117733241255159715e+00
1.117630577069899322e+00
1.117648336562699463e+00
1.119117443661681754e+00
1.117787142295237013e+00
1.119117443661681754e+00
1.119117443661681754e+00
1.117860732481878339e+00
1.117751561908931102e+00
1.118272431838057468e+00
1.118589097251590170e+00
1.117821276646195239e+00
1.117840579118297262e+00
1.117593393907840404e+00
1.118270279405353618e+00
1.117821276646195239e+00
1.118270279405353618e+00
1.117593735591479343e+00
1.117598727181633445e+00
1.117978662513936960e+00
1.118319771258674544e+00
1.117635081017039012e+00
1.117635081017039012e+00
1.118492146828353961e+00
1.118620561972146765e+00
1.117594346891544133e+00
1.117656478248276297e+00
1.117594346891544133e+00
1.117628681247918365e+00
1.117733090563820308e+00
1.117744988976970832e+00
1.117860732481878339e+00
1.117757844228494779e+00
1.117639928036494368e+00
1.118372396831908366e+00
1.118374810790200291e+00
1.117596351929717846e+00
1.117764138441937893e+00
1.117593290210349366e+00
1.118527641746003498e+00
1.117628681247918365e+00
1.118270084007288334e+00
1.118319771258674544e+00
1.118372396831908366e+00
1.117908799188946034e+00
1.117639928036494812e+00
1.117623219565851533e+00
1.117744988976970832e+00
1.124223086772993874e+00
1.119853967061653632e+00
1.125512408616568205e+00
1.117605952546218750e+00
1.117722112725091366e+00
1.117884232780432807e+00
1.117614699729790884e+00
1.117611447695699534e+00
1.117595651606069218e+00
1.117635081017039012e+00
1.119617052257740664e+00
1.117752137544130164e+00
1.117942697505538208e+00
1.117779608883390230e+00
1.117593735591479565e+00
1.117593735591479565e+00
1.117906879160526445e+00
1.118554447174659350e+00
1.117635081017039012e+00
1.117702966640149009e+00
1.118388834710247082e+00
1.118465786096357828e+00
1.117593947215055339e+00
1.118267211437837361e+00
1.117693567014204747e+00
1.117725279067736111e+00
1.118719394005296630e+00
1.118513896895335868e+00
1.119658089343436025e+00
1.117733241255159715e+00
1.117733241255159715e+00
1.117860732481878339e+00
1.117860732481878339e+00
1.117630518828357733e+00
1.117602892566184503e+00
1.117628681247918587e+00
1.117635081017039012e+00
1.117712847652342800e+00
1.117733090563820308e+00
1.117639928036494368e+00
1.117628681247918587e+00
1.117635081017039012e+00
1.119542268244689165e+00
1.117712847652342800e+00
1.118051452546317215e+00
1.118490137402103235e+00
1.117639928036494368e+00
1.118858531634510545e+00
1.117941183928421456e+00
1.118402664528881818e+00
1.119326768939410632e+00
1.117751561908931102e+00
1.117626227933959049e+00
1.117594552469499680e+00
1.117621957679646449e+00
1.117593763556797848e+00
1.117751561908931102e+00
1.117656856153184108e+00
1.117593290210349366e+00
1.117630536743987602e+00
1.117733136914506931e+00
1.118060626555080095e+00
1.117852576192790881e+00
1.117707646115178255e+00
1.117607266265689958e+00
1.117601297638566082e+00
1.117668382505855984e+00
1.117814360428101450e+00
1.117651777098995769e+00
1.117613328213095114e+00
1.117594346891544133e+00
1.117993154560542379e+00
1.118178590542358020e+00
1.117787142295231240e+00
1.117650686042556130e+00
1.118178590542358020e+00
1.117787142295237013e+00
1.119117443661681754e+00
1.118137078183631061e+00
1.117860732481878339e+00
1.119614730796514523e+00
1.117593290210349366e+00
1.117634653403590361e+00
1.117593763556797848e+00
1.117630536743987602e+00
1.117744988976970832e+00
1.118106325781545340e+00
1.117923513585190376e+00
1.117757844228494779e+00
1.117595651606069218e+00
1.117639928036494368e+00
1.117861682925017419e+00
1.117860732481878339e+00
1.118685588641213036e+00
1.117618238823378407e+00
1.117603007324948772e+00
1.117628681247918365e+00
1.117764138441937893e+00
1.117634678735555553e+00
1.117628681247918365e+00
1.117941904470459935e+00
1.118372396831908366e+00
1.117770589065111730e+00
1.117595596268432301e+00
1.117630734107470047e+00
1.117744988976970832e+00
1.117598117480017139e+00
1.120968631449709818e+00
1.117605494379757980e+00
1.117593735591479565e+00
1.117623431761070041e+00
1.117744988976970832e+00
1.118809134820652806e+00
1.117623431761070041e+00
1.118218913536921377e+00
1.117593153853460697e+00
1.117630518828357733e+00
1.117855951142016524e+00
1.117593947215054895e+00
1.117593947215054895e+00
1.117614902513070163e+00
1.117614902513070163e+00
1.117593947215055339e+00
1.117593947215055339e+00
1.117630577069898434e+00
1.117733241255159715e+00
1.118347394928708605e+00
1.117840593526348902e+00
1.117809519845729627e+00
1.117714403430206449e+00
1.117889778497130004e+00
1.117752137544130164e+00
1.117977852057430388e+00
1.117614771805624407e+00
1.117630536743987602e+00
1.117641172983639297e+00
1.119120037210464158e+00
1.118032921345005537e+00
1.118178832816722590e+00
1.117595651606069218e+00
1.117594552469499680e+00
1.117623198391757056e+00
1.117600763909620376e+00
1.117621957679646449e+00
1.117593763556797848e+00
1.117623198391757944e+00
1.117628681247918587e+00
1.117733136914506931e+00
1.117714312291007595e+00
1.118623316820355651e+00
1.118026407520919641e+00
1.117598117480017139e+00
1.117634653403590361e+00
1.118525659346875756e+00
1.117852576192790881e+00
1.118345010360537461e+00
1.118738500602564523e+00
1.117613940522717009e+00
1.117594346891544133e+00
1.117595475925243553e+00
1.117598923277815848e+00
1.117668382505855984e+00
1.117861558169265246e+00
1.117613328213095114e+00
1.117651777098995769e+00
1.117845392746330546e+00
1.117656856153184108e+00
1.117751561908931102e+00
1.117628937318664972e+00
1.117593735591479343e+00
1.117639928036494368e+00
1.118178590542358020e+00
1.117622154678429514e+00
1.117655937406877520e+00
1.117634773807381299e+00
1.118178590542358020e+00
1.117778633802343657e+00
1.117648336562699463e+00
1.117787142295231240e+00
1.117787142295231240e+00
1.117623198391757944e+00
1.118589097251590170e+00
1.118593237408726182e+00
1.117593735591479343e+00
1.117751561908931102e+00
1.117593735591479343e+00
1.122343746889236993e+00
1.117635081017039012e+00
1.117744988976970832e+00
1.117733090563820308e+00
1.117684533397563351e+00
1.117613750982608289e+00
1.117623198391757056e+00
1.117757844228494779e+00
1.117595651606069218e+00
1.117595596268432301e+00
1.117639928036494368e+00
1.117909807681988887e+00
1.117860732481878339e+00
1.117841094454505635e+00
1.117598199597789055e+00
1.117618450064966629e+00
1.117628681247918365e+00
1.117996121377397234e+00
1.117764138441937893e+00
1.120002744163221653e+00
1.125497675692245902e+00
1.118527641746003498e+00
1.117684382194661374e+00
1.117595596268432301e+00
1.118026407520919641e+00
1.118060626555080095e+00
1.117635290702661210e+00
1.117613940522717009e+00
1.117650777583257593e+00
1.117630518828357733e+00
1.117593947215055339e+00
1.117606219094253062e+00
1.117597041017673876e+00
1.117614923184458320e+00
1.117634653403590361e+00
1.117909706698542172e+00
1.117702034290179114e+00
1.117821276646195239e+00
1.117663105040414884e+00
1.117610165156469604e+00
1.117594346891544133e+00
1.118703384599141426e+00
1.117787142295231240e+00
1.117598721652623972e+00
1.118965847062028507e+00
1.117598117480017139e+00
1.117935680286153532e+00
1.117593148609418607e+00
1.117600243853986042e+00
1.117628681247918365e+00
1.117598117480017139e+00
1.117662819017984699e+00
1.117613596614120075e+00
1.117744988976970832e+00
1.117593290210349366e+00
1.119192462770983276e+00
1.117605494379757980e+00
1.117701628957759485e+00
1.117618436929222803e+00
1.117618358726904848e+00
1.117744988976970832e+00
1.117733090563820308e+00
1.117733090563820308e+00
1.117598117480017139e+00
1.117605952546218750e+00
1.117683081665791445e+00
1.117598117480017139e+00
1.118636216130882932e+00
1.117613596614120075e+00
1.123190363199148889e+00
1.117595697319866410e+00
1.117726845069453301e+00
1.118180499219526780e+00
1.120644139256507410e+00
1.118489440679723446e+00
1.119847282042107484e+00
1.117907693282047976e+00
1.117884816950671878e+00
1.118722105935924693e+00
1.117623198391757944e+00
1.118137155099371505e+00
1.118723547090896053e+00
1.117693618674164835e+00
1.117822092812131851e+00
1.124848197799153349e+00
1.117603007324948772e+00
1.118494365935929880e+00
1.117862007669852886e+00
1.118557053231667320e+00
1.118097158907517263e+00
1.124865140447158129e+00
1.117922608414426033e+00
1.121929292204880024e+00
1.120434271737306364e+00
1.118545745141626080e+00
1.121706206162085273e+00
1.120009967618156299e+00
1.117640150777563512e+00
1.117595651606069218e+00
1.117597047251547071e+00
1.117594514372630465e+00
1.118072454732820242e+00
1.117751561908931102e+00
1.118127769952210526e+00
1.117593763556797848e+00
1.117630536743987602e+00
1.117618238823378407e+00
1.117595651606069218e+00
1.117979473286564218e+00
1.117618219668149449e+00
1.119234042048194100e+00
1.126935693726604848e+00
1.121300167042328599e+00
1.117803670772457902e+00
1.118704236883157899e+00
1.118087450357373225e+00
1.123956804501618834e+00
1.120558016583830030e+00
1.117657119126411525e+00
1.117593345419704676e+00
1.122323764486317099e+00
1.118374810790200291e+00
1.118319771258674544e+00
1.117726845069453301e+00
1.117840579118296818e+00
1.117692897469271474e+00
1.118943461032798625e+00
1.117663105040414884e+00
1.118899568924584198e+00
1.118361678498341671e+00
1.118200083281160273e+00
1.118426837591387057e+00
1.117854547513393859e+00
1.118596112837510814e+00
1.123377941057225105e+00
1.118520802195190456e+00
1.117606072123759064e+00
1.117609576650808290e+00
1.118492146828353961e+00
1.117692897469271474e+00
1.117693240354332707e+00
1.143343886181386493e+00
1.119091603300469195e+00
1.117630518828357733e+00
1.117702034290179114e+00
1.119847282042107484e+00
1.117692521437181341e+00
1.117907693282047976e+00
1.117614484171870926e+00
1.118489440679723446e+00
1.124223086772993874e+00
1.118492146828353961e+00
1.117841978441460160e+00
1.122011401771271455e+00
1.117764844919430844e+00
1.117711891726432372e+00
1.117608564808114657e+00
1.121519857125607311e+00
1.120437155709897104e+00
1.117595596268432301e+00
1.117862636564083134e+00
1.117676819333186744e+00
1.117635081017039012e+00
1.117711057501766136e+00
1.121483697136729463e+00
1.117658091618906058e+00
1.117787443407794346e+00
1.120918583263888602e+00
1.117676493030099083e+00
1.117676819333186744e+00
1.117701628957759485e+00
1.117727373198391438e+00
1.117595138422325274e+00
1.117602902105876872e+00
1.119029620141830828e+00
1.118697244279057479e+00
1.118387038316617677e+00
1.118026843168667073e+00
1.117594684764583679e+00
1.117618127358826818e+00
1.117676493030099083e+00
1.117676493030099083e+00
1.118270279405353618e+00
1.117934487986389280e+00
1.117752728948073315e+00
1.118270279405353618e+00
1.117676493030099083e+00
1.118225432075668602e+00
1.117860732481878339e+00
1.117860732481878339e+00
1.118818352906977287e+00
1.123003084497473214e+00
1.118333982811706262e+00
1.117634932529180558e+00
1.118578725259359308e+00
1.117656488587467578e+00
1.125163003854916743e+00
1.118324337568752380e+00
1.122326853578582861e+00
1.118973886223596281e+00
1.117614902513070163e+00
1.117596347185123795e+00
1.118235909849572440e+00
1.117600864281702799e+00
1.117600386834695980e+00
1.117676493030099749e+00
1.117751561908931102e+00
1.122246705370763431e+00
1.129668257480470173e+00
1.121302925559049868e+00
1.118178590542358020e+00
1.135627603959794563e+00
1.117685084207055146e+00
1.117711931583342366e+00
1.117711931583342366e+00
1.117885753907788660e+00
1.117963471227066741e+00
1.119331720847800415e+00
1.117623008197061285e+00
1.117608245849177839e+00
1.118633550481821004e+00
1.117676819333186744e+00
1.117711454093573753e+00
1.118072454732820242e+00
1.172050852205191340e+00
1.119224047619071349e+00
1.122057204125622265e+00
1.117822837216243759e+00
1.121259252471050960e+00
1.117600763909620376e+00
1.124696143568798989e+00
1.119703784335120744e+00
1.117603007324948772e+00
1.117738411146832922e+00
1.122669163448708041e+00
1.119564687125565117e+00
1.124451399872288260e+00
1.117603007324948772e+00
1.118887462826162915e+00
1.117603007324948772e+00
1.118973886223596503e+00
1.117677474902692536e+00
1.122011268478158019e+00
1.119113590104725109e+00
1.118333321766543653e+00
1.118375736510911711e+00
1.135549314339534321e+00
1.121613800236559433e+00
1.118661050802029377e+00
1.117593386774578645e+00
1.118685976867628273e+00
1.117613845633235625e+00
1.117614902513070163e+00
1.117860732481878339e+00
1.118128380741638450e+00
1.117639928036494368e+00
1.117640592964944668e+00
1.119224047619071349e+00
1.117623198391757944e+00
1.117623198391757944e+00
1.117860732481878339e+00
1.118528499398686149e+00
1.117711742370508077e+00
1.117623198391757944e+00
1.117685084207055146e+00
1.117595596268432301e+00
1.117613940522717009e+00
1.124836921429744230e+00
1.117821202588167084e+00
1.117598692207504074e+00
1.117650686042556130e+00
1.117787142295237013e+00
1.117613750982608289e+00
1.117600504283929430e+00
1.117779255313189557e+00
1.118652332649871184e+00
1.132055234076965622e+00
1.134375779010188490e+00
1.119827728496658459e+00
1.129330888776895803e+00
1.143619245710785437e+00
1.117595819838938853e+00
1.117776789234356638e+00
1.117630577069898434e+00
1.118026843168667073e+00
1.117630577069899322e+00
1.117787142295231240e+00
1.119329580668016577e+00
1.118270279405353396e+00
1.118223402985324411e+00
1.117821276646195239e+00
1.117821276646195239e+00
1.117670028471619004e+00
1.128190534999811812e+00
1.118301634359780916e+00
1.127350241876689196e+00
1.117693567014204747e+00
1.117614902513070163e+00
1.117860732481878339e+00
1.117676493030099749e+00
1.117860732481878339e+00
1.118372396831908366e+00
1.117639928036494812e+00
1.118372396831908366e+00
1.117860732481878339e+00
1.117639928036494812e+00
1.117676493030099083e+00
1.117634653403590583e+00
1.117639928036494812e+00
1.117594044050799651e+00
1.117594044050799651e+00
1.117613940522717231e+00
1.117701628957759707e+00
1.118417986872238146e+00
1.117676493030099083e+00
1.117676819333186744e+00
1.117726845069453079e+00
1.117595596268432301e+00
1.117726845069453079e+00
1.117739514364487707e+00
1.117598288517865024e+00
1.118528720045294689e+00
1.117739514364487707e+00
1.117840213467498511e+00
1.118319771258674544e+00
1.117603148884529718e+00
1.117598727181633445e+00
1.141187565818616356e+00
1.134171337187807937e+00
1.118907348068527874e+00
1.117733241255159715e+00
1.135026326698388432e+00
1.118465786096357828e+00
1.118013171297069785e+00
1.120379054072407454e+00
1.119567590799457557e+00
1.118653040963812906e+00
1.118978083914540012e+00
1.117739514364487707e+00
1.117650686042556130e+00
1.117807298206930477e+00
1.117648596551751528e+00
1.117727373198391438e+00
1.117598111499420899e+00
1.118442682121454146e+00
1.117727373198391438e+00
1.118252676401745749e+00
1.117942697505538208e+00
1.117613940522717231e+00
1.117960619254176668e+00
1.117608245849177839e+00
1.118092485058427066e+00
1.117596417142604492e+00
1.117665775054803357e+00
1.117676493030099083e+00
1.117841285126526918e+00
1.118372396831908366e+00
1.117600138216894301e+00
1.118319771258674544e+00
1.117594510590655510e+00
1.117840213467498511e+00
1.117594510590655510e+00
1.117840213467498511e+00
1.118389436845975027e+00
1.118443235881608766e+00
1.117721640986462095e+00
1.117764736138216808e+00
1.117670028471619004e+00
1.117635081017039012e+00
1.117637792335006486e+00
1.117764736138216808e+00
1.118564812793978902e+00
1.117978662513936960e+00
1.118251936340891151e+00
1.117764736138216808e+00
1.118374810790200513e+00
1.117623431761070041e+00
1.117622056098158012e+00
1.117639928036494812e+00
1.117613750982608289e+00
1.117595596268432301e+00
1.118333982811706262e+00
1.118724621691136623e+00
1.117665395620659474e+00
1.117596417142604492e+00
1.119441255688574000e+00
1.117595596268432301e+00
1.117676493030099749e+00
1.118092485058427066e+00
1.117840579118297262e+00
1.117595596268432301e+00
1.118061119585544105e+00
1.117608245849177839e+00
1.117608245849177839e+00
1.117594510590655510e+00
1.117840213467498511e+00
1.119785090783516068e+00
1.119118449714410435e+00
1.118517163834044537e+00
1.120069231301205503e+00
1.118491723058756326e+00
1.120858179842623592e+00
1.117603000134461455e+00
1.117596417142604492e+00
1.121339561720522404e+00
1.118735854735063429e+00
1.118914174262102712e+00
1.117855901870882906e+00
1.117663391884188284e+00
1.117670028471619004e+00
1.117605611530837484e+00
1.117726581409017816e+00
1.118201180768617631e+00
1.117673776930373508e+00
1.117677146622666262e+00
1.117941904470459935e+00
1.122671576960841300e+00
1.117598721652623972e+00
1.120740241016973560e+00
1.118302328181176142e+00
1.117613750982608289e+00
1.117613940522717231e+00
1.117613940522717009e+00
1.118081042945905157e+00
1.120945486299329552e+00
1.118017727265630201e+00
1.118468777675471815e+00
1.117821276646195239e+00
1.117593947215055339e+00
1.117940337780438886e+00
1.117733241255159715e+00
1.117630577069899322e+00
1.117860732481878339e+00
1.118178590542358020e+00
1.117787142295231240e+00
1.117821276646195239e+00
1.117907693282047976e+00
1.117595596268432301e+00
1.117860732481878339e+00
1.117860732481878339e+00
1.117648596551751528e+00
1.117593947215055339e+00
1.117650686042556130e+00
1.117787142295231240e+00
1.117595596268432301e+00
1.117595596268432301e+00
1.117764736138216808e+00
1.118374810790200513e+00
1.117639928036494812e+00
1.119441255688574000e+00
1.117676493030099749e+00
1.117669417171028412e+00
1.117840213467498511e+00
1.117840213467498511e+00
1.118270279405353618e+00
1.117595596268432301e+00
1.118319771258674544e+00
1.118319771258674544e+00
1.117726845069453079e+00
1.119865876745847810e+00
1.118032921345005537e+00
1.118032921345005537e+00
1.117630536743987602e+00
1.118032921345005537e+00
1.122326853578582861e+00
1.117635290702661210e+00
1.124281558502295608e+00
1.118653040963812906e+00
1.117809141298786946e+00
1.117788780064979282e+00
1.118319771258674544e+00
1.117635081017039012e+00
1.117665043042104234e+00
1.117711493818631441e+00
1.119570397167961584e+00
1.117613750982608289e+00
1.117757844228494779e+00
1.117595651606069218e+00
1.117595596268432301e+00
1.118372396831908366e+00
1.117861682925017419e+00
1.118092485058427066e+00
1.118517163834044537e+00
1.117596417142604492e+00
1.117608245849177839e+00
1.122726428327129211e+00
1.117648596551751528e+00
1.118565381050341312e+00
1.117594552469499680e+00
1.117840579118296818e+00
1.117840213467498511e+00
1.117665395620659474e+00
1.117628681247918587e+00
1.118218146917008271e+00
1.119785090783516068e+00
1.117860732481878339e+00
1.117860732481878339e+00
1.117676819333186744e+00
1.117907693282047976e+00
1.117744988976970832e+00
1.119118449714410435e+00
1.118724621691136623e+00
1.118333982811706262e+00
1.117593290210349366e+00
1.139028621091932925e+00
1.124162123921023104e+00
1.117665395620659474e+00
1.122359071184322099e+00
1.120253186821648095e+00
1.117665775054803357e+00
1.118072454732820242e+00
1.118592674781671459e+00
1.118592674781671459e+00
1.119147422883779441e+00
1.118301634359780916e+00
1.117808521117224618e+00
1.118053911410266332e+00
1.117623198391757944e+00
1.117623219565851533e+00
1.118319771258674544e+00
1.117595596268432301e+00
1.118319771258674544e+00
1.117676493030099083e+00
1.117840579118297262e+00
1.134756915569925306e+00
1.117751561908931102e+00
1.117630536743987602e+00
1.117623198391757944e+00
1.117652115194646578e+00
1.117596417142604492e+00
1.117711742370508077e+00
1.117623198391757944e+00
1.117593763556797848e+00
1.117751561908931102e+00
1.117593763556797848e+00
1.118227651777625509e+00
1.118274589877021663e+00
1.117822837216243759e+00
1.117608374236605639e+00
1.118557314159378757e+00
1.117750987314103162e+00
1.117618238823378407e+00
1.117593735591479343e+00
1.117630536743987602e+00
1.118593237408726182e+00
1.117814360428101450e+00
1.117603018918468694e+00
1.117635081017039012e+00
1.117613845633235625e+00
1.121307111753019559e+00
1.120373718475845548e+00
1.119118449714410435e+00
1.117613192314160786e+00
1.117640817497384642e+00
1.117861682925017419e+00
1.117711742370508077e+00
1.117593149081821169e+00
1.117978662513936960e+00
1.118333081212717905e+00
1.117623198391757944e+00
1.117751561908931102e+00
1.121704302903730133e+00
1.117942697505538874e+00
1.117594552469499680e+00
1.117593763556797848e+00
1.117764681760299972e+00
1.117635290702661210e+00
1.118739129289650469e+00
1.117595596268432301e+00
1.117623198391757944e+00
1.117628681247918587e+00
1.118944705581744969e+00
1.127796174971613441e+00
1.121467781560166799e+00
1.118685676838320209e+00
1.119116374785924739e+00
1.118496900675428396e+00
1.119570397167962028e+00
1.117841978441460160e+00
1.118576473140922678e+00
1.118772844986342108e+00
1.126233626791830700e+00
1.120010310873448933e+00
1.117649508105334366e+00
1.117702966640149009e+00
1.117630716142798519e+00
1.118626446425672105e+00
1.117622198105256093e+00
1.117634653403590583e+00
1.118685676838320209e+00
1.119331270048793181e+00
1.118367898821887474e+00
1.117670028471619004e+00
1.118772844986342108e+00
1.119116374785924739e+00
1.117738411146832922e+00
1.117649508105334366e+00
1.164815271121797391e+00
1.118724621691136623e+00
1.117861682925017419e+00
1.117605377733546845e+00
1.117787047301170844e+00
1.120151429597101567e+00
1.118492146828353961e+00
1.117649178396954435e+00
1.117815033890623200e+00
1.121414399938536643e+00
1.121613537761062096e+00
1.117717235080565752e+00
1.118767226501951040e+00
1.118517163834044537e+00
1.117693567014204747e+00
1.117614902513070163e+00
1.118496960578599264e+00
1.128920465826675823e+00
1.125491472013814276e+00
1.121749933537050214e+00
1.117711493818631441e+00
1.117776789234356638e+00
1.118617207487567988e+00
1.118403252786403179e+00
1.118092485058426622e+00
1.117596215833303708e+00
1.117863506289115350e+00
1.122745237979598354e+00
1.118272431838058356e+00
1.117663105040409999e+00
