5.188026852922378307e-01
1.072832444987204648e+00
1.125850437643879820e+00
5.569369668165374820e-01
1.203154366994653390e+00
-1.432700792310870053e-01
7.368766599374980686e-01
-1.628038752718685922e+00
1.199954366994653299e+00
-7.580729462249072848e-01
1.512737870316482436e+00
1.512737870316482436e+00
1.512737870316482436e+00
1.203154366994653390e+00
-1.242788155286237650e+00
8.095701431978186147e-01
4.144369668165375220e-01
4.275369668164920589e-01
2.115774134279249541e+00
-5.908899206074171850e-01
1.391517870316482330e+00
1.363254507645829339e+00
-1.095245077141752121e+00
1.194052444987204975e+00
1.194052444987204975e+00
-5.885127912473844258e-01
-2.872692387288540705e-01
4.761226965675297018e-01
1.284503623936015693e+00
-8.933856919875876601e-01
1.757281229735585815e-01
2.855425595204412748e-01
1.843795600858312289e-01
6.227025595204283004e-01
3.728731056465365512e+00
-1.571877026441598213e-03
1.856959681046094213e+00
2.958087720868360915e+00
-1.662873748764009063e+00
-1.253856307651420643e+00
2.051325513246659238e+00
1.602699681046032332e+00
2.868324129769827646e+00
1.745532613423997681e+00
1.895046461678766558e+00
1.968343742221650094e+00
2.485902792428490216e+00
2.735440384971928207e+00
4.903957462450687088e-01
5.660431357722617296e-01
8.764714519660705694e-01
1.552127630729547958e+00
-5.239175047294396537e-01
3.422277864234340772e+00
2.182882364224405514e+00
5.401431357722616955e-01
5.810799921789271405e-01
1.422386488667439997e+00
9.805857701107049129e-01
-4.793896331076306083e-01
1.547736057734744097e+00
7.921019363535547475e-01
7.351276307295482315e-01
1.378527630729547981e+00
-8.620115266112398089e-01
-8.620115266112396979e-01
-1.988974904854859393e-01
1.589792003021995637e+00
6.669363810841106854e-01
5.157342774707136535e-01
2.032356717757261233e+00
1.403005770110704375e+00
3.422277864234340772e+00
1.602949360923834110e+00
1.564564834497946588e+00
1.028031551621989337e+00
9.595978703164825818e-01
2.897620645322622757e+00
1.703423742221650050e+00
2.152180440437888365e+00
2.694687720868361502e+00
2.368386795497828157e+00
2.135597962082553369e+00
2.135597962082553369e+00
2.135597962083043644e+00
-1.961430895849063827e+00
7.928578080115357418e-02
4.261833708558325107e+00
2.057642529444176915e+00
2.700543787636266124e+00
2.357657047350174562e+00
2.577929785080155245e+00
2.380447899074681573e+00
2.424950320874787124e+00
2.424950320874787124e+00
1.841540674174338976e+00
3.083543568229695442e+00
1.918239110964305327e+00
3.999585508761900332e-01
9.029766599374979830e-01
7.541135993905405677e-01
2.040337125608187030e-01
2.749880440437808993e+00
2.866180440437889221e+00
1.177256418220187228e+00
8.111701431975272270e-01
2.886398025532612266e+00
1.832361188718679479e+00
5.029450033632771877e-01
-5.883705598887409849e-01
5.606213700240119113e-01
1.796582914254363450e+00
2.382531789120721832e+00
2.129545426436988631e+00
2.972625281447622392e+00
2.814049433801890654e+00
2.396233211655812934e+00
2.396233211655812934e+00
2.225510944743724462e+00
2.417869802765796550e+00
2.317470442154321297e+00
2.166390442154320972e+00
2.166390442154320972e+00
2.166390442154320972e+00
2.582367686860606248e+00
2.582367686860606248e+00
2.244348735085121227e+00
2.244348735085121227e+00
1.096576526175055299e+00
3.431530901223056595e+00
2.321286774348166215e+00
9.433869774891423532e-01
1.562293752410260472e+00
1.562293752410257364e+00
2.899925219820591149e+00
2.899925219820868261e+00
-2.932463059197412680e-01
8.422596983476614563e-01
-3.331732837180478857e-02
5.259240168213443756e-01
1.955018569823107066e-01
1.908064018154441710e+00
2.906219158747010756e+00
2.650033737867075967e+00
1.801583914025443489e+00
1.930983914024435588e+00
-7.109749048548603956e-02
3.081192410618432298e+00
2.706514887176622697e+00
1.685893595760826980e+00
2.054331884607154990e+00
1.789325513246658561e+00
1.132946024657630613e+00
2.583676533115453200e+00
2.583676533115453200e+00
2.891407919408901517e+00
2.102202769192939247e+00
2.949403303130698539e+00
2.949403303130698539e+00
1.801900123938603882e+00
1.749981474116255598e+00
8.641756428520642741e-01
7.062135993905405140e-01
3.432857808062310667e-01
6.003540013540070719e-01
2.361180440437808947e+00
2.128120019989069966e+00
1.596036521735448632e+00
2.313431167738148719e+00
3.977390842626848944e-02
7.632701431978186069e-01
2.852183124709875006e+00
3.747021275717376643e+00
1.145946637175247140e+00
1.596490350122209412e-01
1.873531299372384495e+00
3.776631056465365788e+00
1.497953362995119608e+00
-1.853481256178573511e-01
-2.193057981677451196e-01
3.321921705053525908e+00
-7.640308573273418835e-01
1.048941613252981853e+00
-3.225630765142069312e-02
-1.002127912473843585e-01
1.374334552175360713e+00
-2.621877430692286515e-01
-2.621877430692288180e-01
1.735739681046094107e+00
1.735739681046094107e+00
1.735739681046094107e+00
1.886819681046093988e+00
1.886819681046093988e+00
1.246534277470713548e+00
1.933980440437808701e+00
2.404049522515280479e+00
7.062135993905406250e-01
7.217188063388307873e-01
2.553833737867076792e+00
3.728731056465365512e+00
-6.883870028642026240e-01
-6.550896331076947465e-01
1.188482783583291624e+00
8.309747378362816184e-01
1.096190092941544680e+00
2.931079020430990667e+00
1.677797874058938099e+00
2.186512713923058460e+00
2.186512713923058460e+00
2.186512713923058460e+00
1.363351825399540251e+00
2.917183156954690215e-01
-2.951746186044797438e-01
9.093763810841106743e-01
9.093763810841102302e-01
1.134219992178927106e+00
9.093763810841102302e-01
1.435752557897512771e+00
2.846778523054794174e+00
1.586345664724564397e+00
-6.498721954475334961e-01
1.523458460035930440e+00
3.415919453456334409e+00
-6.900973204619973433e-01
1.782480808074786982e-01
2.951792410615538653e+00
2.496295422326699764e+00
2.250608464395746910e+00
4.467114776733559722e+00
1.343052965952631128e+00
1.583634552174367105e+00
1.583634552174366883e+00
2.981207190472763280e+00
2.012314397597249283e+00
2.077975020317594623e+00
-5.231279124739909858e-02
1.460564479531008653e+00
1.460564479531008653e+00
1.681299681046094063e+00
1.681299681046094063e+00
2.655049565124749655e+00
-9.377730343247014932e-02
1.015693412156769115e+00
3.812369668165374037e-01
1.567574277470713540e+00
1.827133143376601820e+00
-5.839252435751186576e-01
5.895031061971566233e-01
5.220103668923053997e-01
9.777346023085037308e-01
2.046943742221650098e+00
2.334143742221650442e+00
2.050023742221650291e+00
1.802519681046094169e+00
3.296879020430990792e+00
2.132072713923058416e+00
1.824297327570170824e+00
2.070264333226359721e+00
1.802519681046094169e+00
2.952780440437810405e+00
1.458297870316482392e+00
1.458297870316482392e+00
1.233172713923058383e+00
1.025857500693415414e+00
1.229586217286841476e+00
1.229586217286841698e+00
1.798796218124807167e+00
1.547240792017070987e+00
1.667472585358697135e+00
1.025440880341183414e+00
-9.128465030482448839e-01
5.430500929415447153e-01
7.398235240366791698e-01
1.747132613423997727e+00
-6.243282097703719558e-01
1.409896381084110750e+00
-2.946138407929497216e-01
1.283161097447706123e+00
1.530982364224404924e+00
2.005012003021994893e+00
2.457241908492601823e+00
2.457241908492601823e+00
1.011154366994653442e+00
-2.142877430692286256e-01
2.299523742221650124e+00
2.990655378274783005e-01
2.668200440437808574e+00
4.903957462450688198e-01
1.804580440437888011e+00
1.134553819688284726e+00
1.134553819688284726e+00
1.720689522516835934e+00
1.070034552174367048e+00
1.465068478989708822e+00
1.186634552174367085e+00
-4.129881552862377236e-01
1.501954552174367130e+00
-2.137896331076305223e-01
9.079019363535549836e-01
9.079019363535549836e-01
-4.343354773517312806e-01
1.030272713923058303e+00
9.533276307295481811e-01
2.203256717757261729e+00
1.012999992178926778e+00
1.012999992178926778e+00
1.656123742221649930e+00
1.303819681046094026e+00
1.303819681046094026e+00
1.933980440437808701e+00
1.703812003021995647e+00
2.572226795497828622e+00
2.034408478989708779e+00
3.249183156954691398e-01
9.389701431975271406e-01
1.363254507645829339e+00
1.640745076458295648e-01
3.665676422780834276e+00
1.968343742221650094e+00
1.848403108364505831e+00
-1.022785691987588175e+00
8.207397644753613442e-01
1.603032613423997832e+00
-6.686107608729315865e-01
5.258682111518325764e-01
2.365896717757261403e+00
2.365896717757260515e+00
2.485902792428491104e+00
7.902184740049611467e-01
1.529964479531008559e+00
4.103773734831523079e+00
1.463883515583328743e+00
-4.559254228409568843e-01
7.902184740049611467e-01
7.902184740049611467e-01
1.265796381084110633e+00
1.920829843198572862e+00
1.636709843198572933e+00
3.776640645322624223e+00
8.500799921789271574e-01
8.116346023085038164e-01
-5.231279124738447139e-02
2.063795600857503409e-01
-3.452295623561201787e-01
5.258682111531640668e-01
5.890966489202040801e-01
7.881563810841106799e-01
9.392363810841102278e-01
5.890966489202040801e-01
5.890966489202040801e-01
1.131443623936015719e+00
2.485902792428491104e+00
2.485902792428491104e+00
2.485902792428490216e+00
1.885140745204554324e+00
1.915950126713668267e+00
6.438288679485218990e-01
2.693578517243395254e+00
2.364682792428490554e+00
3.408179977154960127e+00
1.097355452408004028e+00
1.585335364090520116e+00
1.585335364090520116e+00
1.451791790396073534e+00
1.069035364090520135e+00
2.014040069238824504e+00
3.322622945510268266e+00
1.476761516448620304e+00
-9.404093725460117570e-01
1.480672713923058215e+00
1.379237744632533902e+00
2.624510932317166034e+00
1.288803106197156545e+00
3.501825829899738007e+00
1.537181617378052589e+00
1.819157744632533769e+00
2.660175004675666255e+00
1.901239066771472030e+00
2.638749452789186378e+00
4.249052066567414521e+00
-1.151798220108041226e-01
4.610252374157670197e+00
2.303156801434269152e+00
9.389701431975271406e-01
1.007936648920204181e+00
2.549887792694783162e+00
1.799109936451854574e+00
3.422277864234339884e+00
2.818205092431569359e+00
3.101004045037969892e+00
3.175704045037971213e+00
3.051352284500611134e+00
2.985833734831520481e+00
4.061601535984647349e+00
2.904820645322623740e+00
2.023620745204554261e+00
2.159793252698883226e+00
2.104354134279250221e+00
1.483623742221650055e+00
3.313633734831522126e+00
2.737459108078609926e+00
2.350579571343004659e+00
2.624382792428490596e+00
2.167019053823791452e+00
1.514960592530606442e+00
2.495466371752469992e-01
9.220878079795266635e-02
-3.049354773517311545e-01
-1.964290748226529715e+00
-2.126877430692288296e-01
2.415823742221650861e+00
-2.004974904854859297e-01
8.422596983476614563e-01
1.884199681046094144e+00
-5.995712367014116584e-01
2.855425595204412748e-01
4.678766489202042522e-01
7.633575303723916239e-01
6.370938726156630261e-02
3.562363810841107092e-01
3.562363810841108203e-01
9.226345521743670730e-01
1.791047885379713767e-01
1.134147282206193763e+00
1.134147282206193763e+00
-1.369945124626696653e-01
-2.974358929693886600e-01
-8.522425375493125621e-02
1.763920745204553775e+00
1.891484804435676903e+00
8.783016486588901550e-01
-7.713168256183855487e-01
4.471307977169608705e+00
2.538411428738312492e-01
1.625778035571304070e+00
7.732358860192947159e-01
-6.878168430453078519e-02
2.064164333226118586e+00
2.276360384971927608e+00
1.943082364224405056e+00
1.426751665141746228e+00
1.831720019989069970e+00
8.370827835823795304e-01
1.696725513245789463e+00
1.246562518558669730e+00
1.485091683632213888e+00
1.622014277470713584e+00
-9.256289190051896210e-01
3.438011723809187847e-01
8.490341312846022559e-02
1.318389108897340123e-01
1.437528540773136410e+00
-3.200526485183098901e-01
-3.795065532403244513e-01
3.693044308341795645e+00
1.827998664563472264e+00
3.284143839128364828e+00
3.724026115750588950e+00
2.474980563599942673e+00
4.874086010190149310e+00
-1.399497795119354904e-01
2.293488492624193409e+00
3.296431056465364939e+00
2.101383742221650586e+00
2.535124479531009278e+00
2.650157568802554930e+00
1.516883404034782501e+00
1.892096235378383229e+00
2.461449452789186587e+00
1.535965206717965437e+00
2.523612657586046915e+00
1.120796475896858713e+00
-1.191057820890800034e+00
-5.150264061834977092e-01
1.377433286025187886e+00
3.369298611402808952e+00
-4.836851505796574413e-01
-5.153682973664682754e-01
3.755683322850820738e-01
1.508718487181569312e+00
1.551373378918285750e+00
1.264091167738148780e+00
4.967170064339767599e+00
2.642932786777111964e+00
6.777220242495499147e-02
3.231317825591502046e+00
-4.424411210756373225e-01
1.112551874813041186e+00
2.019106066135705202e+00
-1.756857820890799671e+00
2.197078925656752446e+00
8.707727139230586610e-01
7.197345521743672148e-01
9.805857701107051350e-01
5.702744046438433800e-01
2.958087720868360915e+00
1.866178693620714091e+00
1.354760716245086982e+00
3.016973275701707036e-01
1.646147686860605752e+00
3.348191904465344759e+00
3.697350270102003122e+00
4.060566181287322607e+00
2.314317848559576785e+00
8.514278911879993306e-01
-1.110815939216514447e+00
8.095345521743666506e-01
3.350337125608190969e-01
-4.032784350418814889e-01
6.545353640905205994e-01
-1.040685518844166380e+00
2.573064786264525061e+00
8.312295461148289100e-01
1.139973819688284262e+00
-1.500238752718601853e+00
9.360128770054353398e-01
2.128398390995004608e+00
9.121831083645058902e-01
8.679125063818967645e-01
8.679125063818827757e-01
-1.056223639539106252e+00
7.921019363535547475e-01
2.655530996563200130e+00
1.828909843198572860e+00
1.256934802894565939e+00
-3.205525592366170740e-01
-2.377992875758597524e+00
2.606447400390019542e+00
3.733613722300086035e+00
1.145607061521563441e+00
1.773694344119449262e+00
8.829377446325337164e-01
8.829377446325337164e-01
3.624844115560549085e+00
6.651044450296658139e-01
7.055686113415740035e-01
3.074015710182918415e+00
-6.790938407929497656e-01
3.395660113408010439e+00
-1.381007775615864519e+00
3.565352774871055175e+00
4.724425500160796432e+00
1.901964758968587299e-01
-1.026673510812411982e-01
1.043306102244611289e+00
1.779958501214855104e+00
2.016376329728911121e-01
1.849791072471770992e+00
3.842159974065358696e+00
9.390720196096565831e-01
1.993895422326700029e+00
2.405008661432913364e+00
3.240669305600723860e+00
1.141597040850869105e+00
1.087745514829813187e+00
1.934166143817866113e+00
1.565533362995115585e+00
2.259190743687630398e+00
3.259557864234340130e+00
3.410202841650289418e+00
4.715234819088784057e+00
4.322247069301179856e+00
3.906978378120311124e+00
-2.880478252499622527e-01
4.696085177410713740e+00
3.674002433392562494e+00
5.137532060382482335e+00
-1.886263084934040712e+00
4.413399615796535613e+00
4.413399615796535613e+00
1.870490669688514407e+00
3.520314593411629778e-01
1.459765932696065693e+00
2.596761973477072605e+00
2.519005959039838594e+00
2.507543787636265620e+00
2.608110171964395985e+00
2.391982276102820659e+00
-5.984849555684246258e-01
1.776450925038647322e+00
9.133254148125768968e-03
1.685637452385954749e+00
1.119030312765359803e+00
2.066483630910026292e+00
2.275339507052386967e+00
7.189031061971565828e-01
2.697933737867077575e+00
3.460962390584788828e+00
1.041152251135125661e+00
9.599051249613749226e-01
2.890490350122626451e-01
2.874490350122629323e-01
2.623632230364705276e+00
2.261394344119990851e+00
-2.162626301665211415e+00
2.586629835913343722e+00
2.286173988220324915e+00
1.263883630910026756e+00
1.028580076844459734e+00
3.065218283355474860e+00
2.357327725007545727e+00
4.149450042281768170e+00
1.444484428097843942e+00
1.444484428097843276e+00
2.571244475769888016e+00
1.594735916847915824e+00
1.797318856341229454e+00
1.809503768934871637e+00
4.714735868185911727e+00
2.512858091264950744e+00
1.864031178725191973e+00
1.992045788933323847e+00
3.417009130078224377e+00
1.927078426872059547e+00
2.359347686860872706e+00
2.359347686860872706e+00
1.857455633977008080e+00
1.857455633977008080e+00
3.196117019875228671e+00
2.012899023991316483e+00
2.012899023976014945e+00
1.982083705150012864e+00
1.642203157077118503e+00
2.321286774348166215e+00
2.781073061432901117e+00
3.404937309701771220e+00
1.195662628495956836e+00
2.628440329327987879e+00
-3.578737098067339417e-01
2.319381372254591955e+00
1.425082306075115657e+00
5.297531683042183914e+00
2.845838930210381257e+00
3.754772596580534749e+00
3.402833028130397341e+00
3.784636222179516896e+00
3.672349865876977759e+00
2.551761626151472395e+00
2.134403303130698148e+00
2.658200650333180537e+00
3.398241781258848349e-01
3.869442377905852659e+00
1.905002137087093317e+00
-2.091348466506649795e-01
1.215711097604905921e+00
5.911184500418625865e-01
1.053941944941968911e+00
8.344399856861037801e-01
3.629507338854104148e+00
4.392101395800374064e-02
4.483278781982346750e+00
4.740581950077267237e+00
2.342301720079270400e+00
2.094922743316560254e+00
-3.143155949080749800e-01
2.894816586766481237e+00
1.275366242162475183e+00
9.698891345670866970e-01
3.992204485047877505e+00
1.202008907237507085e+00
5.778031970819506036e-01
1.850961806164880263e+00
1.850961806164880485e+00
-1.021572559236617384e+00
3.121852242859610271e+00
1.883547849496294502e+00
1.726347706212332023e+00
-1.930935033081635943e+00
1.389239953544758155e+00
3.033133734831522155e+00
2.798826414739618684e+00
2.918661085696315105e+00
3.054881788667604958e+00
3.054881788667604958e+00
4.220420785929547947e+00
7.197060655484931457e-01
3.007524381233409372e+00
2.841950336018940426e+00
3.585195091948204293e+00
2.038331721209431624e+00
3.666695017330725559e+00
4.308178257676308576e+00
2.583676533115453200e+00
2.137480955839131447e+00
2.189935036947921354e+00
2.189935036947921354e+00
4.088485177410713156e+00
4.088485177410713156e+00
1.343002948794152607e+00
2.566464999425419613e+00
2.949403303130698539e+00
1.749981474116255598e+00
1.378170224788509923e+00
3.599911030484291619e+00
3.356888462155475761e+00
2.997044974930167083e+00
4.153422366662709031e+00
1.306646461125314795e+00
1.306646461125314795e+00
1.306646461125314795e+00
3.109471990400319186e+00
3.055040351409643140e+00
-2.588762313541124183e-01
2.791288162155139752e+00
1.082674841364147378e+00
1.983788283077653647e+00
4.407705688182836035e+00
1.084413458505667061e+00
2.150956459520201314e+00
2.213617596407131405e+00
4.248413044370208391e-01
2.035883630910026554e+00
1.165817843907588136e+00
2.492207639422221011e+00
1.843191683632213973e+00
4.346834955644832910e+00
9.040829842180154730e-01
1.596929998449607924e+00
1.024293143376601600e+00
2.411490350122208470e-01
3.689273473226217348e+00
1.854647021937134488e+00
1.073083903446001353e+00
1.079388478989709022e+00
2.907422945510267809e+00
1.081089014868614084e+00
-1.112974387261009834e+00
-9.554043786603600985e-01
1.530709522515280030e+00
2.247844560062269847e-01
-1.440924908200575671e-01
4.931353640905203894e-01
2.849475961631285692e+00
1.008605483791585655e+00
2.663819066814268943e+00
2.541103611686319930e+00
3.105579009602849716e+00
9.823790407798446145e-01
4.675446965215105166e+00
3.958743705738092089e+00
2.055791003817884377e+00
1.577603599386324218e+00
3.753497411097106440e+00
1.268088110596931273e+00
2.781383890624952393e+00
-6.246387527186860744e-01
3.181192119215483061e+00
1.649935728806096957e+00
1.649935728806096513e+00
1.966064333226118510e+00
1.465864479531008735e+00
1.465864479531008735e+00
1.465864479531008735e+00
4.401978658531890964e+00
2.198698447439003945e-01
2.051592633305866720e+00
1.511452965952631011e+00
1.374334552175360713e+00
3.146812292094942620e+00
1.994924018400104915e+00
4.296833290967401742e-01
1.379574277470713373e+00
2.135123384593574869e+00
1.016033468538450002e+00
2.799392284500612504e+00
5.524884040127037821e+00
-5.189259418520573153e-01
2.315098854159449715e+00
2.258606512331937211e+00
1.677797874058938099e+00
1.677797874058938099e+00
4.079626958247083657e+00
-8.782347673651043352e-02
3.486809305600725217e+00
2.272704333226118756e+00
1.793126449580302539e+00
1.001179992178927058e+00
5.328085598481504537e-01
5.328085598481503427e-01
2.244674532256320632e+00
2.996407218661683913e+00
-5.683721954475332572e-01
5.745630187192300120e+00
3.068009291967923602e+00
1.123098441267588843e+00
1.123098441267588843e+00
1.123098441267588621e+00
1.123098441267588621e+00
1.123098441267588843e+00
2.410829418708734018e+00
2.410829418708734018e+00
6.995870168672436717e-01
9.770937180785388421e-01
2.957716611004817864e+00
1.302815820938720837e+00
1.302815820938721059e+00
1.302815820938721503e+00
2.071546636414695275e+00
3.415919453456335297e+00
2.831874272433555495e-01
3.510972860369715232e+00
3.558894076329497835e+00
3.875413095422133303e+00
-6.139053769551864326e-01
2.784435360490860489e+00
2.784435360490860489e+00
2.568538027020608183e+00
1.247423768879244665e+00
1.247423768879483807e+00
1.247423768879244665e+00
1.247423768879244665e+00
1.247423768879244665e+00
1.595806051335804332e+00
3.177530699322004271e+00
3.510972860369715232e+00
8.470916978108375961e-01
-1.677519191925213315e-01
-1.762475558424704714e+00
4.553944234469318175e+00
4.553944234469317287e+00
2.954418095460845439e+00
7.606933245423688206e-01
3.135562334333434897e+00
3.469402841650290004e+00
5.437268301788205527e+00
4.378491904465344753e+00
2.579543277236825194e+00
3.312943781064264126e+00
2.737352284500611077e+00
3.164552284500611989e+00
1.831841817839736208e+00
3.315536221815846396e+00
3.882005380005234763e+00
3.005564468202748696e+00
3.432764468202726515e+00
2.889254539626048501e+00
1.631701098060716948e+00
1.888983384593575066e+00
1.039336875041292796e+00
2.289871046754400119e+00
5.136711949743929750e+00
3.288651586096507984e+00
3.453714035326068466e+00
4.206286336056473729e+00
4.817281643867847407e+00
2.306271686948426491e-01
1.611656971888934198e+00
3.885767719301660983e-01
1.859215197577961609e+00
2.444140837351369555e+00
2.671953928945176138e+00
4.071767600190987935e+00
-2.184857750775597851e-01
1.362080983703773285e+00
5.395513980308774826e+00
1.943403599386324121e+00
3.214936438934467677e+00
1.199264479531008565e+00
8.073826586628485291e-01
1.612723704384467327e+00
2.109709529888420310e+00
2.077975020317594179e+00
1.495107061521563363e+00
1.611102300763684880e+00
-2.951343449125111151e-01
1.403709843198662766e+00
1.676364333226118219e+00
2.080683384593575269e+00
1.188454366994653455e+00
3.792170936453771901e+00
2.222312230364704710e+00
6.665491911977662332e-01
1.978939507052387414e+00
1.827133143376601820e+00
1.827133143376601820e+00
4.718433708558325890e+00
-5.837260260289179881e-01
1.339756971891005843e+00
1.353170502265311770e+00
8.281493995775804917e-01
3.830764182201873980e-01
-6.362725835952146580e-01
2.270064479531008317e+00
5.637835135212317939e-01
-5.204721954475330925e-01
1.486375276807386347e+00
1.436693143376601700e+00
1.450584456006227096e+00
4.208574874098959917e+00
3.727407361450540080e+00
3.995789767613784793e+00
5.111804184893605552e+00
4.185649819827820473e+00
2.876156422780833832e+00
2.476946521705507109e+00
-7.479556448336688312e-01
4.446157619210468148e+00
1.581012186045412049e+00
2.030945810207120505e+00
1.667472585358696691e+00
1.838024817439686931e+00
2.062896266051516658e+00
4.165923705738094007e+00
-1.640837890333356697e+00
1.895040853351531718e+00
1.876096739258601209e+00
2.652221847754225426e+00
3.061587079622873908e+00
3.135284468202726327e+00
6.925159179156770151e-01
-2.725780454649079365e-02
5.273593086716471312e+00
1.837639992178927040e+00
7.766594136606519427e-01
-3.896779078774125438e+00
-5.356920404016209947e-01
-1.444343690439381378e+00
1.182694223527881228e+00
-2.673516598374519049e-01
9.188624273175828305e-01
-1.659486009362848291e+00
-1.922027149886019526e+00
-6.763011781400778411e-01
4.070377446325337267e-01
1.141768478989708901e+00
-2.583648441659114336e-02
1.107091639396941884e+00
1.107091639396941662e+00
1.107091639396941440e+00
-9.468344621725219845e-01
1.069969308010714437e+00
2.661417570599940774e+00
1.084211845269196894e+00
3.259194205529408972e+00
-5.801107608729315634e-01
6.638931433766014356e-01
1.653273819688284130e+00
-2.046500647034196874e+00
-9.545175047294399695e-01
1.024334121567690575e-01
-1.591125422840957038e+00
1.036494713769867904e+00
1.036494713769867682e+00
1.325472713923058210e+00
1.325472713923058210e+00
1.325472713923058210e+00
2.750731691355193576e+00
2.828831691355193190e+00
2.165075020317594579e+00
3.184416311113890785e+00
1.270435262009412369e+00
1.239673611710068180e+00
-1.144614726384773462e+00
2.983764182201875115e-01
1.333366032869251150e+00
2.332986401857816805e+00
1.798701429746374370e+00
-1.367889473134987988e+00
-1.819016675286563745e+00
-8.950879231545717518e-01
2.605285598481503762e-01
-5.726345124626696093e-01
7.587564990797008857e-01
1.643970925094333069e+00
1.825175276807385893e+00
2.225977962082553052e+00
2.646212341632881770e+00
7.806310976049057881e-01
1.708783552548198026e+00
1.232741707804402953e+00
2.229287538022176829e+00
2.123375276807385692e+00
2.371298390995005168e+00
2.327267360953818809e+00
1.429311769494716833e+00
-5.365220451553081443e-02
2.005691828647208741e+00
2.005691828647208741e+00
2.005691828647208741e+00
2.344803391045894525e+00
3.348194010492326456e+00
1.213052443784711221e+00
2.131239507052387072e+00
-7.968600528020546303e-01
5.294310976049059203e-01
-3.989443636865060983e-01
4.390755402410365882e+00
5.062195564602315123e+00
1.180341017722118080e+00
4.418907069681258015e+00
2.677775020317596066e+00
5.233450033632769394e-01
1.227391003817884130e+00
1.763920745204553775e+00
1.763920745204554219e+00
1.891484804435677569e+00
3.550310619715635330e-02
4.166565149656363154e+00
2.994696435905606968e+00
3.120229265619056225e+00
2.268050404484327931e+00
4.458441841309552345e+00
3.339637491433600225e-01
1.087525444871581676e-01
3.276514325464827682e+00
2.263061422336790418e+00
3.118728242038369736e+00
-7.900722333899825589e-01
3.114322922849443120e+00
4.596093980956410974e+00
5.850486291199633371e+00
2.832256405563474466e+00
7.419516423297375929e-02
2.052967255312966532e+00
1.933734344119990345e+00
2.906862998630960426e+00
7.663082006734983631e-01
2.101290873622876365e+00
7.801520542455379070e-01
7.801520542455379070e-01
1.922325560706156455e+00
1.570083273434725868e+00
1.570083273434725868e+00
3.050422945510267603e+00
1.723153834721009581e+00
2.052980561759175870e+00
3.630610606259270678e+00
1.206132799558014446e+00
1.206132799558014446e+00
1.206132799558228053e+00
1.335263949314340781e+00
1.668664479531008604e+00
1.668664479531008160e+00
1.696183903446700558e+00
3.131621847754224586e+00
5.332450855208974438e-01
1.662360127932972276e+00
2.724144786264525830e+00
1.030272713923058303e+00
1.401372713920847168e+00
1.401372713920847168e+00
1.401372713920847168e+00
8.785931433766015486e-01
7.798143975972492425e-01
1.557752965952630575e+00
1.001047630729548166e+00
1.001047630729548166e+00
1.012999992178927000e+00
1.765190925095499352e+00
2.199999642766290897e+00
2.151229835913342825e+00
-6.470117814007791956e-02
3.308939343805229250e+00
1.072873162791462942e+00
1.848403108364505387e+00
1.848403108364505831e+00
1.848403108364505831e+00
1.848403108364505387e+00
1.575503273434726736e+00
1.575503273434726959e+00
2.805285602625129826e+00
2.500568746453689428e+00
1.257821220662754591e+00
1.704416711625533765e+00
-9.795254228412338948e-01
3.703858669789464875e-01
1.463883515583328743e+00
1.463883515583328743e+00
1.463883515583328077e+00
1.463883515583328077e+00
1.463883515583328521e+00
1.614963515583408782e+00
1.614963515583408782e+00
2.929892762059212785e+00
1.417472509286027194e+00
1.417472509286027194e+00
4.987842323843310610e-01
3.098338868334527874e+00
1.590755364090520541e+00
1.590755364090520541e+00
-1.086681816290445912e+00
-1.227980147913738940e-01
3.689354494614697888e+00
3.345522841650289347e+00
1.995524018399265742e+00
1.959358680858157786e+00
1.959358680858157786e+00
4.387421961572264273e-01
-1.460358929693885421e-01
1.112035072831256244e+00
1.849293872615662970e-01
-3.126341330210491432e-01
7.881563810841106799e-01
9.392363810841102278e-01
1.499747630729548087e+00
1.849293872615662970e-01
2.123454532256320526e+00
1.213828607575582197e+00
8.625922594896163753e-01
3.054399750713311601e+00
-1.360915767615668903e+00
6.601741658286454095e-01
-9.027578208908002555e-01
2.738649868151665778e+00
7.819660381655015868e-01
2.235826715749637650e+00
4.875902445126857110e+00
2.477386589196119981e+00
7.448161289227048787e-01
2.924778504785576771e+00
2.002234532256319977e+00
2.002234532256319977e+00
2.002234532256320421e+00
2.838104045037969758e+00
3.947598796539132593e+00
2.641698390994801748e+00
1.514960592530606442e+00
1.514960592530606442e+00
3.714689988002518373e+00
1.978977394386370436e+00
1.575829553609032985e+00
1.154510012907127292e+00
3.988597330051426582e+00
3.750226967909322973e+00
3.752938865008299985e+00
-2.382857606587825972e-01
-3.389809368194189321e-01
4.054078925656754429e+00
2.633956953366517695e+00
7.106141330711851500e-01
1.257972509286026996e+00
1.257972509286027218e+00
1.257972509286027218e+00
1.669264456006227304e+00
1.669264456006227304e+00
7.411492590561605809e-01
7.411492590561019611e-01
7.411492590561019611e-01
7.411492590561019611e-01
1.088871301795990787e+00
1.088871301795990787e+00
1.148414397597249392e+00
1.069035364090520579e+00
1.069035364090520579e+00
2.885380010370925508e+00
2.885380010370925508e+00
1.481775078941887758e+00
1.311735442074882796e+00
1.311735442074391189e+00
2.343761984779837160e-01
2.343761984779839103e-01
1.429679352559124705e+00
1.429679352559124705e+00
2.014040069238824504e+00
2.014040069238824504e+00
3.322622945510268266e+00
4.899962615385448750e+00
-1.227980147913738940e-01
4.881903195561099196e+00
3.264029337581682899e+00
2.968969502739208011e+00
1.555289330957581928e+00
1.013932165384763495e+00
8.807334649304262575e-01
1.481775078942424440e+00
5.263866832619374936e-01
-7.910147263847729926e-01
2.775812877003737356e+00
2.497735262009413759e+00
2.853989628193639660e+00
1.225146754750486178e+00
1.225146754750485734e+00
1.588361343245391577e+00
1.588361343245391799e+00
1.588361343245391577e+00
1.556172509286027017e+00
1.556172509286027017e+00
3.448832156247456648e+00
3.448832156247457537e+00
1.812375768634241657e+00
1.812375768634241213e+00
1.160975768634241456e+00
2.998713368079437558e+00
3.754695238706476701e+00
1.664797327570170848e+00
1.664797327570170848e+00
1.839161944941707372e+00
3.939025681470795792e+00
1.121476198477983743e+00
-4.191394807111890053e-01
2.020458751063956448e+00
2.566549522016198459e+00
4.746296163182679884e+00
4.967645770433660179e-01
8.504785785696398204e-01
-1.038431380273220489e-01
-1.974595266727668275e+00
2.172003643605759038e+00
2.172003643605759038e+00
2.172003643605759038e+00
1.893942734879968004e+00
1.051599670807399356e+00
2.338952965062533806e+00
-1.342349135468000165e+00
1.464303683499620812e+00
4.337510109442633599e+00
3.370771865140896661e+00
2.230704901111041139e+00
1.813536910149193826e+00
1.095235087846010202e+00
3.550310619715635330e-02
1.923171159389812424e+00
3.662247730297393478e+00
3.553827738563195116e+00
2.431408896576889411e+00
2.113338858520100505e+00
2.953048162155139877e+00
1.366551825399540343e+00
2.285894277470714275e+00
-1.246886238005704861e+00
-3.193827149886245831e+00
-1.639064858071875186e+00
-2.238057282529016589e+00
2.020410338826572172e+00
2.624470144921405623e+00
1.734064804435677676e+00
1.434988699657861355e+00
1.539472019609656739e+00
3.552916336747246273e+00
5.667638201496943751e+00
3.114169204371295407e+00
-1.968358576070524446e+00
-2.114282094088346664e+00
3.705870370807932357e+00
4.028102976716685824e+00
3.920502197440522973e+00
4.791481027400585901e+00
5.003788177505531287e+00
1.159863749143360101e+00
2.945711985839935654e+00
3.624844115560549085e+00
2.818205092431570247e+00
2.818205092431569359e+00
2.041631114458071217e+00
2.543264345550677152e+00
5.152546311251020583e+00
3.910524485047877086e+00
8.980700168170835385e-01
3.573879571343006045e+00
3.101004045037969892e+00
4.312834440555792348e+00
3.040378648361302005e+00
4.794720196096569631e-01
4.572871029342389093e-01
5.472644958030248308e-02
1.169139507052387339e+00
3.234631691355193350e+00
2.376592119215481969e+00
2.995545996561140623e+00
3.391724115560548647e+00
3.281112558244621891e+00
2.436064333226118261e+00
5.137536569096919914e-01
1.157972713923058006e+00
6.566874575496626232e-01
6.566874575496626232e-01
1.305401936353554726e+00
5.983444747865414026e-01
3.884544115560548683e+00
1.343573611710068727e+00
1.091980369195713063e+00
2.128031143676671455e+00
4.716943205923460170e+00
1.097205594095641334e+00
3.858338381214778234e+00
7.449274059500441414e-01
1.239327405950713779e+00
2.032420899694341809e+00
2.162074186378772911e+00
-6.518439657501552409e-01
9.406151644862026373e-02
-4.768640060945954218e-02
-1.901864006094595438e-01
1.444585905636144751e+00
4.764953302553547765e+00
2.460124389039299864e+00
1.552433879002961037e+00
3.930282743246390709e+00
4.340743424132495143e+00
2.920153219597964700e+00
1.684037452385954925e+00
2.470641860591054506e+00
2.766703666261235206e+00
-1.844957021747123838e+00
3.469736245973342736e+00
2.350971097818986610e+00
2.282507061521563685e+00
4.443898157166994878e+00
2.841785345345140712e+00
1.869875020317594672e+00
-1.273159392165152393e-01
3.400217053105993870e+00
3.134962213098855255e-01
-9.807528243436011151e-01
1.993648001034107331e-01
-5.116398508738922990e-01
-5.674934880869475506e-01
3.547857856963965162e-02
4.290254716661596746e+00
4.678766489202041412e-01
3.392265866284843723e-02
3.392265866284843723e-02
3.392265866284843723e-02
6.367917903960734760e-01
6.367917903960734760e-01
6.367917903960735870e-01
6.370938726156630261e-02
6.370938726156630261e-02
6.370938726156630261e-02
4.967354420743911869e-01
4.967354420748829047e-01
4.967354420743911869e-01
4.967354420743911869e-01
4.967354420748829047e-01
4.967354420743911869e-01
4.735538196882844719e-01
3.916019363535550024e-01
5.914047885379711822e-01
1.849093872615662215e-01
2.337721847754225202e+00
6.722693825725668815e-02
-1.369945124626696653e-01
-7.696234767365105478e-01
5.345455798147380477e-01
5.345455798147380477e-01
-9.962660787560297937e-01
3.478787087203460526e+00
1.763920745204553775e+00
1.763920745204553775e+00
1.763920745204553775e+00
1.763920745204392571e+00
1.763920745204393015e+00
1.960812877005435384e+00
1.960812877003736299e+00
1.479184804435677236e+00
1.891484804435677569e+00
1.479184804435677458e+00
1.891484804435677569e+00
1.891484804435677569e+00
4.585999665073307696e+00
1.567826584215290531e+00
1.657139507052386662e+00
3.584890953390073243e+00
1.455346722901242673e+00
4.993911694638002885e+00
4.251000354190185071e+00
1.119030312765359803e+00
1.118076463557286626e+00
3.309136801252850368e+00
1.789637194107730034e+00
2.352571097818986878e+00
2.472241860591054330e+00
3.018244981519271342e+00
4.471307977169608705e+00
3.217038774026060644e+00
4.346582242131548313e+00
2.871387898730663579e+00
-1.797767001905125284e+00
2.000727139230584206e-01
3.053976247748579009e+00
3.984506414739599656e+00
3.718426414739620434e+00
3.297905688182834361e+00
1.997694277470713597e+00
-1.411918678820136108e+00
-9.850821822898748747e-01
5.316584873584860871e-01
-3.682145865021883568e-01
-1.935532136152867677e-01
4.300069107805169821e+00
-7.598814060692850036e-01
3.474552495385116568e+00
3.237183781064263854e+00
-1.281193936865245853e+00
1.399582364224404962e+00
-1.296201072149242295e-01
4.960214520710715114e+00
-1.715658183484914945e+00
-1.513269630180974046e+00
-8.064275742381452616e-01
-1.225212185863200354e+00
2.193040898597006905e+00
5.400159088353349013e+00
1.270380361353007137e+00
3.500895002622848029e+00
2.079552835569923097e+00
2.770444180019127955e+00
1.889096691980109988e+00
2.293488492622186570e+00
2.293488492622187014e+00
2.602188443585403910e+00
4.347704145729172964e+00
4.302442977201772933e+00
-5.224060259920625393e-01
3.148725906554270981e+00
1.418899167405785366e+00
1.332576771929754322e+00
1.311791003817884160e+00
3.271145956664545107e+00
-9.750143743194559232e-01
1.170831863303437581e+00
1.070938067129766358e+00
1.374614131443253617e+00
2.731748899015112642e+00
-9.255110491542071216e-01
1.299141158174510480e+00
2.238683146092625531e+00
5.549091892758025502e+00
4.982643545902934790e+00
2.832455343315106067e+00
-1.924136449245449354e+00
3.166235092486902492e+00
1.672667269993377337e+00
2.954440161146755006e+00
2.642992839759321200e+00
-2.174976992363149841e-01
9.156070615215639030e-01
-1.112974387261009834e+00
-1.155954755479294160e+00
4.278554524080042665e-01
-1.085968938028435554e-01
4.364726388235138366e+00
1.755153362995115707e+00
2.205039066771471656e+00
2.205039066771471656e+00
3.740392141333467535e+00
2.055915020317594877e+00
-1.767301795011749999e+00
1.097355452408004250e+00
1.371210932318482234e+00
9.595978703164825818e-01
1.305401936353554948e+00
1.817321760856023483e+00
1.816241848440075746e+00
3.081034999263025043e+00
3.764415269789495033e-01
-6.420870028642028382e-01
-6.541354773515242194e-01
4.647330446851161145e-01
1.628591918129341787e-01
8.064851799981740399e-01
1.315204958496037246e+00
2.742298025532612371e+00
1.472032613425085401e+00
1.424132613425085125e+00
1.568232613423997668e+00
1.201554366994653567e+00
7.220562973768769321e-01
8.064851799981738179e-01
1.139162896037703709e-01
-2.887664623057143998e-01
1.467326723903055186e+00
1.568232613423997668e+00
1.201554366994653567e+00
7.758912430910560598e-01
4.957811185093704553e-01
1.188454366994653455e+00
1.910839295592009490e+00
1.186854366994653409e+00
3.985329430519879423e-01
1.611102300763685324e+00
-4.478127912473990890e-01
5.017259202962267572e-01
3.001025095145141153e-01
-4.554257981677451994e-01
1.609826723903054813e+00
1.910839295592009490e+00
1.910839295592009490e+00
1.029088563025528869e+00
1.864409781246961773e+00
1.777645226482688634e-01
5.017259202962267572e-01
-5.503239366182528514e-01
3.001025095145141153e-01
3.146812292094942620e+00
2.483207751870189828e+00
1.365953982607229111e+00
1.734470442154320668e+00
1.149092186045412189e+00
1.869454002328065023e+00
1.070034552174367048e+00
1.031963515583409041e+00
1.828909843198572860e+00
-2.621877430692286515e-01
2.724144786264525830e+00
2.271179011345161758e+00
1.775223850727855934e+00
2.581564646774852978e+00
1.456913006316824077e+00
1.082218766093862028e+00
2.141779011345161798e+00
1.158488563025528828e+00
1.158488563025528828e+00
2.294723850727856007e+00
1.254118766093861748e+00
1.781439295592009531e+00
2.205029240703410220e+00
2.157129240703409945e+00
1.480426723903054853e+00
5.312635344283465066e-01
1.976413006316824150e+00
1.925539295592009648e+00
7.220562973768769321e-01
8.939562973768768739e-01
1.775223850727855934e+00
1.953518360820676092e+00
1.534024243482065009e+00
3.449500697486028944e+00
1.456913006316824077e+00
2.093879011345161523e+00
3.130635344283465571e-01
1.432526723903054799e+00
1.609826723903054813e+00
7.330187660938616290e-01
2.958087720868361803e+00
8.641756428520642741e-01
1.441120660715031532e+00
3.661550695869394967e-01
2.161901664580159643e+00
5.804118416454370211e-01
1.254118766093861748e+00
1.856994296211028406e+00
6.227032212675069900e-01
4.029032212675071056e-01
1.330954366994653526e+00
-9.299729462249072265e-01
-7.640308573273419945e-01
2.903685598481503538e-01
2.903685598481503538e-01
6.669363810841106854e-01
-1.026673510812410040e-01
-5.126870028642456223e-01
4.392101395776545902e-02
-1.275972946224907201e+00
6.307851799981740726e-01
-8.949856919875883721e-01
-1.513269630180974046e+00
6.669363810841106854e-01
5.157342774707135424e-01
6.487914635354194992e-01
8.181730626527523587e-01
4.648885630255288337e-01
4.604851799981741212e-01
6.639851799981739688e-01
4.045032212675070404e-01
-1.875918155489226247e-01
1.186854366994653409e+00
-8.933856919875881042e-01
6.669363810841109075e-01
-5.110870028642026108e-01
1.850961806164880485e+00
1.769722425341043515e+00
2.002234532256320421e+00
2.002234532256320421e+00
-1.178746186044796612e-01
2.985739084262685195e-01
7.398235240366791698e-01
2.002234532256320421e+00
1.191682783582379779e+00
2.194237537273997951e+00
2.782198025532612640e+00
1.966064333226359429e+00
1.722416711625533337e+00
-8.620115266112398089e-01
1.978316150113753835e+00
2.197078925656756887e+00
2.234615164487732397e-01
1.523717902296274351e-01
6.833795600858314501e-01
7.774912430910561056e-01
6.480912430910560351e-01
3.510122569307713158e-01
-9.904115716079776588e-01
7.008811185093705154e-01
4.973811185093705012e-01
-6.428115716079771946e-01
-3.037163446731356853e-01
2.383550695869393055e-01
7.652863438972441479e-01
1.043304958496036994e+00
1.343004958495102485e+00
2.093520225102832588e-01
8.955562973768766977e-01
6.676811185093705081e-01
3.679811185093705417e-01
4.615162896037703355e-01
1.043306102244611733e+00
1.043306102244611733e+00
7.806310976049057881e-01
1.607844560062272887e-01
-5.600398508738925196e-01
-6.679005859302512838e-02
-1.806918678820136348e+00
1.763920745204554219e+00
3.826122569307709442e-01
1.791122569307714851e-01
-2.153896331076303183e-01
-6.311881552862373956e-01
-1.354742864726735441e+00
-4.348963310763062640e-02
2.810366892305293796e-03
-3.782115266112397456e-01
1.114925735332539691e+00
-1.402012185863200644e+00
1.083534602308503736e+00
3.001025095145142263e-01
-7.857461860448006208e-02
-3.067461860448006394e-02
2.364682792428490998e+00
-6.767856919875885335e-01
-2.944870028642030957e-01
2.781523022495326902e+00
1.556399681046032324e+00
-1.268536527418364868e+00
-1.301789860422347678e-01
1.479184804435677680e+00
2.299523742221650124e+00
-1.234638752718686394e+00
-1.662873748764009507e+00
4.363799921789268677e-01
1.374254802894566030e+00
1.465864479531008735e+00
6.624295461134659391e-01
1.520352965952631141e+00
1.401372713920847168e+00
1.529964479531008559e+00
3.997685598481502955e-01
3.621336616755710391e-01
2.293488492624193853e+00
1.490522700681890411e+00
3.605336616755712709e-01
-1.399497795119354904e-01
3.130635344283464461e-01
9.544187660938613371e-01
2.674789998370674660e+00
5.704329430519876620e-01
5.942562973768767964e-01
1.777818360820676125e+00
1.413968812864419666e+00
1.109600870078233381e+00
1.838509562051088508e+00
2.144345811295873094e+00
7.616203871949548398e-01
7.197060655484931457e-01
1.513599465612631145e-01
2.805206126876403916e-01
9.828161374014650065e-01
1.855506958693919906e-02
6.307851799981738505e-01
1.060320660713675034e+00
2.751032212675068589e-01
6.786851799981739042e-01
4.045032212675071515e-01
1.188454366994653455e+00
4.661270321489825896e+00
3.249183156954691398e-01
8.402538140103787967e-02
2.500568746453689428e+00
-5.473856919875883520e-01
7.346187660938613417e-01
1.449027808061949862e+00
1.601432613423997786e+00
2.002157451107199115e+00
2.821863124710072057e+00
4.073638865008300414e+00
3.284143839128364828e+00
4.073638865008299526e+00
1.012999992178927000e+00
2.583676533115454088e+00
1.044354366994653560e+00
1.186854366994653409e+00
2.002234532256320421e+00
1.735739681046094107e+00
2.101383742221650586e+00
3.693044308341795645e+00
2.101383742221650586e+00
4.227422051058716823e-01
7.801520542455379070e-01
5.276635155834087376e-01
4.174450855208976519e-01
2.583676533115454088e+00
1.427751306830938871e+00
1.735739681046094107e+00
3.510972860369714343e+00
6.370938726156641363e-02
2.583676533115454088e+00
8.197473845263736347e-02
1.268088110597206830e+00
-1.938904378660359251e+00
1.735739681046094107e+00
2.583676533115454088e+00
2.137480955839131447e+00
2.361180440437808947e+00
3.547995273535681893e+00
2.272704333226118756e+00
2.365366618322680470e+00
2.840558491278886599e+00
-5.393820574258196832e-01
6.370938726156610832e-02
1.735739681046094107e+00
1.579502733794109881e+00
3.432857808011534617e-01
5.373622130988585377e-02
-5.420167630790020397e-01
-7.462080854381556438e-01
-4.793896331076308304e-01
-2.967746186044797341e-01
4.789472822075083180e-01
-1.078156307651420676e+00
-7.495556448336686550e-01
-1.500238752719549096e+00
-4.793896331076308304e-01
2.451198047557597182e+00
8.679125063818829977e-01
5.328085598481503427e-01
9.649734263830137548e-01
1.572136243933459854e+00
-6.254605900168508370e-02
1.139973819688284484e+00
7.411492590561601368e-01
8.679125063818965424e-01
-8.262458690923941695e-01
-2.340945066447156775e-01
1.250292713923058407e+00
2.041231884607155322e+00
2.197078925656756887e+00
1.378527630729548203e+00
3.021412558243848245e+00
3.624844115557897872e+00
2.792376329728910589e-01
6.182538196882770842e-01
1.422386488667439997e+00
8.829377446325337164e-01
1.030272713923058303e+00
9.805857701107051350e-01
1.849791072471770992e+00
-3.143155949080749800e-01
7.961313803958134372e-01
3.662635155834088607e-01
3.550310619715635330e-02
7.921019363535551916e-01
-8.620115266112398089e-01
-1.369945124626695820e-01
4.678766489202042522e-01
-1.369945124626695820e-01
1.763920745204554219e+00
1.006934552174367115e+00
1.390870080947535614e+00
9.395051249613749489e-01
1.028031551621994222e+00
2.057642529444176471e+00
2.002329966812587958e-01
-2.215774387261010059e+00
2.166390442154320972e+00
9.720324986552439928e-01
3.700252141250920612e+00
3.700252141251767490e+00
2.844074294450384954e-01
3.608185299417926428e-02
2.166390442154786378e+00
1.411134908365889506e+00
-4.854601074181683629e-01
1.886786774348165885e+00
1.796582914254363450e+00
1.428992956542711523e+00
-6.813265360917641900e-03
9.912442805522858613e-01
1.648391793372972758e-01
6.017912430910560273e-01
1.484747686860605320e+00
2.486415269789492288e-01
-8.079455161521563733e-01
1.583634552174367105e+00
1.199264479531008565e+00
5.131225693077126615e-02
1.603032613423997832e+00
1.681299681046094063e+00
6.446856819530158988e-01
4.973811185093706122e-01
-7.479556448338652297e-01
1.576601349355234660e+00
8.494314082451087655e-01
4.973811185093706122e-01
-2.664801300211954715e-01
3.326851799981739854e-01
7.143206607136750597e-01
9.333258102071202433e-01
-1.388371039622982028e-02
8.930863438974182555e-01
1.139162896037703709e-01
4.615162896037703355e-01
1.330954366994653526e+00
1.109064479531008729e+00
-1.342877303432470359e+00
2.005691828647208741e+00
1.791122569307714851e-01
2.076036057734743867e+00
1.913522325131996604e+00
-2.153896331076306236e-01
1.791122569307714851e-01
1.322103668923695075e-01
1.501954552174367130e+00
-2.328308573273423221e-01
1.431275020317594793e+00
-3.091870028642026980e-01
1.012999992178927000e+00
1.012999992178927000e+00
-1.460358929693885421e-01
1.640745076458295648e-01
2.166390442154320972e+00
9.338978389210027542e-01
2.166390442154320972e+00
1.463883515583328521e+00
3.360093872615660393e-01
9.392363810841102278e-01
1.188454366994653455e+00
1.391517870316482552e+00
1.303819681046094026e+00
7.964701431975271806e-01
-6.701279124738435122e-02
2.364682792428490998e+00
7.106141330711849280e-01
1.097355452408004250e+00
3.448832156247988667e+00
1.463883515583328521e+00
-1.746090748226529099e+00
-2.944870028642030957e-01
9.389701431975271406e-01
2.436087807979527564e-01
1.037899681046032363e+00
6.566874575496628452e-01
3.562363810841108203e-01
-4.749749048548593255e-02
-5.276938407929497865e-01
-5.995712367014116584e-01
-3.873645003153743799e-02
-2.781900585930247027e-01
5.316584873584863091e-01
7.197279686309040470e-01
1.323060892653432630e+00
1.001047630729548166e+00
4.363799921789270897e-01
4.009118081776406939e+00
2.253552965952631659e+00
1.853350907803825054e+00
1.839971679744855981e+00
1.374334552175360713e+00
1.740134552175360838e+00
2.022724018400105184e+00
-7.386812561785745246e-02
1.001179992178927058e+00
2.293488492624193853e+00
2.734593349490851644e+00
2.378896378775310350e+00
1.434126723904018075e+00
1.999279011345161949e+00
7.236562973768769780e-01
1.541768812864419580e+00
2.729031008132297043e+00
2.272145811295873674e+00
4.088485177410713156e+00
8.080851799981740857e-01
6.786851799981739042e-01
1.186854366994653409e+00
1.188454366994653455e+00
2.605285598481503762e-01
-8.366286981231239039e-01
5.276635155834087376e-01
1.012999992178927000e+00
2.583676533115454088e+00
6.370938726156641363e-02
1.735739681046094107e+00
5.276635155834087376e-01
1.012999992178927000e+00
3.054881788667605846e+00
2.583676533115454088e+00
1.123098441267588399e+00
6.995870168672433387e-01
1.735739681046094107e+00
9.047658804029303781e-01
-2.331340045312670362e-01
6.023324798698103111e-01
-8.604115266112395410e-01
1.176164479531008666e+00
-6.849976789634219798e-02
2.792376329728912254e-01
1.422386488667439997e+00
8.829377446325337164e-01
1.460564479531008653e+00
9.805857701107051350e-01
1.097355452408004250e+00
1.139973819688284484e+00
7.921019363535551916e-01
4.678766489202042522e-01
2.057642529444176471e+00
1.382449517333001809e+00
1.075623253279326841e+00
2.014072202049906224e+00
1.927078426872059547e+00
2.321286774348166215e+00
1.428992956542711523e+00
1.796582914254363450e+00
2.166390442154320972e+00
3.897147378362818548e-01
3.548811185093706522e-01
8.930863438972442836e-01
1.044904958496037040e+00
3.695811185093705875e-01
8.946863438974183014e-01
1.155162896037704723e-01
-9.540303931654933178e-01
1.330954366994653526e+00
3.318469736685803362e+00
-1.935445475919959080e-01
6.545353640905900994e-01
4.070377446325337822e-01
1.134553819688284726e+00
7.881563810841106799e-01
2.380447899074681573e+00
6.431444747865412426e-01
1.391517870316482330e+00
1.001047630729548166e+00
1.303819681046094026e+00
3.249183156954691398e-01
1.186854366994653409e+00
3.339432292094942412e+00
1.456816475896858698e+00
3.339637491433600225e-01
1.463883515583328521e+00
7.106141330711849280e-01
7.411492590561601368e-01
1.463883515583328521e+00
1.636506465161056134e+00
9.389701431975271406e-01
2.482999287175822634e+00
1.485223742221650101e+00
6.367917903960735870e-01
3.562363810841107092e-01
1.763920745204554219e+00
3.177530699322002938e+00
-8.373643985660248479e-01
8.095345521753608553e-01
1.256934802894566161e+00
3.562363810841108203e-01
1.743557369621988817e+00
1.219934802894566017e+00
1.502575931841564127e+00
1.915950126713668267e+00
3.997685598481502955e-01
2.327414341644776119e+00
1.609826723903054813e+00
1.467326723903054964e+00
1.158488563025529272e+00
1.160088563025529096e+00
1.482026723904018128e+00
1.480426723904018083e+00
1.236020660715031472e+00
8.080851799981743078e-01
2.706514887176651563e+00
-1.440924908200575671e-01
2.980831703632944585e+00
-4.073965155944829220e-01
-6.769969863153149081e-01
1.557752965952630575e+00
1.377433286027131665e+00
-1.048757275685528345e+00
1.139973819688284484e+00
8.679125063818965424e-01
2.559087567691130882e+00
9.121831083645054461e-01
5.720447627294068527e-01
1.378527630729548203e+00
2.792376329728910589e-01
8.707727139208469858e-01
1.228750925095499325e+00
1.422386488667439997e+00
8.829377446325337164e-01
1.250292713923058407e+00
3.662635155834088607e-01
7.921019363535551916e-01
1.607844560062272887e-01
-2.009037070178776307e-01
-1.369945124626695820e-01
1.763920745204554219e+00
6.545353640905902104e-01
2.517235647167595403e+00
2.057642529444176471e+00
2.577929785080155245e+00
2.328176712343037913e+00
2.578980440437888877e+00
2.317470442154321297e+00
1.444484428097843720e+00
2.429698343907297220e-01
1.927078426872059547e+00
1.857455633977008080e+00
1.796582914254363450e+00
1.428992956542711523e+00
1.484747686860871552e+00
9.805857701107051350e-01
1.465864479531008735e+00
1.228321017722118214e+00
1.583634552174367105e+00
1.681299681046094063e+00
4.989811185093707691e-01
1.581012186045412049e+00
1.307873183151943453e+00
1.766101349355234440e+00
4.973811185093707232e-01
1.546348427176872375e+00
9.333258102071202433e-01
7.652863438972441479e-01
8.946863438972443294e-01
1.325472713923058210e+00
2.005691828647208741e+00
3.671439486015032116e+00
1.501954552174366908e+00
1.668664479531008160e+00
1.070034552174367048e+00
4.792612569037212999e+00
1.012999992178927000e+00
7.881563810841106799e-01
1.849293872615662970e-01
8.625922594896163753e-01
1.920829843198572862e+00
1.401372713920847168e+00
1.391517870316482330e+00
1.001047630729548166e+00
1.403543742221650126e+00
1.303819681046094026e+00
-2.340945066447382983e-01
1.188454366994653455e+00
-9.997159392165154701e-01
-3.855045714307261950e-01
1.899162924886536929e+00
1.463883515583328521e+00
1.588361343245391577e+00
7.106141330711849280e-01
3.510972860369715232e+00
5.127166974188379633e+00
3.448832156247988667e+00
-2.263789860422345535e-01
2.128623742221650517e+00
-1.369945124626695820e-01
4.678766489202042522e-01
3.392265866284835396e-02
2.533880440437888293e+00
1.755153362995119704e+00
3.997685598481502955e-01
1.609826723904018042e+00
2.107187792694782402e+00
1.258151665141746367e+00
-1.482135767615669231e+00
6.545353640905902104e-01
-1.402012185863200644e+00
6.975658696707240924e-01
-8.328774306922881454e-02
3.710310619715653790e-02
1.195662628495956836e+00
2.166390442154320972e+00
1.353170502265311770e+00
8.962863438972443753e-01
1.655882364224549264e+00
1.760468512116035722e-01
1.763920745204554219e+00
3.703858669789465985e-01
4.967645770433661290e-01
5.845091837190066197e-01
1.463883515583328521e+00
1.763920745204554219e+00
3.350337125608189859e-01
-1.356298697125521979e-01
7.881563810841106799e-01
2.823554524080044148e-01
4.971532618472586762e+00
-1.238643985660242003e-01
8.531063968660896890e-01
-7.848855188441662412e-01
1.849791072471770992e+00
7.881563810841106799e-01
1.849293872615662970e-01
1.849293872615662970e-01
1.763920745204554219e+00
-3.873645003153723676e-02
2.128398390994802103e+00
1.763920745204554219e+00
3.602201589465511944e+00
-8.722986971255217159e-02
-6.877543663977548904e-01
-1.579328001006166937e-01
1.676364333226118219e+00
-4.939122698149014390e-01
3.231317825591502046e+00
7.174431357722619307e-01
3.357795600857504947e-01
1.107134602308503801e+00
-3.529589530298010147e-01
3.129234401208855765e+00
7.458727139230584280e-01
-9.271234481943763095e-01
2.019106066135705202e+00
1.440418165150854357e-01
-6.828344621725217500e-01
-7.095420713740692165e-01
4.780637491433599173e-01
-1.411918678820136330e+00
-7.259392169122182159e-02
-8.064275742381123990e-01
1.072832444987204870e+00
3.683465102254576795e+00
-1.376209480251275430e+00
-1.653927581394891155e-01
7.055686113415740035e-01
1.893958249697043295e+00
2.096133912194027449e+00
-3.260257981677450179e-01
6.354472822061938420e-01
6.215276307295480862e-01
1.720833920638332293e+00
1.523216400021585759e+00
2.556952284500312089e+00
1.460564479531008653e+00
7.449274059507144941e-01
7.215377446325337285e-01
6.182538196882847448e-01
8.260964758968585286e-01
1.378527630729548203e+00
1.704416711625533765e+00
1.674981334734030103e+00
1.043049746231666575e+00
-2.275902130377260413e+00
-6.840709054452313032e-01
-1.269473748763845222e+00
4.457242036454435841e+00
2.293123850727856183e+00
4.732492690960351744e+00
3.297905688182834361e+00
-1.922027149887084674e+00
-2.137685406614631412e-01
3.585195091948709223e+00
7.708720875261573791e-02
-1.650870028642026921e-01
2.436064333226118261e+00
2.637736057735061479e+00
5.029450033632771877e-01
3.603409252937616714e+00
5.748031061971564659e-01
1.132139559214579150e-01
2.623632230364705276e+00
1.787884875962451048e+00
2.353215740738791695e+00
5.415977780137155584e-01
2.439810923685765687e-01
5.006818557022547189e+00
3.404937309701771220e+00
1.144509522515280153e+00
1.747758283150882219e+00
-1.460358929693885421e-01
6.543450033632771667e-01
-1.400651874376110939e+00
-7.468821326691466034e-01
1.905002137087093317e+00
5.328085598481503427e-01
-1.398941303292758065e-01
3.121795600857502073e-01
1.351851825399540630e+00
1.083534602308503736e+00
1.930983914025443227e+00
6.938431357722616433e-01
-7.109749048548602568e-02
-3.121358929693889284e-01
-1.816957021747124923e+00
-2.056068720565384034e+00
-3.726869236337837510e-01
-8.262458690923943916e-01
-6.281117238147635451e-01
4.960977789043377939e+00
3.786158023018412866e+00
1.483623742221650055e+00
-5.239175047294396537e-01
5.343135993905407943e-01
9.950599921789271551e-01
1.287734219760864107e+00
3.338965277650451480e+00
8.429864842205965214e-01
-1.628038752718685700e+00
2.292839759322512494e-03
1.569832613423997714e+00
7.394135993905406323e-01
6.758063968660894538e-01
2.539363124709874686e+00
1.596036521735448632e+00
6.003540013540072939e-01
3.487120944666002309e-01
-7.381214780855178681e-01
2.621027529766101871e+00
5.748032212675069363e-01
1.656334394043394553e+00
1.455128436573240647e+00
1.568232613423997668e+00
1.568232613423997668e+00
-3.090896331076308234e-01
2.652667659896447150e-01
7.217188063388307873e-01
-4.793896331076306083e-01
1.425732613423997819e+00
-4.559254228409568843e-01
1.153654366994653513e+00
1.153654366994653291e+00
4.378491904465058759e+00
3.896605409490486505e+00
3.453714035326068466e+00
5.810881105972066640e-01
-1.513964927168743202e+00
5.295886087732075698e-01
4.071767600190987935e+00
-2.238057282529016589e+00
-1.242788155286237872e+00
2.050732072493396618e+00
1.030688563025528692e+00
5.674698447439008309e-01
1.978939507052387414e+00
-2.951343449125111151e-01
1.435956971891005685e+00
1.425732613425085393e+00
2.270064479531008317e+00
3.727407361450540080e+00
4.185649819827820473e+00
4.347704145728102709e+00
8.449811185093706323e-01
-4.739268808977319947e-01
-1.658104378660359979e+00
2.001455798147381282e-01
2.001455798147381282e-01
-9.596867078061777079e-01
5.430500929415448264e-01
-1.723883457903281791e+00
-7.968600528020546303e-01
1.323246637175247153e+00
-1.499060459015441049e+00
8.835135993905406382e-01
-2.673516598374522379e-01
3.164552284500313561e+00
-8.331784264783568261e-01
-1.144614726384773462e+00
4.269489513595813079e+00
-1.457676721979364043e+00
4.079029417627735299e+00
1.643970925095499025e+00
3.017808497852489058e+00
6.552785293887282148e-01
3.339637491433600225e-01
-1.026673510812410040e-01
4.362848411282373995e+00
4.275369668165373005e-01
2.268050404484327931e+00
3.339637491433600225e-01
2.791288162155139752e+00
4.780637491433599173e-01
3.176252072492633527e+00
-1.056223639539106696e+00
4.882761551093901531e+00
3.981516964789924895e+00
1.356014497336842650e+00
3.957270573443801842e-01
-1.313445077141752071e+00
4.199653982500828331e-02
1.310694207522630661e+00
-1.090253015948684956e+00
2.906862998630961314e+00
1.188951642329732772e-01
1.030688563025528692e+00
1.057454366994653450e+00
7.058626588199167218e-01
1.681299681046094063e+00
-8.487533903970166937e-01
-1.009214726384773275e+00
1.839772713923058411e+00
1.030272713923058303e+00
1.201554366994653567e+00
4.822340413311709262e-01
1.229586217286841476e+00
1.325472713923058210e+00
-7.447043786603602111e-01
2.414223742221651037e+00
2.152180440437888365e+00
4.822872471855864873e+00
-1.697583483751180289e+00
1.584652883927611056e+00
1.139504958496037057e+00
7.652863438974181198e-01
1.920829843198572862e+00
-4.327416075432324871e-01
2.296327082426634192e+00
1.969303372042795708e+00
5.539820286057892673e+00
4.921226547758514869e+00
3.955245076586296094e+00
5.394022538011450152e+00
5.627132505853068345e+00
1.224943947632531005e+00
1.976413006316824150e+00
1.455820660715031467e+00
6.227032212675069900e-01
1.407920660713674943e+00
1.114486343897244103e+00
4.586044222388178104e-01
4.410366892305395137e-03
-1.099535033081635804e+00
3.510122569307713158e-01
3.973122569307711016e-01
-7.039755795685987971e-01
5.018401813316025972e+00
3.004145996561735643e+00
5.177059320905419426e+00
9.418562973768767055e-01
1.378288563025528601e+00
1.059054366994653495e+00
1.472032613425085401e+00
1.059054366994653495e+00
6.670701431978185436e-01
1.886819681046032260e+00
8.095701431978186147e-01
1.059054366994653495e+00
1.886819681046032260e+00
1.616132613423997721e+00
4.931353640905206115e-01
1.886819681046032260e+00
2.274963676137337742e+00
1.966363676137337757e+00
1.977080440437808839e+00
5.627263968659852456e-01
3.734852066567414752e+00
1.425732613423997819e+00
5.621135993905406192e-01
1.707684333226359374e+00
1.968343742221650094e+00
1.707684333226359374e+00
1.831720019989069970e+00
8.354827835832914218e-01
3.082611758671101931e+00
1.831720019989069970e+00
-4.245746186044796477e-01
-4.701870028642028965e-01
-1.961430895849063827e+00
-8.087308573273424006e-01
3.373444590658461806e+00
3.145077932869882353e+00
3.099464646774853005e+00
9.799851799981740275e-01
4.368969432193856584e+00
3.218196378775311839e+00
2.383909781246961845e+00
4.781994543450545088e+00
4.398169264195145978e+00
3.653823171595353081e+00
4.111390288019004302e+00
2.128120019989069966e+00
1.487104958496036966e+00
1.439259521575079637e+00
1.879239295592009640e+00
2.852183124709875006e+00
1.023007959598378092e+00
2.260733219597963917e+00
2.852183124709875006e+00
2.492207639422221011e+00
2.200950907803825185e+00
2.500380440437809604e+00
1.596929998449607924e+00
1.145946637175247140e+00
2.717887670200474393e+00
1.594559698347661536e+00
2.756592410615538835e+00
1.566632613423997844e+00
3.319197108297578414e+00
7.616701431975272385e-01
1.356724243482064773e+00
-3.423870028642027608e-01
1.246534277470713548e+00
-3.782746186044798620e-01
1.246534277470713548e+00
-3.766746186044795941e-01
2.837916775570994865e+00
2.374682812797964893e+00
5.053980776268255370e-01
1.677797874058938099e+00
1.300244204314010832e-01
1.001179992178927058e+00
1.028493741716924870e+00
1.677797874058938099e+00
2.530880695089186450e+00
1.431275020317594793e+00
1.347735608564438969e+00
1.677797874058938099e+00
-1.002127912473989857e-01
1.348034802894566120e+00
6.815893080107144897e-01
1.602699681046032332e+00
1.355809843198662934e+00
1.655523742221649997e+00
3.276414035326069563e+00
4.169282242131549410e+00
2.040261097447706451e+00
1.597759698347661628e+00
-7.230856919875884303e-01
1.968343742221650094e+00
1.425732613425085393e+00
2.865187670201178260e+00
2.460436057734744164e+00
1.968343742221650094e+00
2.080180459498285561e+00
1.145946637175247140e+00
1.001846637175247023e+00
1.246534277470713548e+00
5.082538139552014722e-02
5.040771473621703969e+00
4.622338092399028930e+00
3.712173618117920348e+00
5.437268301788207303e+00
3.469402841650290004e+00
4.897463336385958321e+00
7.757671775726120156e-02
1.597759698347661628e+00
3.470688366066965180e+00
2.559820795607393951e+00
4.163231957020372853e+00
4.911040750522266407e-02
-9.559272462593284558e-01
-1.558075579568598323e+00
-1.118552209156898680e+00
-4.836851505796574413e-01
3.755683322850821293e-01
-3.695740783925536288e-01
-1.574051516971184395e-01
1.618306465161056362e+00
7.448161289227046566e-01
2.182882364224405514e+00
3.714689988002518373e+00
3.033133734831522155e+00
1.290109843198572914e+00
2.105880440437808865e+00
2.866180440437889221e+00
9.422415269789494729e-01
1.773327750575383888e-01
3.277634776733558297e+00
4.064693305989657723e+00
3.973122569307713237e-01
1.434126723904018075e+00
1.825718360820676178e+00
6.786851799981739042e-01
7.606206607136750675e-01
1.201554366994653567e+00
3.695811185093705875e-01
7.189863438972441401e-01
5.131225693077118288e-02
9.777346023085037308e-01
2.334143742221650442e+00
1.059054366994653495e+00
1.201554366994653567e+00
1.879239295592009640e+00
1.482026723904018128e+00
1.141104958496037103e+00
7.668863438972441937e-01
2.334143742221650442e+00
2.334143742221650442e+00
2.043597874058938668e+00
-5.231279124739887654e-02
1.968499681046032235e+00
-6.751856919875883767e-01
1.568232613425085242e+00
2.915739084262682912e-01
-7.697461860447986359e-02
-7.697461860447986359e-02
5.220103668923693485e-01
2.050023742221650291e+00
-3.407870028642029370e-01
-4.222870028642030649e-01
2.070264333226359721e+00
7.565532507480074997e-01
7.507831083645052361e-01
7.507831083645052361e-01
1.653273819688284130e+00
7.507831083645052361e-01
-2.429881552862375171e-01
3.392265866284854825e-02
3.988597330051381729e+00
3.604823171595351816e+00
1.313452366410926109e+00
-1.342349135470098265e+00
-6.404870028642030144e-01
1.164079992178926881e+00
2.876638523054795282e+00
8.207397644753613442e-01
-4.343354773515242240e-01
1.636709843198662861e+00
1.542597870316482433e+00
9.533276307295481811e-01
1.355823742221649919e+00
8.095701431975271811e-01
3.396183156954689641e-01
2.913087670200474211e+00
3.760073618117919736e+00
1.645659698347661681e+00
1.193846637175247194e+00
-1.057772946224949662e+00
1.877639295592009594e+00
3.280983793266929460e+00
3.527376329728910132e-01
2.508336057735061964e+00
5.082538139552014722e-02
2.088161097447706727e+00
1.614963515583408782e+00
3.774126676426758920e-01
5.088671473621703356e+00
1.203154366994653390e+00
1.201554366994653567e+00
7.541135993905405677e-01
9.078346023085038796e-01
9.392363810841102278e-01
4.670238092399028318e+00
4.217182242131548797e+00
3.324314035326068950e+00
1.210555452408003996e+00
-2.489785703047863397e+00
-8.540699396356027373e-01
2.217561097447706686e+00
3.064664943543746745e+00
4.085847563848401087e+00
3.079592410615539677e+00
3.051352284500313594e+00
4.716943205923460170e+00
4.716943205923460170e+00
3.620978323667168652e+00
2.995545996561735258e+00
3.452487720868362420e+00
3.336720645321109568e+00
1.157972713923058450e+00
6.566874575496628452e-01
-2.944870028642030957e-01
2.415823742221650861e+00
-1.650870028642026921e-01
1.614532613423997676e+00
2.314736057734744445e+00
2.022734551527465285e+00
1.460564479531008653e+00
1.134553819688284726e+00
1.256772713923058449e+00
2.396233211655812934e+00
1.775059698347661641e+00
1.229586217286841476e+00
1.325472713923058210e+00
4.070377446325337822e-01
1.668664479531008160e+00
1.060037744632533752e+00
-1.040014795097950584e+00
-1.639064858071875630e+00
-2.729476721979364306e+00
-7.823848355138005028e-02
6.347448384784373787e-02
7.246757686342412130e-01
1.198396475896858604e+00
1.238234552174366954e+00
1.134553819688284726e+00
3.527759486015031420e+00
2.321286774348166215e+00
1.579663384593575026e+00
1.001179992178927058e+00
7.419516423297325969e-02
3.920502197440522973e+00
5.016481027400586434e+00
4.799638092399027833e+00
1.109600870078233381e+00
1.426694880671162791e+00
4.690183156954690347e-01
1.229586217286841476e+00
8.494314082451087655e-01
2.077975020317594623e+00
3.955778366267728163e+00
5.255727139230582656e-01
6.560644795310085486e-01
5.189105619140319980e+00
2.446650907803946229e+00
1.088737632972891278e+00
4.070377446325337822e-01
1.426390270270623484e+00
3.392265866284835396e-02
1.170831863303436915e+00
2.299523742221651013e+00
7.689727139230585484e-01
1.614963515583408782e+00
1.983788283077653647e+00
4.340743424132495143e+00
4.427557670885748919e+00
1.684037452385954925e+00
2.470641860591054506e+00
2.766703666261235206e+00
-3.049354773517311545e-01
-1.844957021747123838e+00
3.469736245973342736e+00
2.350971097818986610e+00
4.443898157167065044e+00
2.841785345345140712e+00
2.553833737867076348e+00
2.293488492624193853e+00
-5.674934880869476617e-01
1.613117756247514079e+00
-9.121505290648794784e-01
4.931353640905206115e-01
1.685637452385954749e+00
-1.659486009362848735e+00
1.455346722901242673e+00
-1.428675579568598808e+00
2.352571097818986878e+00
2.472241860591054330e+00
-1.026673510812410040e-01
2.696333737867077751e+00
-1.054184040301010983e+00
4.346582242131548313e+00
-6.878168430454142945e-02
5.941235240366791182e-01
6.295942790779369691e-01
4.352159402393293242e+00
-1.460358929693885421e-01
1.987291683632213868e+00
-1.359345493359181312e+00
4.930154282663613330e+00
5.062599783178648671e+00
8.508871115864644619e-01
1.752798611215236280e+00
3.889473618117920140e+00
7.220562973768769321e-01
9.827885630255289717e-01
2.711014673824089227e-01
5.463895400146490999e+00
4.302442977201772933e+00
1.418899167405785811e+00
1.421599764475352412e+00
1.974813006316824104e+00
2.989747056233341471e+00
1.196162416091643532e+00
3.042487670200472838e+00
-2.377992875758659252e+00
-1.801649868581530978e+00
-1.155954755477838880e+00
-9.377730343245126166e-02
-1.085968938029139158e-01
