2.000000000000000111e-01
9.000000000000000222e-01
5.000000000000000000e-01
5.999999999999999778e-01
1.600000000000000089e+00
1.000000000000000056e-01
3.000000000000000444e-01
-1.399999999999999911e+00
1.399999999999999911e+00
-5.000000000000000000e-01
1.600000000000000089e+00
1.600000000000000089e+00
1.600000000000000089e+00
1.699999999999999956e+00
-1.300000000000000044e+00
9.000000000000000222e-01
6.999999999999999556e-01
5.999999999999999778e-01
2.100000000000000089e+00
-6.999999999999999556e-01
1.399999999999999911e+00
1.100000000000000089e+00
-9.000000000000000222e-01
1.100000000000000089e+00
1.199999999999999956e+00
-9.000000000000001332e-01
1.000000000000000056e-01
8.000000000000000444e-01
1.000000000000000000e+00
-1.399999999999999911e+00
5.000000000000000000e-01
-4.000000000000000222e-01
5.000000000000000000e-01
-9.999999999999998890e-01
4.000000000000000000e+00
2.999999999999999889e-01
1.899999999999999911e+00
2.799999999999999822e+00
-1.699999999999999956e+00
-1.100000000000000089e+00
1.899999999999999911e+00
2.299999999999999822e+00
3.000000000000000000e+00
2.399999999999999911e+00
1.699999999999999956e+00
2.899999999999999911e+00
2.600000000000000089e+00
2.799999999999999822e+00
9.999999999999997780e-02
8.000000000000000444e-01
1.100000000000000089e+00
1.199999999999999956e+00
-1.399999999999999911e+00
3.399999999999999911e+00
2.500000000000000000e+00
9.000000000000000222e-01
6.999999999999999556e-01
1.399999999999999911e+00
1.100000000000000089e+00
-4.000000000000000222e-01
1.399999999999999911e+00
5.999999999999999778e-01
8.000000000000000444e-01
8.000000000000000444e-01
-1.000000000000000000e+00
-1.000000000000000000e+00
-1.000000000000000056e-01
1.600000000000000089e+00
-3.000000000000000444e-01
-3.000000000000000444e-01
1.699999999999999956e+00
1.300000000000000044e+00
3.500000000000000000e+00
2.000000000000000000e+00
1.800000000000000044e+00
1.199999999999999956e+00
1.100000000000000089e+00
3.200000000000000178e+00
1.800000000000000044e+00
2.299999999999999822e+00
2.799999999999999822e+00
2.000000000000000000e+00
1.699999999999999956e+00
1.600000000000000089e+00
1.399999999999999911e+00
-2.500000000000000000e+00
1.000000000000000056e-01
3.600000000000000089e+00
2.100000000000000089e+00
2.500000000000000000e+00
1.800000000000000044e+00
3.200000000000000178e+00
2.000000000000000000e+00
2.500000000000000000e+00
2.500000000000000000e+00
1.399999999999999911e+00
3.200000000000000178e+00
1.800000000000000044e+00
-1.999999999999999556e-01
8.000000000000000444e-01
1.000000000000000000e+00
4.000000000000000222e-01
2.799999999999999822e+00
2.799999999999999822e+00
1.300000000000000044e+00
1.300000000000000044e+00
2.500000000000000000e+00
2.000000000000000000e+00
-9.999999999999997780e-02
0.000000000000000000e+00
5.000000000000000000e-01
1.899999999999999911e+00
2.500000000000000000e+00
2.000000000000000000e+00
3.200000000000000178e+00
2.299999999999999822e+00
2.700000000000000178e+00
3.100000000000000089e+00
1.800000000000000044e+00
2.600000000000000089e+00
2.799999999999999822e+00
2.200000000000000178e+00
2.899999999999999911e+00
1.399999999999999911e+00
3.299999999999999822e+00
3.399999999999999911e+00
2.200000000000000178e+00
2.399999999999999911e+00
1.600000000000000089e+00
2.799999999999999822e+00
2.100000000000000089e+00
1.999999999999999556e-01
1.199999999999999956e+00
1.300000000000000044e+00
1.600000000000000089e+00
2.399999999999999911e+00
6.999999999999999556e-01
1.000000000000000000e+00
5.000000000000000000e-01
1.000000000000000000e+00
1.300000000000000044e+00
2.100000000000000089e+00
2.600000000000000089e+00
2.799999999999999822e+00
2.000000000000000000e+00
1.300000000000000044e+00
1.000000000000000056e-01
4.200000000000000178e+00
1.399999999999999911e+00
1.699999999999999956e+00
2.399999999999999911e+00
1.300000000000000044e+00
1.300000000000000044e+00
2.899999999999999911e+00
2.700000000000000178e+00
2.700000000000000178e+00
2.500000000000000000e+00
3.100000000000000089e+00
3.100000000000000089e+00
2.200000000000000178e+00
2.100000000000000089e+00
1.000000000000000000e+00
2.999999999999999334e-01
2.000000000000000111e-01
6.999999999999999556e-01
2.700000000000000178e+00
2.200000000000000178e+00
1.399999999999999911e+00
2.100000000000000089e+00
2.000000000000000111e-01
1.000000000000000000e+00
3.500000000000000000e+00
4.200000000000000178e+00
9.000000000000000222e-01
1.000000000000000056e-01
1.800000000000000044e+00
4.500000000000000000e+00
1.899999999999999911e+00
5.000000000000000000e-01
-2.000000000000000111e-01
2.799999999999999822e+00
-8.000000000000000444e-01
1.199999999999999956e+00
2.000000000000000111e-01
-8.000000000000000444e-01
1.600000000000000089e+00
0.000000000000000000e+00
0.000000000000000000e+00
2.299999999999999822e+00
1.800000000000000044e+00
2.500000000000000000e+00
2.200000000000000178e+00
2.100000000000000089e+00
1.800000000000000044e+00
1.899999999999999911e+00
2.500000000000000000e+00
5.999999999999999778e-01
8.000000000000000444e-01
3.500000000000000000e+00
5.299999999999999822e+00
-6.999999999999999556e-01
-4.000000000000000222e-01
3.000000000000000444e-01
9.000000000000000222e-01
1.199999999999999956e+00
3.500000000000000000e+00
2.200000000000000178e+00
2.899999999999999911e+00
2.500000000000000000e+00
2.700000000000000178e+00
1.500000000000000000e+00
-1.000000000000000333e-01
-2.999999999999999889e-01
5.000000000000000000e-01
5.000000000000000000e-01
1.300000000000000044e+00
5.999999999999999778e-01
1.500000000000000000e+00
3.000000000000000000e+00
1.800000000000000044e+00
-5.000000000000000000e-01
1.500000000000000000e+00
3.399999999999999911e+00
9.999999999999997780e-02
1.000000000000000000e+00
3.399999999999999911e+00
2.399999999999999911e+00
2.500000000000000000e+00
4.700000000000000178e+00
9.000000000000000222e-01
1.500000000000000000e+00
1.199999999999999956e+00
3.100000000000000089e+00
2.100000000000000089e+00
1.500000000000000000e+00
-1.000000000000000056e-01
2.600000000000000089e+00
1.899999999999999911e+00
1.699999999999999956e+00
2.000000000000000000e+00
2.500000000000000000e+00
-1.999999999999999833e-01
1.000000000000000000e+00
6.999999999999999556e-01
1.500000000000000000e+00
1.699999999999999956e+00
-4.000000000000000222e-01
6.999999999999999556e-01
5.000000000000000000e-01
1.399999999999999911e+00
2.399999999999999911e+00
3.000000000000000000e+00
2.899999999999999911e+00
2.000000000000000000e+00
3.200000000000000178e+00
3.000000000000000000e+00
2.299999999999999822e+00
1.600000000000000089e+00
2.000000000000000000e+00
2.700000000000000178e+00
1.699999999999999956e+00
1.600000000000000089e+00
1.300000000000000044e+00
1.300000000000000044e+00
1.300000000000000044e+00
1.100000000000000089e+00
1.899999999999999911e+00
2.100000000000000089e+00
1.899999999999999911e+00
8.000000000000000444e-01
-9.000000000000000222e-01
4.000000000000000222e-01
3.000000000000000444e-01
2.600000000000000089e+00
-5.000000000000000000e-01
-3.000000000000000444e-01
-2.999999999999999889e-01
9.000000000000000222e-01
1.199999999999999956e+00
2.100000000000000089e+00
2.600000000000000089e+00
2.700000000000000178e+00
1.000000000000000000e+00
-1.000000000000000056e-01
2.200000000000000178e+00
2.999999999999999889e-01
2.600000000000000089e+00
9.999999999999997780e-02
2.100000000000000089e+00
1.199999999999999956e+00
9.000000000000000222e-01
1.600000000000000089e+00
8.000000000000000444e-01
1.899999999999999911e+00
6.999999999999999556e-01
-2.000000000000000111e-01
1.199999999999999956e+00
-5.000000000000000000e-01
1.399999999999999911e+00
1.000000000000000000e+00
-1.100000000000000089e+00
1.899999999999999911e+00
9.000000000000000222e-01
2.100000000000000089e+00
9.000000000000000222e-01
5.999999999999999778e-01
2.200000000000000178e+00
1.300000000000000044e+00
1.300000000000000044e+00
2.000000000000000000e+00
2.399999999999999911e+00
3.000000000000000000e+00
2.200000000000000178e+00
4.000000000000000222e-01
8.000000000000000444e-01
1.100000000000000089e+00
0.000000000000000000e+00
4.099999999999999645e+00
2.799999999999999822e+00
2.100000000000000089e+00
-1.100000000000000089e+00
5.000000000000000000e-01
2.100000000000000089e+00
-6.999999999999999556e-01
1.999999999999999556e-01
2.600000000000000089e+00
2.600000000000000089e+00
2.700000000000000178e+00
5.000000000000000000e-01
2.299999999999999822e+00
4.200000000000000178e+00
1.800000000000000044e+00
5.999999999999999778e-01
6.999999999999999556e-01
6.999999999999999556e-01
5.000000000000000000e-01
8.999999999999999112e-01
1.100000000000000089e+00
3.799999999999999822e+00
1.600000000000000089e+00
1.100000000000000089e+00
0.000000000000000000e+00
4.000000000000000222e-01
-1.000000000000000056e-01
5.999999999999999778e-01
-3.000000000000000444e-01
1.000000000000000000e+00
1.100000000000000089e+00
-9.999999999999997780e-02
0.000000000000000000e+00
1.100000000000000089e+00
2.500000000000000000e+00
2.600000000000000089e+00
2.500000000000000000e+00
1.600000000000000089e+00
1.800000000000000044e+00
9.000000000000000222e-01
3.200000000000000178e+00
2.200000000000000178e+00
2.000000000000000000e+00
1.399999999999999911e+00
1.699999999999999956e+00
2.000000000000000000e+00
1.899999999999999911e+00
1.199999999999999956e+00
2.799999999999999822e+00
3.799999999999999822e+00
1.800000000000000044e+00
-4.000000000000000222e-01
2.100000000000000089e+00
1.800000000000000044e+00
3.799999999999999822e+00
1.800000000000000044e+00
3.799999999999999822e+00
1.600000000000000089e+00
2.399999999999999911e+00
2.600000000000000089e+00
2.100000000000000089e+00
3.700000000000000178e+00
5.000000000000000000e+00
-2.000000000000000111e-01
4.700000000000000178e+00
2.100000000000000089e+00
1.100000000000000089e+00
-6.999999999999999556e-01
2.500000000000000000e+00
2.000000000000000000e+00
3.500000000000000000e+00
1.800000000000000044e+00
2.500000000000000000e+00
3.100000000000000089e+00
2.799999999999999822e+00
2.799999999999999822e+00
4.299999999999999822e+00
3.100000000000000089e+00
1.899999999999999911e+00
2.000000000000000000e+00
2.000000000000000000e+00
1.800000000000000044e+00
3.500000000000000000e+00
2.500000000000000000e+00
1.899999999999999911e+00
1.600000000000000089e+00
2.500000000000000000e+00
5.999999999999998668e-01
2.000000000000000111e-01
-5.000000000000000000e-01
-6.999999999999999556e-01
-2.500000000000000000e+00
0.000000000000000000e+00
2.500000000000000000e+00
0.000000000000000000e+00
1.000000000000000000e+00
1.800000000000000044e+00
-4.000000000000000222e-01
-6.999999999999999556e-01
2.999999999999999889e-01
2.000000000000000666e-01
2.000000000000000111e-01
-1.999999999999999556e-01
-4.000000000000000222e-01
5.999999999999999778e-01
-1.300000000000000266e+00
9.000000000000000222e-01
5.000000000000000000e-01
-2.000000000000000111e-01
-8.000000000000000444e-01
-1.000000000000000056e-01
1.199999999999999956e+00
2.000000000000000000e+00
8.000000000000000444e-01
-1.000000000000000000e+00
3.899999999999999911e+00
-2.000000000000000111e-01
1.899999999999999911e+00
1.300000000000000044e+00
-2.999999999999999889e-01
2.299999999999999822e+00
1.199999999999999956e+00
2.299999999999999822e+00
1.699999999999999956e+00
2.200000000000000178e+00
1.000000000000000000e+00
1.699999999999999956e+00
5.999999999999999778e-01
5.000000000000000000e-01
1.300000000000000044e+00
-1.399999999999999911e+00
4.000000000000000222e-01
2.999999999999999889e-01
2.000000000000000111e-01
1.300000000000000044e+00
0.000000000000000000e+00
-5.999999999999999778e-01
3.299999999999999822e+00
2.100000000000000089e+00
3.700000000000000178e+00
3.500000000000000000e+00
3.100000000000000089e+00
5.299999999999999822e+00
1.000000000000000056e-01
2.299999999999999822e+00
4.299999999999999822e+00
2.299999999999999822e+00
2.799999999999999822e+00
2.700000000000000178e+00
1.199999999999999956e+00
1.600000000000000089e+00
2.799999999999999822e+00
1.500000000000000000e+00
1.699999999999999956e+00
6.999999999999999556e-01
-1.600000000000000089e+00
-9.000000000000000222e-01
1.300000000000000044e+00
2.700000000000000178e+00
4.000000000000000777e-01
-1.800000000000000044e+00
1.000000000000000056e-01
1.300000000000000044e+00
1.100000000000000089e+00
6.999999999999999556e-01
3.000000000000000000e+00
1.800000000000000044e+00
-5.999999999999999778e-01
3.500000000000000000e+00
-6.999999999999999556e-01
1.699999999999999956e+00
3.000000000000000000e+00
-1.800000000000000044e+00
2.700000000000000178e+00
9.000000000000000222e-01
9.999999999999997780e-02
1.300000000000000044e+00
0.000000000000000000e+00
3.299999999999999822e+00
1.899999999999999911e+00
1.500000000000000000e+00
4.000000000000000222e-01
1.600000000000000089e+00
3.799999999999999822e+00
4.099999999999999645e+00
4.400000000000000355e+00
2.399999999999999911e+00
9.000000000000000222e-01
-1.399999999999999911e+00
1.100000000000000089e+00
0.000000000000000000e+00
2.999999999999999889e-01
1.300000000000000044e+00
-5.000000000000000000e-01
3.100000000000000089e+00
-2.000000000000000000e+00
6.999999999999999556e-01
-1.800000000000000044e+00
1.800000000000000044e+00
1.600000000000000089e+00
1.899999999999999911e+00
1.500000000000000000e+00
1.000000000000000000e+00
-1.000000000000000000e+00
0.000000000000000000e+00
2.100000000000000089e+00
1.699999999999999956e+00
1.399999999999999911e+00
1.000000000000000056e-01
-2.100000000000000089e+00
-1.000000000000000000e+00
4.000000000000000000e+00
9.000000000000000222e-01
1.500000000000000000e+00
1.199999999999999956e+00
8.000000000000000444e-01
3.500000000000000000e+00
1.100000000000000089e+00
2.000000000000000111e-01
2.799999999999999822e+00
-8.000000000000000444e-01
3.200000000000000178e+00
-1.500000000000000000e+00
3.399999999999999911e+00
4.799999999999999822e+00
4.000000000000000222e-01
6.999999999999999556e-01
9.000000000000000222e-01
1.699999999999999956e+00
2.000000000000000111e-01
1.300000000000000044e+00
3.899999999999999911e+00
1.199999999999999956e+00
1.699999999999999956e+00
2.399999999999999911e+00
3.200000000000000178e+00
2.399999999999999911e+00
1.000000000000000000e+00
2.000000000000000000e+00
1.399999999999999911e+00
2.500000000000000000e+00
3.700000000000000178e+00
3.000000000000000000e+00
4.299999999999999822e+00
3.799999999999999822e+00
3.000000000000000000e+00
-1.100000000000000089e+00
5.000000000000000000e+00
3.899999999999999911e+00
5.299999999999999822e+00
-1.899999999999999911e+00
3.399999999999999911e+00
3.700000000000000178e+00
2.000000000000000000e+00
9.999999999999997780e-02
1.600000000000000089e+00
1.399999999999999911e+00
2.200000000000000178e+00
2.299999999999999822e+00
2.700000000000000178e+00
1.800000000000000044e+00
-5.999999999999999778e-01
2.299999999999999822e+00
9.000000000000000222e-01
3.200000000000000178e+00
1.699999999999999956e+00
1.899999999999999911e+00
2.899999999999999911e+00
8.000000000000000444e-01
2.899999999999999911e+00
3.799999999999999822e+00
1.699999999999999956e+00
1.100000000000000089e+00
4.000000000000000222e-01
0.000000000000000000e+00
2.399999999999999911e+00
2.299999999999999822e+00
-1.600000000000000089e+00
2.799999999999999822e+00
1.899999999999999911e+00
8.000000000000000444e-01
1.100000000000000089e+00
3.100000000000000089e+00
2.100000000000000089e+00
4.200000000000000178e+00
1.300000000000000044e+00
1.600000000000000089e+00
2.700000000000000178e+00
1.699999999999999956e+00
1.800000000000000044e+00
1.800000000000000044e+00
5.200000000000000178e+00
2.100000000000000089e+00
2.399999999999999911e+00
1.699999999999999956e+00
2.500000000000000000e+00
1.899999999999999911e+00
2.500000000000000000e+00
2.500000000000000000e+00
2.100000000000000089e+00
2.100000000000000089e+00
3.299999999999999822e+00
2.000000000000000000e+00
1.800000000000000044e+00
2.500000000000000000e+00
1.600000000000000089e+00
1.300000000000000044e+00
2.700000000000000178e+00
3.500000000000000000e+00
1.100000000000000089e+00
2.899999999999999911e+00
-1.000000000000000056e-01
2.799999999999999822e+00
1.199999999999999956e+00
5.200000000000000178e+00
2.399999999999999911e+00
3.000000000000000000e+00
4.000000000000000000e+00
4.000000000000000000e+00
3.500000000000000000e+00
1.600000000000000089e+00
2.299999999999999822e+00
1.199999999999999956e+00
-1.999999999999999556e+00
4.200000000000000178e+00
2.200000000000000178e+00
-8.000000000000000444e-01
1.500000000000000000e+00
-1.999999999999999556e-01
9.000000000000000222e-01
1.000000000000000000e+00
4.099999999999999645e+00
-3.000000000000000444e-01
4.400000000000000355e+00
3.500000000000000000e+00
1.899999999999999911e+00
2.600000000000000089e+00
-4.000000000000000222e-01
2.700000000000000178e+00
1.800000000000000044e+00
1.500000000000000000e+00
3.399999999999999911e+00
8.000000000000000444e-01
1.000000000000000000e+00
2.600000000000000089e+00
2.100000000000000089e+00
-1.000000000000000000e+00
2.200000000000000178e+00
2.600000000000000089e+00
2.399999999999999911e+00
-2.299999999999999822e+00
1.800000000000000044e+00
2.700000000000000178e+00
2.399999999999999911e+00
2.399999999999999911e+00
2.899999999999999911e+00
3.100000000000000089e+00
5.000000000000000000e+00
5.999999999999999778e-01
3.500000000000000000e+00
3.200000000000000178e+00
3.200000000000000178e+00
-3.999999999999999112e-01
4.400000000000000355e+00
4.700000000000000178e+00
2.799999999999999822e+00
8.000000000000000444e-01
2.399999999999999911e+00
2.399999999999999911e+00
3.700000000000000178e+00
3.500000000000000000e+00
1.600000000000000089e+00
2.899999999999999911e+00
3.100000000000000089e+00
1.699999999999999956e+00
1.800000000000000044e+00
3.600000000000000089e+00
3.500000000000000000e+00
3.100000000000000089e+00
3.600000000000000089e+00
1.000000000000000000e+00
8.000000000000000444e-01
9.000000000000000222e-01
3.000000000000000000e+00
3.600000000000000089e+00
3.000000000000000444e-01
2.299999999999999822e+00
1.199999999999999956e+00
1.899999999999999911e+00
3.600000000000000089e+00
1.100000000000000089e+00
2.200000000000000178e+00
2.200000000000000178e+00
5.999999999999999778e-01
2.100000000000000089e+00
8.000000000000000444e-01
3.000000000000000000e+00
1.800000000000000044e+00
4.200000000000000178e+00
8.000000000000000444e-01
3.000000000000000444e-01
1.000000000000000000e+00
-2.000000000000000111e-01
3.899999999999999911e+00
1.800000000000000044e+00
1.199999999999999956e+00
1.199999999999999956e+00
3.899999999999999911e+00
8.000000000000000444e-01
-8.000000000000000444e-01
-1.100000000000000089e+00
1.100000000000000089e+00
2.000000000000000111e-01
-2.000000000000000111e-01
9.000000000000000222e-01
3.000000000000000000e+00
9.000000000000000222e-01
2.500000000000000000e+00
2.100000000000000089e+00
3.100000000000000089e+00
-5.000000000000000000e-01
4.500000000000000000e+00
3.600000000000000089e+00
1.199999999999999956e+00
1.500000000000000000e+00
4.200000000000000178e+00
1.399999999999999911e+00
2.200000000000000178e+00
-8.000000000000000444e-01
2.899999999999999911e+00
2.100000000000000089e+00
1.800000000000000044e+00
2.100000000000000089e+00
1.699999999999999956e+00
1.600000000000000089e+00
1.800000000000000044e+00
3.899999999999999911e+00
5.000000000000000000e-01
1.199999999999999956e+00
2.100000000000000089e+00
2.100000000000000089e+00
3.500000000000000000e+00
2.299999999999999822e+00
6.999999999999999556e-01
1.300000000000000044e+00
2.399999999999999911e+00
1.100000000000000089e+00
2.200000000000000178e+00
5.599999999999999645e+00
-2.999999999999999889e-01
2.500000000000000000e+00
1.800000000000000044e+00
1.899999999999999911e+00
2.299999999999999822e+00
4.500000000000000000e+00
1.000000000000000056e-01
3.299999999999999822e+00
1.500000000000000000e+00
1.000000000000000000e+00
1.300000000000000044e+00
6.999999999999999556e-01
4.000000000000000222e-01
2.000000000000000000e+00
2.399999999999999911e+00
-8.000000000000000444e-01
5.000000000000000000e+00
3.200000000000000178e+00
1.800000000000000044e+00
1.000000000000000000e+00
1.000000000000000000e+00
1.800000000000000044e+00
1.899999999999999911e+00
2.500000000000000000e+00
2.500000000000000000e+00
8.000000000000000444e-01
2.100000000000000089e+00
2.399999999999999911e+00
1.300000000000000044e+00
1.100000000000000089e+00
1.500000000000000000e+00
2.500000000000000000e+00
3.600000000000000089e+00
5.000000000000000000e-01
3.600000000000000089e+00
3.700000000000000178e+00
3.500000000000000000e+00
-2.000000000000000111e-01
2.799999999999999822e+00
2.500000000000000000e+00
3.700000000000000178e+00
1.899999999999999911e+00
1.699999999999999956e+00
1.800000000000000044e+00
1.399999999999999911e+00
1.199999999999999956e+00
1.399999999999999911e+00
3.399999999999999911e+00
3.500000000000000000e+00
1.500000000000000000e+00
2.000000000000000111e-01
-1.399999999999999911e+00
4.700000000000000178e+00
4.700000000000000178e+00
3.600000000000000089e+00
9.000000000000000222e-01
3.000000000000000000e+00
2.700000000000000178e+00
5.000000000000000000e+00
3.799999999999999822e+00
3.100000000000000089e+00
3.600000000000000089e+00
2.799999999999999822e+00
2.899999999999999911e+00
2.200000000000000178e+00
3.000000000000000000e+00
3.500000000000000000e+00
1.500000000000000000e+00
3.000000000000000000e+00
3.899999999999999911e+00
1.899999999999999911e+00
1.500000000000000000e+00
1.199999999999999956e+00
2.799999999999999822e+00
4.799999999999999822e+00
2.700000000000000178e+00
3.500000000000000000e+00
3.956900000000001860e+00
4.500000000000000000e+00
1.300000000000000044e+00
1.500000000000000000e+00
-1.399999999999999911e+00
2.700000000000000178e+00
3.399999999999999911e+00
3.299999999999999822e+00
5.099999999999999645e+00
-1.000000000000000056e-01
1.600000000000000089e+00
5.400000000000000355e+00
1.699999999999999956e+00
2.500000000000000000e+00
1.199999999999999956e+00
5.000000000000000000e-01
1.800000000000000044e+00
9.000000000000001332e-01
1.600000000000000089e+00
1.300000000000000044e+00
1.000000000000000000e+00
1.000000000000000333e-01
1.399999999999999911e+00
1.699999999999999956e+00
2.100000000000000089e+00
1.300000000000000044e+00
4.400000000000000355e+00
2.399999999999999911e+00
9.000000000000000222e-01
2.899999999999999911e+00
2.000000000000000000e+00
1.699999999999999956e+00
5.099999999999999645e+00
-4.000000000000000222e-01
1.600000000000000089e+00
2.100000000000000089e+00
6.999999999999999556e-01
4.000000000000000222e-01
-5.999999999999999778e-01
2.299999999999999822e+00
9.000000000000000222e-01
-6.999999999999999556e-01
1.600000000000000089e+00
1.300000000000000044e+00
1.100000000000000089e+00
3.600000000000000089e+00
4.299999999999999822e+00
3.000000000000000000e+00
4.500000000000000000e+00
5.000000000000000000e+00
3.100000000000000089e+00
2.600000000000000089e+00
-1.000000000000000000e+00
3.700000000000000178e+00
1.399999999999999911e+00
2.200000000000000178e+00
1.699999999999999956e+00
1.800000000000000044e+00
1.000000000000000888e-01
4.599999999999999645e+00
-1.800000000000000044e+00
1.899999999999999911e+00
2.899999999999999911e+00
2.100000000000000089e+00
3.600000000000000089e+00
3.600000000000000089e+00
1.000000000000000000e+00
4.000000000000000222e-01
2.100000000000000533e+00
1.000000000000000888e-01
-2.200000000000000178e+00
-2.200000000000000178e+00
-1.199999999999999956e+00
-2.100000000000000089e+00
1.999999999999999556e-01
-6.999999999999999556e-01
6.999999999999999556e-01
-1.800000000000000044e+00
-2.100000000000000089e+00
-6.999999999999999556e-01
1.300000000000000044e+00
1.000000000000000000e+00
5.999999999999999778e-01
1.600000000000000089e+00
1.699999999999999956e+00
1.600000000000000089e+00
-1.300000000000000044e+00
9.000000000000000222e-01
2.000000000000000000e+00
1.300000000000000044e+00
4.000000000000000000e+00
-6.999999999999999556e-01
-5.999999999999998668e-01
1.699999999999999956e+00
-2.200000000000000178e+00
-5.000000000000000000e-01
-8.000000000000000444e-01
-1.699999999999999956e+00
1.399999999999999911e+00
2.299999999999999822e+00
6.999999999999999556e-01
6.999999999999999556e-01
5.000000000000000000e-01
3.299999999999999822e+00
1.899999999999999911e+00
1.699999999999999956e+00
2.799999999999999822e+00
1.300000000000000044e+00
6.999999999999999556e-01
-1.800000000000000044e+00
-2.500000000000000000e+00
1.199999999999999956e+00
2.500000000000000000e+00
2.000000000000000000e+00
-1.699999999999999956e+00
-9.000000000000000222e-01
-1.300000000000000044e+00
-8.000000000000000444e-01
-5.999999999999999778e-01
1.199999999999999956e+00
6.999999999999999556e-01
1.399999999999999911e+00
1.600000000000000089e+00
2.299999999999999822e+00
8.000000000000000444e-01
1.800000000000000044e+00
1.500000000000000000e+00
1.800000000000000044e+00
2.000000000000000000e+00
2.100000000000000089e+00
1.600000000000000089e+00
2.600000000000000089e+00
-2.000000000000000111e-01
2.299999999999999822e+00
1.699999999999999956e+00
2.299999999999999822e+00
3.000000000000000000e+00
3.899999999999999911e+00
1.300000000000000044e+00
2.799999999999999822e+00
-1.699999999999999956e+00
1.100000000000000089e+00
-6.999999999999999556e-01
3.899999999999999911e+00
5.299999999999999822e+00
6.999999999999999556e-01
4.000000000000000000e+00
2.600000000000000089e+00
9.000000000000000222e-01
-5.999999999999998668e-01
1.899999999999999911e+00
1.800000000000000044e+00
1.899999999999999911e+00
-2.299999999999999822e+00
3.899999999999999911e+00
2.799999999999999822e+00
2.200000000000000178e+00
3.100000000000000089e+00
4.099999999999999645e+00
-1.500000000000000000e+00
-2.700000000000000178e+00
3.200000000000000178e+00
1.000000000000000000e+00
2.600000000000000089e+00
-6.999999999999999556e-01
2.799999999999999822e+00
3.600000000000000089e+00
5.599999999999999645e+00
2.700000000000000178e+00
-1.800000000000000044e+00
1.600000000000000089e+00
2.200000000000000178e+00
2.899999999999999911e+00
5.999999999999999778e-01
2.799999999999999822e+00
5.999999999999999778e-01
5.000000000000000000e-01
2.399999999999999911e+00
2.000000000000000000e+00
1.600000000000000089e+00
2.700000000000000178e+00
5.000000000000000000e-01
8.000000000000000444e-01
3.600000000000000089e+00
1.500000000000000000e+00
1.500000000000000000e+00
1.899999999999999911e+00
1.399999999999999911e+00
1.300000000000000044e+00
1.100000000000000089e+00
1.500000000000000000e+00
2.500000000000000000e+00
1.000000000000000000e+00
6.999999999999999556e-01
3.899999999999999911e+00
1.399999999999999911e+00
2.000000000000000000e+00
2.200000000000000178e+00
2.200000000000000178e+00
-5.000000000000000000e-01
1.000000000000000000e+00
1.699999999999999956e+00
8.000000000000000444e-01
1.199999999999999956e+00
9.000000000000000222e-01
2.200000000000000178e+00
2.399999999999999911e+00
2.500000000000000000e+00
4.000000000000000222e-01
3.500000000000000000e+00
6.999999999999999556e-01
1.899999999999999911e+00
2.000000000000000000e+00
2.700000000000000178e+00
2.100000000000000089e+00
2.100000000000000089e+00
1.699999999999999956e+00
2.000000000000000000e+00
2.200000000000000178e+00
1.699999999999999956e+00
1.699999999999999956e+00
-8.000000000000000444e-01
9.999999999999997780e-02
1.100000000000000089e+00
1.899999999999999911e+00
2.000000000000000000e+00
2.000000000000000000e+00
1.699999999999999956e+00
2.200000000000000178e+00
2.000000000000000000e+00
3.100000000000000089e+00
1.899999999999999911e+00
1.899999999999999911e+00
2.999999999999999889e-01
3.399999999999999911e+00
2.500000000000000000e+00
2.399999999999999911e+00
-1.100000000000000089e+00
-1.000000000000000056e-01
4.500000000000000000e+00
3.000000000000000000e+00
2.000000000000000000e+00
1.300000000000000044e+00
2.100000000000000089e+00
1.100000000000000089e+00
1.000000000000000056e-01
6.999999999999999556e-01
-2.000000000000000666e-01
-5.000000000000000000e-01
5.999999999999999778e-01
8.000000000000000444e-01
9.000000000000000222e-01
2.999999999999999889e-01
2.200000000000000178e+00
1.699999999999999956e+00
1.000000000000000000e+00
3.100000000000000089e+00
-3.000000000000000444e-01
-1.900000000000000133e+00
-1.399999999999999911e+00
2.399999999999999911e+00
1.103800000000003889e+00
2.500000000000000000e+00
3.799999999999999822e+00
2.299999999999999822e+00
6.999999999999999556e-01
2.899999999999999911e+00
2.100000000000000089e+00
2.100000000000000089e+00
1.899999999999999911e+00
1.600000000000000089e+00
3.500000000000000000e+00
2.399999999999999911e+00
1.300000000000000044e+00
1.100000000000000089e+00
3.399999999999999911e+00
5.000000000000000000e-01
2.100000000000000089e+00
9.000000000000000222e-01
4.000000000000000000e+00
3.500000000000000000e+00
3.399999999999999911e+00
-4.000000000000000222e-01
-1.000000000000000056e-01
4.799999999999999822e+00
3.200000000000000178e+00
8.000000000000000444e-01
1.600000000000000089e+00
1.500000000000000000e+00
1.399999999999999911e+00
1.800000000000000044e+00
1.399999999999999911e+00
9.000000000000000222e-01
5.000000000000000000e-01
1.399999999999999911e+00
5.000000000000000000e-01
6.999999999999999556e-01
9.000000000000000222e-01
1.100000000000000089e+00
1.199999999999999956e+00
1.300000000000000044e+00
2.600000000000000089e+00
2.799999999999999822e+00
1.600000000000000089e+00
1.500000000000000000e+00
1.800000000000000044e+00
2.000000000000000111e-01
2.999999999999999889e-01
1.199999999999999956e+00
1.199999999999999956e+00
2.399999999999999911e+00
2.899999999999999911e+00
3.899999999999999911e+00
5.200000000000000178e+00
2.999999999999999889e-01
4.299999999999999822e+00
3.700000000000000178e+00
3.500000000000000000e+00
1.100000000000000089e+00
6.999999999999999556e-01
1.000000000000000000e+00
2.000000000000000000e+00
1.000000000000000000e+00
5.000000000000000000e-01
3.200000000000000178e+00
3.200000000000000178e+00
2.299999999999999822e+00
2.000000000000000000e+00
1.899999999999999911e+00
1.000000000000000000e+00
1.500000000000000000e+00
1.699999999999999956e+00
1.600000000000000089e+00
1.500000000000000000e+00
3.700000000000000178e+00
3.700000000000000178e+00
1.300000000000000044e+00
1.500000000000000000e+00
1.600000000000000089e+00
3.299999999999999822e+00
2.899999999999999911e+00
1.500000000000000000e+00
1.300000000000000044e+00
1.500000000000000000e+00
4.400000000000000355e+00
1.100000000000000089e+00
-5.000000000000000000e-01
2.399999999999999911e+00
1.800000000000000044e+00
5.000000000000000000e+00
9.000000000000000222e-01
3.000000000000000444e-01
-2.999999999999999889e-01
-1.100000000000000089e+00
1.899999999999999911e+00
1.800000000000000044e+00
1.399999999999999911e+00
2.100000000000000089e+00
1.300000000000000044e+00
2.399999999999999911e+00
-9.000000000000000222e-01
1.600000000000000089e+00
3.100000000000000089e+00
2.899999999999999911e+00
2.299999999999999822e+00
1.399999999999999911e+00
3.000000000000000444e-01
-2.100000000000000089e+00
3.299999999999999822e+00
2.200000000000000178e+00
3.500000000000000000e+00
4.700000000000000178e+00
4.099999999999999645e+00
2.200000000000000178e+00
1.500000000000000000e+00
6.000000000000000888e-01
-1.399999999999999911e+00
-1.100000000000000089e+00
-9.000000000000000222e-01
-1.600000000000000089e+00
2.200000000000000178e+00
2.200000000000000178e+00
1.000000000000000000e+00
1.300000000000000044e+00
5.999999999999999778e-01
4.200000000000000178e+00
4.700000000000000178e+00
2.899999999999999911e+00
-1.800000000000000044e+00
-1.600000000000000089e+00
3.700000000000000178e+00
3.899999999999999911e+00
5.200000000000000178e+00
5.099999999999999645e+00
4.200000000000000178e+00
9.000000000000000222e-01
2.100000000000000089e+00
3.700000000000000178e+00
2.100000000000000089e+00
2.799999999999999822e+00
1.300000000000000044e+00
2.299999999999999822e+00
4.599999999999999645e+00
3.600000000000000089e+00
1.500000000000000000e+00
3.899999999999999911e+00
2.899999999999999911e+00
4.400000000000000355e+00
2.600000000000000089e+00
6.999999999999999556e-01
9.000000000000000222e-01
1.000000000000000056e-01
1.500000000000000000e+00
4.400000000000000355e+00
3.200000000000000178e+00
2.600000000000000089e+00
3.200000000000000178e+00
3.200000000000000178e+00
2.000000000000000000e+00
4.000000000000000222e-01
5.999999999999999778e-01
9.999999999999997780e-02
4.000000000000000222e-01
8.000000000000000444e-01
5.000000000000000000e-01
3.799999999999999822e+00
1.800000000000000044e+00
5.999999999999999778e-01
2.100000000000000089e+00
4.400000000000000355e+00
1.000000000000000000e+00
3.399999999999999911e+00
1.399999999999999911e+00
1.500000000000000000e+00
2.500000000000000000e+00
1.800000000000000044e+00
-1.399999999999999911e+00
-2.299999999999999822e+00
0.000000000000000000e+00
-1.000000000000000056e-01
1.699999999999999956e+00
3.899999999999999911e+00
2.100000000000000089e+00
9.000000000000000222e-01
4.200000000000000178e+00
5.200000000000000178e+00
3.100000000000000089e+00
3.000000000000000000e+00
3.500000000000000000e+00
2.200000000000000178e+00
-1.800000000000000044e+00
3.100000000000000089e+00
2.899999999999999911e+00
1.500000000000000000e+00
4.200000000000000178e+00
3.000000000000000000e+00
2.399999999999999911e+00
1.000000000000000056e-01
3.200000000000000178e+00
-6.000000000000000888e-01
-1.000000000000000000e+00
-4.000000000000000222e-01
-9.000000000000000222e-01
-5.999999999999999778e-01
1.000000000000000056e-01
4.299999999999999822e+00
5.000000000000000000e-01
2.000000000000000111e-01
-4.000000000000000222e-01
-2.999999999999999889e-01
8.000000000000000444e-01
4.000000000000000222e-01
4.000000000000000222e-01
-2.000000000000000111e-01
-2.000000000000000111e-01
-5.000000000000000000e-01
2.000000000000000111e-01
2.000000000000000111e-01
2.000000000000000111e-01
5.999999999999999778e-01
-9.999999999999997780e-02
-9.999999999999997780e-02
9.999999999999997780e-02
9.999999999999997780e-02
5.000000000000000000e-01
2.999999999999999889e-01
2.000000000000000000e+00
-1.000000000000000000e+00
-2.000000000000000111e-01
-8.000000000000000444e-01
8.000000000000000444e-01
2.000000000000000666e-01
-3.000000000000000444e-01
3.000000000000000000e+00
1.899999999999999911e+00
1.600000000000000089e+00
1.600000000000000089e+00
1.300000000000000044e+00
1.800000000000000044e+00
1.600000000000000089e+00
1.300000000000000044e+00
1.300000000000000044e+00
2.100000000000000089e+00
5.999999999999999778e-01
2.299999999999999822e+00
2.000000000000000000e+00
4.299999999999999822e+00
3.000000000000000444e-01
1.300000000000000044e+00
3.299999999999999822e+00
2.200000000000000178e+00
5.400000000000000355e+00
4.500000000000000000e+00
1.399999999999999911e+00
1.600000000000000089e+00
2.500000000000000000e+00
1.600000000000000089e+00
3.100000000000000089e+00
3.700000000000000178e+00
2.500000000000000000e+00
4.900000000000000355e+00
3.700000000000000178e+00
4.599999999999999645e+00
2.299999999999999822e+00
-1.600000000000000089e+00
2.000000000000000111e-01
3.399999999999999911e+00
3.600000000000000089e+00
4.599999999999999645e+00
3.899999999999999911e+00
1.500000000000000000e+00
-9.000000000000000222e-01
-5.000000000000000000e-01
4.000000000000000222e-01
-2.299999999999999822e+00
9.999999999999999167e-02
3.399999999999999911e+00
-5.999999999999999778e-01
2.399999999999999911e+00
2.299999999999999822e+00
-6.999999999999999556e-01
1.500000000000000000e+00
-6.999999999999999556e-01
4.400000000000000355e+00
-5.999999999999999778e-01
-1.399999999999999911e+00
-4.000000000000000222e-01
-6.999999999999999556e-01
2.500000000000000000e+00
5.299999999999999822e+00
1.199999999999999956e+00
4.500000000000000000e+00
2.000000000000000000e+00
3.000000000000000000e+00
2.399999999999999911e+00
2.399999999999999911e+00
2.399999999999999911e+00
2.899999999999999911e+00
5.200000000000000178e+00
5.299999999999999822e+00
-5.000000000000000000e-01
2.600000000000000089e+00
9.000000000000000222e-01
8.000000000000000444e-01
6.999999999999999556e-01
2.799999999999999822e+00
0.000000000000000000e+00
5.999999999999999778e-01
1.100000000000000089e+00
1.999999999999999556e-01
2.399999999999999911e+00
1.999999999999999556e-01
9.000000000000000222e-01
3.000000000000000000e+00
5.000000000000000000e+00
5.000000000000000000e+00
2.200000000000000178e+00
-8.000000000000000444e-01
2.100000000000000089e+00
1.600000000000000089e+00
2.600000000000000089e+00
2.399999999999999911e+00
-5.999999999999999778e-01
5.999999999999999778e-01
-1.100000000000000089e+00
-1.399999999999999911e+00
0.000000000000000000e+00
-2.299999999999999822e+00
4.299999999999999822e+00
1.800000000000000044e+00
2.299999999999999822e+00
2.799999999999999822e+00
3.000000000000000000e+00
2.200000000000000178e+00
-1.000000000000000000e+00
1.399999999999999911e+00
-2.599999999999999645e+00
1.100000000000000089e+00
8.000000000000000444e-01
2.000000000000000000e+00
2.100000000000000089e+00
3.000000000000000000e+00
2.999999999999999889e-01
-6.999999999999999556e-01
-8.000000000000000444e-01
2.999999999999999889e-01
-2.999999999999999334e-01
9.000000000000000222e-01
1.000000000000000000e+00
2.700000000000000178e+00
2.000000000000000000e+00
2.000000000000000000e+00
2.000000000000000000e+00
1.500000000000000000e+00
8.000000000000000444e-01
1.100000000000000089e+00
1.000000000000000056e-01
-5.000000000000000000e-01
1.500000000000000000e+00
1.899999999999999911e+00
1.500000000000000000e+00
6.999999999999999556e-01
5.000000000000000000e-01
1.500000000000000000e+00
2.200000000000000178e+00
1.600000000000000089e+00
5.999999999999999778e-01
1.000000000000000000e+00
-2.000000000000000111e-01
2.000000000000000111e-01
4.000000000000000222e-01
-4.000000000000000222e-01
1.699999999999999956e+00
2.200000000000000178e+00
2.200000000000000178e+00
1.300000000000000044e+00
1.899999999999999911e+00
2.999999999999999889e-01
2.000000000000000111e-01
-2.000000000000000111e-01
4.000000000000000222e-01
3.500000000000000000e+00
2.000000000000000000e+00
1.000000000000000000e+00
1.699999999999999956e+00
1.199999999999999956e+00
2.200000000000000178e+00
9.000000000000000222e-01
1.000000000000000000e+00
1.699999999999999956e+00
0.000000000000000000e+00
3.899999999999999911e+00
2.299999999999999822e+00
1.800000000000000044e+00
2.500000000000000000e+00
1.600000000000000089e+00
1.100000000000000089e+00
2.399999999999999911e+00
1.000000000000000000e+00
1.399999999999999911e+00
3.100000000000000089e+00
1.899999999999999911e+00
2.299999999999999822e+00
2.700000000000000178e+00
2.799999999999999822e+00
1.899999999999999911e+00
1.000000000000000000e+00
2.700000000000000178e+00
2.200000000000000178e+00
8.000000000000000444e-01
1.500000000000000000e+00
1.800000000000000044e+00
1.699999999999999956e+00
1.600000000000000089e+00
4.299999999999999822e+00
1.600000000000000089e+00
2.600000000000000089e+00
4.000000000000000222e-01
1.800000000000000044e+00
1.699999999999999956e+00
1.100000000000000089e+00
2.899999999999999911e+00
1.000000000000000000e+00
1.800000000000000044e+00
4.000000000000000222e-01
2.799999999999999822e+00
1.199999999999999956e+00
2.100000000000000089e+00
2.299999999999999822e+00
9.000000000000000222e-01
5.999999999999999778e-01
1.199999999999999956e+00
-1.100000000000000089e+00
-8.000000000000000444e-01
-5.000000000000000000e-01
0.000000000000000000e+00
9.999999999999997780e-02
-1.699999999999999956e+00
-6.999999999999999556e-01
-2.999999999999999889e-01
-2.000000000000000000e+00
1.100000000000000089e+00
-1.199999999999999956e+00
-1.399999999999999911e+00
-3.000000000000000444e-01
-2.999999999999999334e-01
2.000000000000000666e-01
1.100000000000000089e+00
2.000000000000000111e-01
2.000000000000000111e-01
9.000000000000000222e-01
5.000000000000000000e-01
-5.000000000000000000e-01
1.399999999999999911e+00
-1.399999999999999911e+00
-3.000000000000000444e-01
-9.000000000000001332e-01
2.600000000000000089e+00
1.899999999999999911e+00
2.000000000000000000e+00
2.100000000000000089e+00
-5.999999999999999778e-01
-2.000000000000000111e-01
3.000000000000000444e-01
2.100000000000000089e+00
9.000000000000000222e-01
2.000000000000000000e+00
2.799999999999999822e+00
2.100000000000000089e+00
2.000000000000000000e+00
-1.000000000000000000e+00
3.399999999999999911e+00
3.200000000000000178e+00
-2.600000000000000089e+00
-2.999999999999999889e-01
1.000000000000000000e+00
5.000000000000000000e-01
8.000000000000000444e-01
5.999999999999999778e-01
-1.100000000000000089e+00
1.100000000000000089e+00
5.999999999999999778e-01
-9.000000000000000222e-01
-2.999999999999999889e-01
6.999999999999999556e-01
8.000000000000000444e-01
1.500000000000000000e+00
2.100000000000000089e+00
9.000000000000000222e-01
1.600000000000000089e+00
1.100000000000000089e+00
5.999999999999999778e-01
6.999999999999999556e-01
9.000000000000000222e-01
1.500000000000000000e+00
8.000000000000000444e-01
5.999999999999999778e-01
-9.000000000000000222e-01
2.000000000000000111e-01
-6.999999999999999556e-01
1.899999999999999911e+00
5.999999999999999778e-01
-2.000000000000000666e-01
-4.000000000000000222e-01
-8.000000000000000444e-01
-1.500000000000000000e+00
2.000000000000000111e-01
2.000000000000000111e-01
-2.999999999999999889e-01
9.000000000000000222e-01
-8.000000000000000444e-01
6.999999999999999556e-01
5.000000000000000000e-01
4.000000000000000222e-01
4.000000000000000222e-01
2.200000000000000178e+00
-5.999999999999999778e-01
-1.000000000000000056e-01
3.000000000000000000e+00
1.199999999999999956e+00
-1.300000000000000044e+00
1.000000000000000056e-01
1.300000000000000044e+00
2.100000000000000089e+00
-1.500000000000000000e+00
-1.699999999999999956e+00
9.999999999999997780e-02
1.500000000000000000e+00
1.699999999999999956e+00
1.199999999999999956e+00
2.100000000000000089e+00
2.000000000000000000e+00
2.299999999999999822e+00
1.100000000000000089e+00
2.999999999999999889e-01
2.399999999999999911e+00
1.600000000000000089e+00
4.000000000000000222e-01
1.000000000000000056e-01
2.000000000000000111e-01
1.399999999999999911e+00
3.299999999999999822e+00
8.000000000000000444e-01
5.000000000000000000e-01
2.000000000000000000e+00
1.600000000000000089e+00
1.100000000000000089e+00
1.699999999999999956e+00
2.299999999999999822e+00
5.999999999999999778e-01
5.999999999999999778e-01
2.000000000000000111e-01
1.000000000000000333e-01
9.000000000000000222e-01
1.000000000000000056e-01
1.100000000000000089e+00
1.000000000000000000e+00
5.999999999999999778e-01
5.000000000000000000e-01
2.999999999999999889e-01
1.399999999999999911e+00
4.099999999999999645e+00
5.000000000000000000e-01
2.000000000000000111e-01
2.500000000000000000e+00
-9.000000000000000222e-01
8.000000000000000444e-01
1.800000000000000044e+00
1.600000000000000089e+00
1.699999999999999956e+00
3.100000000000000089e+00
4.000000000000000000e+00
3.700000000000000178e+00
4.500000000000000000e+00
9.000000000000000222e-01
2.899999999999999911e+00
1.399999999999999911e+00
1.199999999999999956e+00
1.899999999999999911e+00
2.299999999999999822e+00
2.299999999999999822e+00
3.299999999999999822e+00
2.299999999999999822e+00
1.000000000000000000e+00
5.000000000000000000e-01
1.399999999999999911e+00
5.000000000000000000e-01
2.899999999999999911e+00
1.500000000000000000e+00
1.699999999999999956e+00
3.500000000000000000e+00
-2.000000000000000111e-01
2.899999999999999911e+00
2.999999999999999889e-01
1.199999999999999956e+00
-1.300000000000000044e+00
1.800000000000000044e+00
2.799999999999999822e+00
8.000000000000000444e-01
2.700000000000000178e+00
3.200000000000000178e+00
1.100000000000000089e+00
1.699999999999999956e+00
2.690700000000000536e+00
-5.000000000000000000e-01
2.000000000000000111e-01
1.800000000000000044e+00
2.200000000000000178e+00
2.000000000000000111e-01
-1.000000000000000056e-01
-1.399999999999999911e+00
-1.100000000000000089e+00
-4.000000000000000222e-01
-2.000000000000000111e-01
2.000000000000000111e-01
-1.300000000000000044e+00
-6.999999999999999556e-01
-1.800000000000000044e+00
-8.000000000000000444e-01
1.899999999999999911e+00
1.600000000000000089e+00
6.999999999999999556e-01
1.199999999999999956e+00
1.800000000000000044e+00
-9.000000000000000222e-01
1.199999999999999956e+00
9.000000000000000222e-01
1.500000000000000000e+00
-1.000000000000000000e+00
-9.000000000000000222e-01
1.800000000000000044e+00
2.299999999999999822e+00
2.700000000000000178e+00
1.600000000000000089e+00
2.600000000000000089e+00
3.500000000000000000e+00
4.000000000000000222e-01
1.100000000000000089e+00
1.399999999999999911e+00
1.199999999999999956e+00
1.899999999999999911e+00
1.399999999999999911e+00
1.899999999999999911e+00
-4.000000000000000222e-01
8.000000000000000444e-01
1.000000000000000333e-01
-2.100000000000000089e+00
5.999999999999999778e-01
-1.000000000000000000e+00
-1.000000000000000056e-01
5.000000000000000000e-01
-2.000000000000000389e-01
1.899999999999999911e+00
8.000000000000000444e-01
6.999999999999999556e-01
1.999999999999999556e-01
1.199999999999999956e+00
2.100000000000000089e+00
0.000000000000000000e+00
-1.199999999999999956e+00
2.500000000000000000e+00
1.199999999999999956e+00
4.599999999999999645e+00
4.599999999999999645e+00
4.000000000000000222e-01
5.999999999999999778e-01
1.899999999999999911e+00
1.399999999999999911e+00
-5.000000000000000000e-01
1.600000000000000089e+00
1.899999999999999911e+00
5.999999999999999778e-01
-1.000000000000000333e-01
1.000000000000000000e+00
2.999999999999999889e-01
2.999999999999999889e-01
3.999999999999999112e-01
4.000000000000000222e-01
-1.000000000000000000e+00
1.500000000000000000e+00
1.199999999999999956e+00
0.000000000000000000e+00
1.699999999999999956e+00
1.699999999999999956e+00
5.999999999999999778e-01
2.000000000000000111e-01
-1.000000000000000000e+00
1.500000000000000000e+00
5.999999999999999778e-01
5.999999999999999778e-01
-4.000000000000000222e-01
5.000000000000000000e-01
1.000000000000000000e+00
1.000000000000000000e+00
1.000000000000000056e-01
1.000000000000000000e+00
1.000000000000000056e-01
2.999999999999999889e-01
1.500000000000000000e+00
4.000000000000000222e-01
-1.100000000000000089e+00
2.299999999999999822e+00
-9.999999999999997780e-02
2.500000000000000000e+00
2.299999999999999822e+00
-4.000000000000000222e-01
-2.000000000000000666e-01
-9.999999999999997780e-02
1.699999999999999956e+00
-5.000000000000000000e-01
6.999999999999999556e-01
-2.000000000000000111e-01
9.000000000000000222e-01
5.999999999999999778e-01
1.000000000000000056e-01
0.000000000000000000e+00
3.000000000000000000e+00
1.000000000000000000e+00
1.899999999999999911e+00
2.000000000000000000e+00
5.999999999999999778e-01
1.100000000000000089e+00
1.500000000000000000e+00
1.300000000000000044e+00
1.300000000000000044e+00
1.000000000000000000e+00
2.000000000000000111e-01
2.299999999999999822e+00
-9.999999999999997780e-02
1.899999999999999911e+00
3.700000000000000178e+00
2.000000000000000000e+00
-1.899999999999999911e+00
-4.000000000000000222e-01
1.000000000000000000e+00
4.000000000000000222e-01
1.399999999999999911e+00
9.999999999999997780e-02
-2.000000000000000666e-01
1.000000000000000056e-01
-6.999999999999999556e-01
-4.000000000000000222e-01
-5.000000000000000000e-01
0.000000000000000000e+00
4.000000000000000222e-01
5.000000000000000000e-01
1.600000000000000089e+00
8.000000000000000444e-01
-9.999999999999997780e-02
3.700000000000000178e+00
2.299999999999999822e+00
1.600000000000000089e+00
1.600000000000000089e+00
1.600000000000000089e+00
1.899999999999999911e+00
2.799999999999999822e+00
-5.000000000000000000e-01
1.399999999999999911e+00
2.299999999999999822e+00
2.600000000000000089e+00
2.700000000000000178e+00
1.699999999999999956e+00
2.299999999999999822e+00
8.000000000000000444e-01
1.500000000000000000e+00
2.399999999999999911e+00
2.200000000000000178e+00
3.500000000000000000e+00
6.999999999999999556e-01
1.000000000000000000e+00
1.399999999999999911e+00
1.399999999999999911e+00
-8.000000000000000444e-01
-1.399999999999999911e+00
2.000000000000000111e-01
5.999999999999999778e-01
2.700000000000000178e+00
-5.000000000000000000e-01
2.500000000000000000e+00
2.000000000000000111e-01
9.000000000000000222e-01
3.100000000000000089e+00
2.899999999999999911e+00
1.899999999999999911e+00
8.000000000000000444e-01
2.000000000000000000e+00
1.000000000000000000e+00
4.999999999999999445e-01
4.000000000000000222e-01
-1.100000000000000089e+00
-1.399999999999999689e+00
-4.000000000000000222e-01
-4.999999999999999445e-01
5.000000000000000000e-01
9.999999999999997780e-02
1.800000000000000044e+00
1.100000000000000089e+00
1.399999999999999911e+00
5.000000000000000000e-01
2.000000000000000666e-01
9.999999999999997780e-02
2.100000000000000089e+00
1.600000000000000089e+00
1.100000000000000089e+00
2.100000000000000089e+00
2.000000000000000000e+00
2.100000000000000089e+00
1.500000000000000000e+00
1.899999999999999911e+00
2.899999999999999911e+00
5.000000000000000000e-01
4.000000000000000222e-01
6.999999999999999556e-01
1.300000000000000044e+00
5.000000000000000000e-01
9.000000000000000222e-01
0.000000000000000000e+00
-1.199999999999999956e+00
1.500000000000000000e+00
3.055600000000001870e+00
6.999999999999999556e-01
8.000000000000000444e-01
4.000000000000000222e-01
9.000000000000000222e-01
9.000000000000000222e-01
2.899999999999999911e+00
1.300000000000000044e+00
1.399999999999999911e+00
1.199999999999999956e+00
1.300000000000000044e+00
4.000000000000000222e-01
1.399999999999999911e+00
3.399999999999999911e+00
1.300000000000000044e+00
-1.799999999999999822e+00
1.699999999999999956e+00
8.000000000000000444e-01
1.300000000000000044e+00
1.800000000000000044e+00
1.500000000000000000e+00
1.100000000000000089e+00
3.100000000000000089e+00
1.800000000000000044e+00
4.000000000000000222e-01
-3.000000000000000444e-01
1.600000000000000089e+00
3.399999999999999911e+00
-1.100000000000000089e+00
1.100000000000000089e+00
1.399999999999999911e+00
-4.000000000000000222e-01
1.000000000000000000e+00
1.600000000000000089e+00
1.100000000000000089e+00
1.800000000000000044e+00
5.999999999999999778e-01
1.100000000000000089e+00
1.399999999999999911e+00
1.100000000000000089e+00
1.199999999999999956e+00
1.100000000000000089e+00
1.600000000000000089e+00
1.699999999999999956e+00
1.100000000000000089e+00
9.000000000000000222e-01
1.399999999999999911e+00
-2.000000000000000111e-01
3.399999999999999911e+00
-9.000000000000000222e-01
-1.199999999999999956e+00
1.699999999999999956e+00
1.300000000000000044e+00
-1.300000000000000044e+00
6.999999999999999556e-01
1.000000000000000000e+00
2.200000000000000178e+00
6.999999999999999556e-01
-3.000000000000000444e-01
8.000000000000000444e-01
-4.000000000000000222e-01
9.000000000000000222e-01
1.199999999999999956e+00
1.300000000000000044e+00
8.000000000000000444e-01
1.800000000000000044e+00
-4.000000000000000777e-01
0.000000000000000000e+00
5.000000000000000000e-01
-1.100000000000000089e+00
-2.000000000000000389e-01
1.600000000000000089e+00
1.300000000000000044e+00
2.299999999999999822e+00
2.299999999999999822e+00
3.200000000000000178e+00
1.699999999999999956e+00
3.000000000000000000e+00
2.799999999999999822e+00
1.300000000000000044e+00
5.000000000000000000e-01
1.899999999999999911e+00
2.700000000000000178e+00
1.899999999999999911e+00
1.600000000000000089e+00
9.000000000000000222e-01
1.300000000000000044e+00
1.800000000000000044e+00
1.000000000000000000e+00
1.199999999999999956e+00
2.000000000000000000e+00
2.999999999999999889e-01
1.399999999999999911e+00
8.000000000000000444e-01
1.500000000000000000e+00
4.000000000000000222e-01
1.100000000000000089e+00
4.000000000000000222e-01
9.000000000000000222e-01
8.000000000000000444e-01
5.000000000000000000e-01
2.299999999999999822e+00
3.537700000000002731e+00
1.199999999999999956e+00
1.100000000000000089e+00
8.000000000000000444e-01
4.099999999999999645e+00
1.000000000000000888e-01
5.999999999999999778e-01
2.999999999999999889e-01
1.000000000000000000e+00
1.699999999999999956e+00
2.200000000000000178e+00
1.399999999999999911e+00
1.199999999999999956e+00
1.600000000000000089e+00
1.300000000000000044e+00
1.000000000000000056e-01
1.300000000000000044e+00
-1.100000000000000089e+00
-6.999999999999999556e-01
1.699999999999999956e+00
1.100000000000000089e+00
1.699999999999999956e+00
8.000000000000000444e-01
3.600000000000000089e+00
4.799999999999999822e+00
3.700000000000000178e+00
-4.000000000000000222e-01
2.399999999999999911e+00
-4.999999999999999445e-01
2.999999999999999889e-01
-3.000000000000000444e-01
2.700000000000000178e+00
1.800000000000000044e+00
5.000000000000000000e-01
1.500000000000000000e+00
2.600000000000000089e+00
9.000000000000000222e-01
-1.500000000000000000e+00
1.300000000000000044e+00
-1.999999999999999556e-01
8.000000000000000444e-01
-2.999999999999999889e-01
-2.600000000000000089e+00
1.100000000000000089e+00
1.399999999999999911e+00
2.100000000000000089e+00
6.999999999999999556e-01
2.100000000000000089e+00
-5.000000000000000000e-01
1.399999999999999911e+00
9.999999999999997780e-02
9.000000000000000222e-01
8.000000000000000444e-01
1.899999999999999911e+00
1.199999999999999956e+00
0.000000000000000000e+00
-2.000000000000000111e-01
1.000000000000000000e+00
1.399999999999999911e+00
5.000000000000000000e+00
-1.300000000000000044e+00
0.000000000000000000e+00
-1.800000000000000044e+00
1.300000000000000044e+00
4.000000000000000222e-01
2.000000000000000111e-01
4.000000000000000222e-01
1.300000000000000044e+00
-5.000000000000000000e-01
1.600000000000000089e+00
1.800000000000000044e+00
3.700000000000000178e+00
0.000000000000000000e+00
-9.000000000000000222e-01
-1.000000000000000056e-01
1.699999999999999956e+00
-8.000000000000000444e-01
3.500000000000000000e+00
6.999999999999999556e-01
4.000000000000000222e-01
1.100000000000000089e+00
-4.000000000000000222e-01
2.956100000000001060e+00
-1.700000000000000178e+00
-9.695999999999992403e-01
3.000000000000000000e+00
1.000000000000000056e-01
-4.000000000000000222e-01
-1.399999999999999911e+00
-1.500000000000000000e+00
-9.000000000000000222e-01
1.000000000000000056e-01
-4.000000000000000222e-01
9.000000000000000222e-01
4.500000000000000000e+00
-1.600000000000000089e+00
-2.700000000000000178e+00
2.000000000000000111e-01
2.600000000000000089e+00
1.800000000000000044e+00
-1.000000000000000000e+00
5.999999999999999778e-01
5.000000000000000000e-01
1.300000000000000044e+00
1.899999999999999911e+00
1.300000000000000044e+00
1.899999999999999911e+00
1.399999999999999911e+00
3.000000000000000444e-01
-9.999999999999997780e-02
6.999999999999999556e-01
1.199999999999999956e+00
1.699999999999999956e+00
1.800000000000000044e+00
2.999999999999999889e-01
-6.000000000000000888e-01
0.000000000000000000e+00
-1.800000000000000044e+00
3.000000000000000000e+00
3.399999999999999911e+00
5.299999999999999822e+00
3.899999999999999911e+00
-2.100000000000000089e+00
-5.000000000000000000e-01
3.200000000000000178e+00
-2.000000000000000111e-01
-4.000000000000000222e-01
2.000000000000000000e+00
3.399999999999999911e+00
-9.999999999999997780e-02
2.500000000000000000e+00
5.999999999999999778e-01
2.000000000000000111e-01
2.399999999999999911e+00
1.500000000000000000e+00
2.000000000000000000e+00
6.999999999999999556e-01
5.000000000000000000e-01
5.200000000000000178e+00
3.500000000000000000e+00
1.399999999999999911e+00
2.100000000000000089e+00
0.000000000000000000e+00
9.000000000000000222e-01
-8.000000000000000444e-01
-2.999999999999999889e-01
2.200000000000000178e+00
4.000000000000000222e-01
-2.000000000000000111e-01
2.000000000000000111e-01
1.699999999999999956e+00
1.500000000000000000e+00
1.300000000000000044e+00
5.999999999999999778e-01
1.000000000000000056e-01
-4.000000000000000222e-01
-1.500000000000000000e+00
2.099999999999999645e+00
-2.000000000000000111e-01
-1.699999999999999956e+00
-9.000000000000000222e-01
5.400000000000000355e+00
4.900000000000000355e+00
1.800000000000000044e+00
-1.399999999999999911e+00
-4.000000000000000222e-01
1.800000000000000044e+00
1.600000000000000089e+00
3.000000000000000000e+00
1.000000000000000000e+00
-1.399999999999999911e+00
-2.262999999999986966e-01
2.200000000000000178e+00
1.000000000000000000e+00
8.000000000000000444e-01
2.700000000000000178e+00
1.399999999999999911e+00
6.999999999999999556e-01
8.000000000000000444e-01
-8.000000000000000444e-01
3.600000000000000089e+00
1.199999999999999956e+00
2.200000000000000178e+00
2.100000000000000089e+00
1.800000000000000044e+00
2.100000000000000089e+00
1.000000000000000056e-01
5.000000000000000000e-01
8.000000000000000444e-01
-8.000000000000000444e-01
2.000000000000000000e+00
5.999999999999999778e-01
1.600000000000000089e+00
1.199999999999999956e+00
3.799999999999999822e+00
4.799999999999999822e+00
3.500000000000000000e+00
-1.000000000000000000e+00
-1.699999999999999956e+00
9.000000000000000222e-01
5.099999999999999645e+00
-1.600000000000000089e+00
-1.300000000000000044e+00
1.199999999999999956e+00
6.999999999999999556e-01
8.000000000000000444e-01
2.899999999999999911e+00
1.000000000000000333e-01
1.899999999999999911e+00
2.000000000000000000e+00
2.299999999999999822e+00
4.299999999999999822e+00
5.000000000000000000e+00
5.200000000000000178e+00
1.000000000000000000e+00
-2.000000000000000111e-01
-1.699999999999999956e+00
-1.000000000000000333e-01
1.000000000000000333e-01
-5.000000000000000000e-01
4.000000000000000222e-01
-1.500000000000000000e+00
-1.100000000000000089e+00
1.899999999999999911e+00
1.599999999999999867e+00
1.300000000000000044e+00
-6.999999999999999556e-01
2.899999999999999911e+00
-1.199999999999999956e+00
-1.800000000000000044e+00
3.799999999999999822e+00
-6.999999999999999556e-01
4.799999999999999822e+00
6.999999999999999556e-01
3.100000000000000089e+00
8.000000000000000444e-01
-1.700000000000000178e+00
-2.000000000000000111e-01
5.599999999999999645e+00
5.999999999999999778e-01
3.100000000000000089e+00
-1.500000000000000000e+00
2.299999999999999822e+00
-1.500000000000000000e+00
3.000000000000000000e+00
-1.000000000000000000e+00
5.200000000000000178e+00
5.099999999999999645e+00
1.300000000000000044e+00
6.999999999999999556e-01
-1.600000000000000089e+00
-3.000000000000000444e-01
1.300000000000000044e+00
3.000000000000000444e-01
2.899999999999999911e+00
-1.899999999999999911e+00
1.300000000000000044e+00
1.600000000000000089e+00
4.000000000000000222e-01
2.100000000000000089e+00
8.000000000000000444e-01
-8.000000000000000444e-01
1.800000000000000044e+00
1.399999999999999911e+00
1.300000000000000044e+00
1.699999999999999956e+00
1.300000000000000044e+00
6.999999999999999556e-01
-1.399999999999999911e+00
2.500000000000000000e+00
2.299999999999999822e+00
4.500000000000000000e+00
-2.100000000000000089e+00
1.600000000000000089e+00
1.399999999999999911e+00
9.000000000000000222e-01
8.999999999999999112e-01
-9.000000000000001332e-01
2.600000000000000089e+00
2.200000000000000178e+00
5.000000000000000000e+00
4.500000000000000000e+00
3.799999999999999822e+00
5.000000000000000000e+00
5.299999999999999822e+00
2.000000000000000000e+00
2.899999999999999911e+00
2.000000000000000000e+00
1.100000000000000089e+00
1.899999999999999911e+00
1.500000000000000000e+00
1.300000000000000044e+00
1.000000000000000056e-01
-1.100000000000000089e+00
5.999999999999999778e-01
5.000000000000000000e-01
-6.999999999999999556e-01
4.500000000000000000e+00
2.950000000000000178e+00
4.700000000000000178e+00
1.399999999999999911e+00
1.899999999999999911e+00
1.500000000000000000e+00
1.699999999999999956e+00
1.500000000000000000e+00
1.100000000000000089e+00
2.200000000000000178e+00
8.000000000000000444e-01
1.500000000000000000e+00
2.600000000000000089e+00
1.800000000000000044e+00
-9.999999999999997780e-02
2.100000000000000089e+00
2.500000000000000000e+00
2.799999999999999822e+00
2.100000000000000089e+00
2.000000000000000666e-01
4.400000000000000355e+00
2.000000000000000000e+00
8.000000000000000444e-01
2.299999999999999822e+00
2.799999999999999822e+00
1.000000000000000000e+00
2.200000000000000178e+00
1.100000000000000089e+00
3.399999999999999911e+00
2.600000000000000089e+00
-2.000000000000000111e-01
-1.000000000000000056e-01
-2.500000000000000000e+00
9.999999999999997780e-02
4.099999999999999645e+00
4.200000000000000178e+00
4.000000000000000000e+00
1.500000000000000000e+00
4.099999999999999645e+00
3.899999999999999911e+00
3.100000000000000089e+00
4.700000000000000178e+00
4.400000000000000355e+00
3.299999999999999822e+00
3.799999999999999822e+00
2.200000000000000178e+00
1.899999999999999911e+00
1.600000000000000089e+00
1.899999999999999911e+00
3.600000000000000089e+00
1.199999999999999956e+00
1.199999999999999956e+00
3.500000000000000000e+00
3.000000000000000000e+00
1.199999999999999956e+00
3.299999999999999822e+00
3.000000000000000444e-01
9.000000000000000222e-01
2.700000000000000178e+00
1.300000000000000044e+00
3.200000000000000178e+00
1.899999999999999911e+00
3.700000000000000178e+00
1.100000000000000089e+00
1.899999999999999911e+00
-1.000000000000000056e-01
1.399999999999999911e+00
-2.000000000000000111e-01
1.199999999999999956e+00
-2.999999999999999889e-01
3.000000000000000000e+00
2.500000000000000000e+00
1.199999999999999956e+00
1.899999999999999911e+00
-8.000000000000000444e-01
1.600000000000000089e+00
1.199999999999999956e+00
2.200000000000000178e+00
3.000000000000000000e+00
1.000000000000000000e+00
8.000000000000000444e-01
2.299999999999999822e+00
-8.000000000000000444e-01
1.399999999999999911e+00
6.999999999999999556e-01
2.299999999999999822e+00
5.999999999999999778e-01
2.000000000000000000e+00
4.000000000000000000e+00
4.099999999999999645e+00
2.200000000000000178e+00
1.600000000000000089e+00
-5.999999999999999778e-01
2.799999999999999822e+00
2.000000000000000000e+00
3.500000000000000000e+00
3.000000000000000000e+00
2.899999999999999911e+00
1.600000000000000089e+00
1.100000000000000089e+00
1.100000000000000089e+00
1.800000000000000044e+00
4.000000000000000222e-01
5.200000000000000178e+00
4.700000000000000178e+00
3.600000000000000089e+00
5.000000000000000000e+00
2.700000000000000178e+00
3.899999999999999911e+00
1.300000000000000044e+00
1.500000000000000000e+00
4.299999999999999822e+00
3.100000000000000089e+00
3.700000000000000178e+00
-1.000000000000000056e-01
-1.199999999999999956e+00
-1.800000000000000044e+00
-1.500000000000000000e+00
4.000000000000000777e-01
1.000000000000000056e-01
-5.999999999999999778e-01
-5.000000000000000000e-01
9.000000000000000222e-01
6.999999999999999556e-01
2.500000000000000000e+00
3.399999999999999911e+00
2.700000000000000178e+00
1.000000000000000000e+00
2.299999999999999822e+00
2.799999999999999822e+00
9.000000000000000222e-01
1.000000000000000333e-01
3.399999999999999911e+00
4.099999999999999645e+00
5.000000000000000000e-01
1.699999999999999956e+00
1.899999999999999911e+00
1.000000000000000000e+00
9.000000000000000222e-01
1.399999999999999911e+00
5.000000000000000000e-01
1.000000000000000000e+00
0.000000000000000000e+00
1.399999999999999911e+00
2.500000000000000000e+00
1.500000000000000000e+00
1.100000000000000089e+00
2.100000000000000089e+00
1.600000000000000089e+00
1.300000000000000044e+00
9.000000000000000222e-01
3.000000000000000000e+00
2.500000000000000000e+00
2.399999999999999911e+00
-1.000000000000000056e-01
2.200000000000000178e+00
-6.999999999999999556e-01
1.600000000000000089e+00
8.000000000000000444e-01
2.999999999999999889e-01
2.999999999999999889e-01
5.000000000000000000e-01
2.899999999999999911e+00
-2.000000000000000111e-01
-2.000000000000000111e-01
1.600000000000000089e+00
1.899999999999999911e+00
-3.000000000000000444e-01
1.100000000000000089e+00
1.699999999999999956e+00
5.999999999999999778e-01
-2.000000000000000111e-01
-4.000000000000000222e-01
4.000000000000000000e+00
4.400000000000000355e+00
1.199999999999999956e+00
-9.000000000000000222e-01
-8.000000000000000444e-01
1.500000000000000000e+00
2.899999999999999911e+00
5.000000000000000000e-01
-1.100000000000000089e+00
1.100000000000000089e+00
1.699999999999999956e+00
9.000000000000000222e-01
1.899999999999999911e+00
1.100000000000000089e+00
4.000000000000000222e-01
3.799999999999999822e+00
4.000000000000000000e+00
1.699999999999999956e+00
1.500000000000000000e+00
-1.000000000000000000e+00
2.200000000000000178e+00
3.299999999999999822e+00
0.000000000000000000e+00
2.299999999999999822e+00
2.000000000000000111e-01
1.699999999999999956e+00
2.200000000000000178e+00
0.000000000000000000e+00
5.599999999999999645e+00
1.600000000000000089e+00
1.699999999999999956e+00
9.000000000000000222e-01
1.300000000000000044e+00
8.000000000000000444e-01
5.000000000000000000e+00
4.500000000000000000e+00
3.399999999999999911e+00
2.100000000000000089e+00
2.000000000000001776e-01
8.000000000000000444e-01
2.899999999999999911e+00
2.299999999999999822e+00
4.500000000000000000e+00
3.500000000000000000e+00
2.500000000000000000e+00
4.400000000000000355e+00
5.099999999999999645e+00
3.500000000000000000e+00
2.600000000000000089e+00
3.500000000000000000e+00
3.100000000000000089e+00
5.999999999999999778e-01
4.000000000000000222e-01
-2.000000000000000111e-01
2.500000000000000000e+00
-2.000000000000000111e-01
1.600000000000000089e+00
2.100000000000000089e+00
1.856800000000001560e+00
2.600000000000000089e+00
1.199999999999999956e+00
1.199999999999999956e+00
2.700000000000000178e+00
2.399999999999999911e+00
1.300000000000000044e+00
6.999999999999999556e-01
1.300000000000000044e+00
1.100000000000000089e+00
1.100000000000000089e+00
-3.000000000000000444e-01
-9.000000000000000222e-01
-1.300000000000000044e+00
-1.000000000000000056e-01
-2.000000000000000111e-01
8.000000000000000444e-01
1.000000000000000888e-01
8.000000000000000444e-01
9.000000000000000222e-01
3.399999999999999911e+00
2.100000000000000089e+00
2.200000000000000178e+00
1.300000000000000044e+00
-1.800000000000000044e+00
5.200000000000000178e+00
4.900000000000000355e+00
5.200000000000000178e+00
1.100000000000000089e+00
1.600000000000000089e+00
6.999999999999999556e-01
1.100000000000000089e+00
9.000000000000000222e-01
1.600000000000000089e+00
4.200000000000000178e+00
8.000000000000000444e-01
-1.500000000000000000e+00
4.799999999999999822e+00
1.300000000000000044e+00
8.000000000000000444e-01
2.999999999999999889e-01
1.199999999999999956e+00
2.000000000000000111e-01
5.999999999999999778e-01
2.200000000000000178e+00
9.000000000000000222e-01
2.000000000000000000e+00
1.899999999999999911e+00
5.200000000000000178e+00
4.500000000000000000e+00
3.000000000000000000e+00
3.500000000000000000e+00
2.200000000000000178e+00
-6.999999999999999556e-01
-1.800000000000000044e+00
3.100000000000000089e+00
2.899999999999999911e+00
4.200000000000000178e+00
3.000000000000000000e+00
3.500000000000000000e+00
2.399999999999999911e+00
-5.999999999999999778e-01
8.000000000000000444e-01
-8.000000000000000444e-01
9.000000000000000222e-01
3.200000000000000178e+00
-1.800000000000000044e+00
2.200000000000000178e+00
-2.100000000000000089e+00
3.100000000000000089e+00
3.700000000000000178e+00
6.999999999999999556e-01
2.600000000000000089e+00
-2.000000000000000000e+00
4.599999999999999645e+00
-2.999999999999999889e-01
2.000000000000000666e-01
5.000000000000000000e-01
5.200000000000000178e+00
0.000000000000000000e+00
2.600000000000000089e+00
-1.382299999999998308e+00
5.099999999999999645e+00
4.700000000000000178e+00
1.000000000000000000e+00
1.300000000000000044e+00
4.099999999999999645e+00
8.000000000000000444e-01
1.100000000000000089e+00
5.000000000000000000e-01
5.200000000000000178e+00
5.299999999999999822e+00
9.000000000000000222e-01
1.500000000000000000e+00
3.100000000000000089e+00
3.899999999999999911e+00
-1.100000000000000089e+00
3.000000000000000000e+00
-2.100000000000000089e+00
-1.100000000000000089e+00
-1.399999999999999911e+00
-2.000000000000000111e-01
-2.299999999999999822e+00
